0 1 8 0.0
0 2 3 0.0
0 3 7 -0.693148294224304
0 3 14 -0.6931460668968269
0 4 1 0.0
0 5 5 -0.2632084571650501
0 5 13 -1.4635282290559415
0 6 17 -0.6931469416687723
0 6 11 -0.6931474194511756
1 0 0 0.0
1 2 3 0.0
1 3 7 0.0
1 4 9 -0.15567257339173796
1 4 15 -1.9368271086150965
1 5 5 -0.6931469850017066
1 5 13 -0.6931473761182222
1 6 17 -1.5592706251816046
1 6 11 -0.23608872350459684
2 0 2 0.0
2 1 8 0.0
2 3 7 -0.6931493308237768
2 3 14 -0.6931450303007374
2 4 1 0.0
2 5 5 -1.5861795057945345
2 5 13 -0.22904367098424253
2 6 17 -0.6931469603800988
2 6 11 -0.6931474007398403
3 0 0 0.0
3 1 6 0.0
3 2 3 0.0
3 4 9 -0.749771482443522
3 4 15 -0.6395580908675432
3 5 5 -0.6931473642966576
3 5 13 -0.6931469968232667
3 6 17 -1.1329170335975036
3 6 11 -0.38874418111681375
4 0 0 0.0
4 1 8 0.0
4 2 3 0.0
4 3 7 -0.9898097134309104
4 3 14 -0.46465381116118454
4 5 5 -0.6931469609299081
4 5 13 -0.6931474001900304
4 6 17 -0.2708865347842514
4 6 11 -1.4384428916846002
5 0 4 0.0
5 1 8 0.0
5 2 3 -1.6305255809878654
5 2 12 -0.2179403916628544
5 3 7 -0.6931494019777733
5 3 14 -0.6931449591470519
5 4 1 0.0
5 6 17 -0.6931469573786888
5 6 11 -0.6931474037412515
6 0 0 0.0
6 1 8 -1.4841360033630935
6 1 10 -0.2570857794667004
6 2 3 0.0
6 3 7 -0.9182495569909246
6 3 14 -0.5095218687767263
6 4 16 0.0
6 5 5 -0.6931468701490714
6 5 13 -0.6931474909709154
