0 1 8 0.0
0 2 3 0.0
0 3 7 -0.6931487968104627
0 3 14 -0.6931455643120401
0 4 1 0.0
0 5 5 -0.28211671833157864
0 5 13 -1.4031787113189524
0 6 17 -0.6931460520041252
0 6 11 -0.6931483091170388
1 0 0 0.0
1 2 3 0.0
1 3 7 0.0
1 4 9 -0.17307683663948853
1 4 15 -1.8393102207679233
1 5 5 -0.6931461636846414
1 5 13 -0.6931481974362833
1 6 17 -1.562106910659271
1 6 11 -0.2353348128570285
2 0 2 0.0
2 1 8 0.0
2 3 7 -0.6931493888909701
2 3 14 -0.6931449722337972
2 4 1 0.0
2 5 5 -1.747373521020616
2 5 13 -0.1914401534761588
2 6 17 -0.6931460658322225
2 6 11 -0.6931482952889104
3 0 0 0.0
3 1 6 0.0
3 2 3 0.0
3 4 9 -0.5724693541568319
3 4 15 -0.8304128027913326
3 5 5 -0.6931464807470792
3 5 13 -0.6931478803733012
3 6 17 -1.0550832176802045
3 6 11 -0.4279614428798942
4 0 0 0.0
4 1 8 0.0
4 2 3 0.0
4 3 7 -0.6985248644976209
4 3 14 -0.6877982614874012
4 5 5 -0.6931459471522187
4 5 13 -0.6931484139691936
4 6 17 -0.2629896042209731
4 6 11 -1.4642554226917428
5 0 4 0.0
5 1 8 0.0
5 2 3 -1.6336299328267736
5 2 12 -0.21718589866992616
5 3 7 -0.693149501154146
5 3 14 -0.6931448599711301
5 4 1 0.0
5 6 17 -0.6931460473432166
5 6 11 -0.6931483137779585
6 0 0 0.0
6 1 8 -1.5329904930642944
6 1 10 -0.24320479693482988
6 2 3 0.0
6 3 7 -0.7241242015062588
6 3 14 -0.663100973782621
6 4 16 0.0
6 5 5 -0.693145721220453
6 5 13 -0.6931486399015674
