0 1 8 0.0
0 2 3 0.0
0 3 7 -0.362994252969509
0 3 14 -1.1893812180978354
0 4 1 0.0
0 5 5 -0.4899278171287357
0 5 13 -0.9484798288599394
0 6 17 -0.23784369445394382
0 6 11 -1.5527074568138142
1 0 0 0.0
1 2 3 0.0
1 3 7 0.0
1 4 9 -0.36294994726214264
1 4 15 -1.1894824661274155
1 5 5 -0.6876705344320478
1 5 13 -0.6986539855860624
1 6 17 -1.2900565674699107
1 6 11 -0.32193570287014517
2 0 2 0.0
2 1 8 0.0
2 3 7 -0.3629953049915273
2 3 14 -1.189378814181338
2 4 1 0.0
2 5 5 -1.6658503368144446
2 5 13 -0.20952403267170294
2 6 17 -0.23784368504113493
2 6 11 -1.5527074918694082
3 0 0 0.0
3 1 6 0.0
3 2 3 0.0
3 4 9 -0.36297488337992445
3 4 15 -1.1894254799450714
3 5 5 -0.6785616788571864
3 5 13 -0.7079485718646978
3 6 17 -1.1858822262427802
3 6 11 -0.3645293681062732
4 0 0 0.0
4 1 8 0.0
4 2 3 0.0
4 3 7 -0.36297619076841475
4 3 14 -1.1894224923161272
4 5 5 -0.5447088605379373
4 5 13 -0.8675258602661081
4 6 17 -0.2378419188273578
4 6 11 -1.5527140697074429
5 0 4 0.0
5 1 8 0.0
5 2 3 -1.6638514670023836
5 2 12 -0.20999052601031848
5 3 7 -0.3629968796900362
5 3 14 -1.1893752159416378
5 4 1 0.0
5 6 17 -0.23784366002381777
5 6 11 -1.5527075850400005
6 0 0 0.0
6 1 8 -1.2900751880068695
6 1 10 -0.32192863095449215
6 2 3 0.0
6 3 7 -0.09762620267745725
6 3 14 -2.375025364603214
6 4 16 0.0
6 5 5 -0.6885414492175581
6 5 13 -0.6977742228538946
