0 1 8 0.0
0 2 3 0.0
0 3 7 -0.693147288814392
0 3 14 -0.6931470723055104
0 4 1 0.0
0 5 5 -0.3926833044775177
0 5 13 -1.1246767138338831
0 6 17 -0.6931470835486018
0 6 11 -0.6931472775712985
1 0 0 0.0
1 2 3 0.0
1 3 7 0.0
1 4 9 -0.3145753075787883
1 4 15 -1.3096995940763545
1 5 5 -0.693147091522278
1 5 13 -0.6931472695976204
1 6 17 -1.424520782209789
1 6 11 -0.27525790210181783
2 0 2 0.0
2 1 8 0.0
2 3 7 -0.6931473401502738
2 3 14 -0.6931470209696422
2 4 1 0.0
2 5 5 -1.4351442266279715
2 5 13 -0.2719150595462401
2 6 17 -0.6931471254029341
2 6 11 -0.6931472357169597
3 0 0 0.0
3 1 6 0.0
3 2 3 0.0
3 4 9 -0.8054765363386104
3 4 15 -0.5921711252251701
3 5 5 -0.6931475109205176
3 5 13 -0.6931468501994821
3 6 17 -0.9951717221218364
3 6 11 -0.4614958596522738
4 0 0 0.0
4 1 8 0.0
4 2 3 0.0
4 3 7 -0.7730010053669134
4 3 14 -0.6192011364067633
4 5 5 -0.6931470657395554
4 5 13 -0.6931472953803486
4 6 17 -0.397152463966624
4 6 11 -1.115447794033824
5 0 4 0.0
5 1 8 0.0
5 2 3 -1.492057842538506
5 2 12 -0.2547752899775811
5 3 7 -0.6931473410176682
5 3 14 -0.6931470201022482
5 4 1 0.0
5 6 17 -0.6931471191608216
5 6 11 -0.6931472419590727
6 0 0 0.0
6 1 8 -1.3547814587942386
6 1 10 -0.29841098559094403
6 2 3 0.0
6 3 7 -0.6711834886921813
6 3 14 -0.7156041302243663
6 4 16 0.0
6 5 5 -0.6931470566986295
6 5 13 -0.6931473044212764
