0 1 8 0.0
0 2 3 0.0
0 3 7 -1.6404053167121606
0 3 14 -0.2155492547083737
0 4 1 0.0
0 5 5 -0.09959938919406003
0 5 13 -2.3559856408306246
0 6 17 -4.354600035344599E-5
0 6 11 -10.041714472138047
1 0 0 0.0
1 2 3 0.0
1 3 7 0.0
1 4 9 -0.17853745996865222
1 4 15 -1.8108977715890215
1 5 5 -0.6931321725053489
1 5 13 -0.6931621888397869
1 6 17 -2.8021981125053532
1 6 11 -0.06259538844753397
2 0 2 0.0
2 1 8 0.0
2 3 7 -1.6403679024053877
2 3 14 -0.2155582546699722
2 4 1 0.0
2 5 5 -3.242297651912582
2 5 13 -0.03985789004178726
2 6 17 -5.497079613757419E-5
2 6 11 -9.808735978341009
3 0 0 0.0
3 1 6 0.0
3 2 3 0.0
3 4 9 -0.3615216188911742
3 4 15 -1.192754419236527
3 5 5 -0.6931366341242853
3 5 13 -0.6931577271068337
3 6 17 -1.9618470724126267
3 6 11 -0.1515190451939783
4 0 0 0.0
4 1 8 0.0
4 2 3 0.0
4 3 7 -0.30456353461084607
4 3 14 -1.3372953557271294
4 5 5 -0.6318192848773562
4 5 13 -0.7584833437800944
4 6 17 -4.0656916607506E-6
4 6 11 -12.412928712035757
5 0 4 0.0
5 1 8 0.0
5 2 3 -3.3847362793398648
5 2 12 -0.034474037333003436
5 3 7 -1.6403713766923333
5 3 14 -0.21555741891728644
5 4 1 0.0
5 6 17 -5.49438988340657E-5
5 6 11 -9.809225386328455
6 0 0 0.0
6 1 8 -2.827266340555324
6 1 10 -0.0609974864488663
6 2 3 0.0
6 3 7 -0.36154475748452825
6 3 14 -1.192701291634862
6 4 16 0.0
6 5 5 -0.6522746835662445
6 5 13 -0.735761691864588
