0 1 8 0.0
0 2 3 0.0
0 3 7 -0.6931474304014248
0 3 14 -0.6931469307185283
0 4 1 0.0
0 5 5 -0.3179044950906023
0 5 13 -1.300749090033574
0 6 17 -0.693147030073359
0 6 11 -0.6931473310465543
1 0 0 0.0
1 2 3 0.0
1 3 7 0.0
1 4 9 -0.20720948387199245
1 4 15 -1.6758413892335065
1 5 5 -0.6931471026833168
1 5 13 -0.69314725843658
1 6 17 -2.209911125732043
1 6 11 -0.11620847425685815
2 0 2 0.0
2 1 8 0.0
2 3 7 -0.6931474479378316
2 3 14 -0.6931469131821303
2 4 1 0.0
2 5 5 -1.5186857184565767
2 5 13 -0.2471795208530064
2 6 17 -0.6931470569153437
2 6 11 -0.6931473042045619
3 0 0 0.0
3 1 6 0.0
3 2 3 0.0
3 4 9 -0.4562508456682741
3 4 15 -1.0041794051636594
3 5 5 -0.6931470918386312
3 5 13 -0.6931472692812672
3 6 17 -1.4642325807202787
3 6 11 -0.2629964754894936
4 0 0 0.0
4 1 8 0.0
4 2 3 0.0
4 3 7 -0.4901908105159818
4 3 14 -0.9480639718518906
4 5 5 -0.6931470922843794
4 5 13 -0.6931472688355187
4 6 17 -0.10793505281991718
4 6 11 -2.279707753403363
5 0 4 0.0
5 1 8 0.0
5 2 3 -1.662298675158271
5 2 12 -0.21035370903988757
5 3 7 -0.6931474485992002
5 3 14 -0.693146912520762
5 4 1 0.0
5 6 17 -0.6931470552456991
5 6 11 -0.6931473058742075
6 0 0 0.0
6 1 8 -2.1626910369014025
6 1 10 -0.12218480257487739
6 2 3 0.0
6 3 7 -0.40079441017036704
6 3 14 -1.1080196447107022
6 4 16 0.0
6 5 5 -0.6931470891884343
6 5 13 -0.6931472719314645
