0 1 8 0.0
0 2 3 0.0
0 3 7 -0.6931518843635481
0 3 14 -0.6931424767784682
0 4 1 0.0
0 5 5 -0.20915091025159016
0 5 13 -1.667452677077777
0 6 17 -0.6931477093110444
0 6 11 -0.6931466518091258
1 0 0 0.0
1 2 3 0.0
1 3 7 0.0
1 4 9 -0.1326234748035399
1 4 15 -2.085820152554908
1 5 5 -0.6931466937355316
1 5 13 -0.6931476673845962
1 6 17 -1.8864625180268753
1 6 11 -0.16441150634139098
2 0 2 0.0
2 1 8 0.0
2 3 7 -0.6931514314468348
2 3 14 -0.6931429296911257
2 4 1 0.0
2 5 5 -2.1659124466007165
2 5 13 -0.12176689977383486
2 6 17 -0.6931472561200178
2 6 11 -0.6931471049998782
3 0 0 0.0
3 1 6 0.0
3 2 3 0.0
3 4 9 -0.5253005900097377
3 4 15 -0.8949637166953512
3 5 5 -0.6931461528062348
3 5 13 -0.693148208314712
3 6 17 -1.1791618908077053
3 6 11 -0.3674995761448536
4 0 0 0.0
4 1 8 0.0
4 2 3 0.0
4 3 7 -0.5696365804020228
4 3 14 -0.8340911190949468
4 5 5 -0.6931464959499309
4 5 13 -0.6931478651704283
4 6 17 -0.1343861704856031
4 6 11 -2.073478467699776
5 0 4 0.0
5 1 8 0.0
5 2 3 -2.379144683667631
5 2 12 -0.09720472184963408
5 3 7 -0.6931516210201987
5 3 14 -0.6931427401194096
5 4 1 0.0
5 6 17 -0.6931472710841659
5 6 11 -0.6931470900357326
6 0 0 0.0
6 1 8 -1.949408753845669
6 1 10 -0.15356876720397697
6 2 3 0.0
6 3 7 -0.5783297899977681
6 3 14 -0.8228784788099982
6 4 16 0.0
6 5 5 -0.6931461021371185
6 5 13 -0.6931482589839353
