0 1 8 0.0
0 2 3 0.0
0 3 7 -0.9050972581847293
0 3 14 -0.5183581588892209
0 4 1 0.0
0 5 5 -0.11028830273442979
0 5 13 -2.259294797722353
0 6 17 -1.3105786190168868E-4
0 6 11 -8.939937166590001
1 0 0 0.0
1 2 3 0.0
1 3 7 0.0
1 4 9 -0.24917890166203635
1 4 15 -1.5115878595062466
1 5 5 -0.6931385502541758
1 5 13 -0.6931558109401976
1 6 17 -4.949392779035142
1 6 11 -0.007112948576038405
2 0 2 0.0
2 1 8 0.0
2 3 7 -0.9051009272123497
2 3 14 -0.5183556666427688
2 4 1 0.0
2 5 5 -3.0378106196128805
2 5 13 -0.049126940514183745
2 6 17 -1.5065670617855014E-4
2 6 11 -8.8005821058264
3 0 0 0.0
3 1 6 0.0
3 2 3 0.0
3 4 9 -0.4562541007895054
3 4 15 -1.0041737749148405
3 5 5 -0.6931457327142061
3 5 13 -0.6931486284077807
3 6 17 -3.31297227605346
3 6 11 -0.037087101616778625
4 0 0 0.0
4 1 8 0.0
4 2 3 0.0
4 3 7 -0.4562542823377655
4 3 14 -1.004173460899782
4 5 5 -0.6796084412689356
4 5 13 -0.7068717359048844
4 6 17 -4.688986423657709E-6
4 6 11 -12.270296457705127
5 0 4 0.0
5 1 8 0.0
5 2 3 -3.1705092101752705
5 2 12 -0.0428889361405281
5 3 7 -0.9050998727365945
5 3 14 -0.5183563829109364
5 4 1 0.0
5 6 17 -1.508158147706617E-4
5 6 11 -8.799526642364087
6 0 0 0.0
6 1 8 -4.9064385016620795
6 1 10 -0.0074262990747339325
6 2 3 0.0
6 3 7 -0.1256747092318636
6 3 14 -2.1362377354121054
6 4 16 0.0
6 5 5 -0.6835279582846224
6 5 13 -0.7028598317129959
