0 1 8 0.0
0 2 3 0.0
0 3 7 -0.7042208665283124
0 3 14 -0.682194779269875
0 4 1 0.0
0 5 5 -0.08497999567826492
0 5 13 -2.5075285111105377
0 6 17 -3.3974748462452874E-5
0 6 11 -10.289909988883352
1 0 0 0.0
1 2 3 0.0
1 3 7 0.0
1 4 9 -0.19201914870378356
1 4 15 -1.7446339188238793
1 5 5 -0.6931064221175615
1 5 13 -0.6931879406636476
1 6 17 -1.6531598415634818
1 6 11 -0.212505361915242
2 0 2 0.0
2 1 8 0.0
2 3 7 -0.7042168597269984
2 3 14 -0.6821986987974173
2 4 1 0.0
2 5 5 -3.489971429339154
2 5 13 -0.030976602768031384
2 6 17 -4.248908793458393E-5
2 6 11 -10.066284513951096
3 0 0 0.0
3 1 6 0.0
3 2 3 0.0
3 4 9 -0.30201516852016014
3 4 15 -1.3444879564816443
3 5 5 -0.6931257097405923
3 5 13 -0.6931686518403043
3 6 17 -1.5435006412303267
3 6 11 -0.24033032915610686
4 0 0 0.0
4 1 8 0.0
4 2 3 0.0
4 3 7 -0.3020097234467088
4 3 14 -1.344503400078559
4 5 5 -0.5001008669009567
4 5 13 -0.9325966637630928
4 6 17 -6.2943131510160555E-6
4 6 11 -11.97586715382594
5 0 4 0.0
5 1 8 0.0
5 2 3 -3.671704792832052
5 2 12 -0.025762085987989406
5 3 7 -0.7042165220406131
5 3 14 -0.6821990291299372
5 4 1 0.0
5 6 17 -4.261117991718306E-5
5 6 11 -10.06341520526501
6 0 0 0.0
6 1 8 -1.8443638333855041
6 1 10 -0.1721247810318706
6 2 3 0.0
6 3 7 -0.411099327149793
6 3 14 -1.0874381988011548
6 4 16 0.0
6 5 5 -0.6371197249811232
6 5 13 -0.7525010013461947
