0 1 8 0.0
0 2 3 0.0
0 3 7 -0.404304802124824
0 3 14 -1.1009369473921777
0 4 1 0.0
0 5 5 -0.21807435654993343
0 5 13 -1.6299756345154104
0 6 17 -0.2826210467869987
0 6 11 -1.4016329611499252
1 0 0 0.0
1 2 3 0.0
1 3 7 0.0
1 4 9 -0.2620675994034028
1 4 15 -1.4673265884516302
1 5 5 -0.6931460085189953
1 5 13 -0.6931483526022691
1 6 17 -3.618627470674041
1 6 11 -0.027185665950687905
2 0 2 0.0
2 1 8 0.0
2 3 7 -0.4043103199762835
2 3 14 -1.100925873255003
2 4 1 0.0
2 5 5 -2.079785275779729
2 5 13 -0.1334822973968422
2 6 17 -0.2826378489920827
2 6 11 -1.4015815174541282
3 0 0 0.0
3 1 6 0.0
3 2 3 0.0
3 4 9 -0.5172448601199421
3 4 15 -0.9067384845951141
3 5 5 -0.6931482081249963
3 5 13 -0.6931461529959505
3 6 17 -2.722714160518557
3 6 11 -0.06795362831735631
4 0 0 0.0
4 1 8 0.0
4 2 3 0.0
4 3 7 -0.529731271828259
4 3 14 -0.8885859912038042
4 5 5 -0.6932368296577147
4 5 13 -0.6930575394984159
4 6 17 -0.02086782873282104
4 6 11 -3.8799623710276157
5 0 4 0.0
5 1 8 0.0
5 2 3 -2.3825291752057027
5 2 12 -0.09685985624281666
5 3 7 -0.40431005909209516
5 3 14 -1.100926396836414
5 4 1 0.0
5 6 17 -0.2826304219211692
5 6 11 -1.4016042566541482
6 0 0 0.0
6 1 8 -4.260328607667206
6 1 10 -0.014218264639936843
6 2 3 0.0
6 3 7 -0.13479612038982514
6 3 14 -2.0706329531194902
6 4 16 0.0
6 5 5 -0.6933183326379779
6 5 13 -0.6929760577699338
