0 1 32 -0.4622663969630122
0 1 56 -0.9938591783386505
0 2 20 -0.5028287888393236
0 2 10 -0.9284071830188475
0 3 43 0.0
0 4 6 0.0
0 5 59 0.0
0 6 35 -0.02267450253042002
0 6 45 -3.7978300514890515
0 7 65 -0.45008380820193306
0 7 25 -1.0149369373578034
0 8 49 -1.5942412489272462
0 8 40 -0.22697907753534746
0 9 18 -0.0011279998436216582
0 9 54 -10.249245861080137
0 9 63 -6.819762977322954
0 10 61 0.0
0 11 5 -1.6099613347992212
0 11 13 -0.22301273851969342
0 12 1 -1.1152927573005225
0 12 2 -0.3972280659159753
0 13 51 -13.212990391369043
0 13 23 -0.37969905068321713
0 13 29 -12.77226310018732
0 13 15 -1.1522406639030334
0 14 9 -1.6484722095242499
0 14 46 -0.21361849019748694
0 15 53 0.0
0 16 39 -0.9524669413448481
0 16 31 -0.487415348272261
0 17 17 -0.6691597380671633
0 17 37 -0.8614981530281618
0 17 27 -2.7282629563865184
1 0 34 -12.364245549290326
1 0 52 -0.4640136599877517
1 0 42 -0.990904462263085
1 2 20 -0.09151291808412171
1 2 10 -2.4366826765521834
1 3 57 -0.12442655559879066
1 3 14 -2.1456079310307747
1 4 6 0.0
1 5 24 -0.6883653764618136
1 5 59 -0.9163473756812692
1 5 44 -2.3266111275028285
1 6 28 0.0
1 7 65 -1.1976044366164376
1 7 50 -0.35941670866194003
1 8 49 -0.40831065112639603
1 8 40 -1.0929453793764814
1 9 0 -0.6492240265781248
1 9 18 -0.7395110449171813
1 9 63 -8.508666934997265
1 10 55 -0.5246551132593428
1 10 61 -0.8958986194227653
1 11 5 -0.2012959772969499
1 11 13 -1.701939152265898
1 12 2 0.0
1 13 23 0.0
1 14 9 -0.4877454431740483
1 14 46 -0.951941623197563
1 15 33 0.0
1 16 39 -1.9758495948998949
1 16 31 -0.14924677362738945
1 17 17 -1.2143369553952779
1 17 37 -0.6419898863194063
1 17 27 -1.73245916950947
2 0 58 0.0
2 1 32 -0.8214310712559625
2 1 22 -1.454778550060859
2 1 56 -1.1185717775815298
2 3 43 -0.42580082004236847
2 3 14 -1.059140961043329
2 4 6 0.0
2 5 21 0.0
2 6 64 -1.3831656462930157
2 6 35 -4.597504729136743
2 6 12 -1.0595808329480332
2 6 28 -8.16125717038713
2 6 45 -0.9358480341986105
2 7 25 0.0
2 8 49 -2.254419182207871
2 8 36 -0.11823327220870745
2 8 40 -5.0242134439546335
2 9 0 -1.849285250542293
2 9 18 -1.8481062621747832
2 9 54 -1.0559203216203816
2 9 63 -1.0869513379164182
2 10 61 0.0
2 11 5 -0.5626893788200725
2 11 11 -0.8432143795023238
2 12 2 0.0
2 13 51 0.0
2 14 9 0.0
2 15 53 0.0
2 16 39 -0.07576966740459824
2 16 31 -2.617702867629351
2 17 17 -5.261673752560615
2 17 27 -2.375488595591174
2 17 47 -0.10331335716100788
3 0 42 0.0
3 1 56 0.0
3 2 20 -0.49725468458927624
3 2 10 -0.9369988357857285
3 4 6 0.0
3 5 59 0.0
3 6 35 -0.2985689436776795
3 6 28 -1.465844512932627
3 6 45 -3.6031443407772983
3 7 65 -0.6090675389203741
3 7 50 -2.361382675678191
3 7 25 -1.01651866338307
3 8 49 -1.5658469068118104
3 8 40 -0.23434481447522632
3 9 0 -0.6459695216944356
3 9 18 -0.7430211353808938
3 9 63 -8.672572167878078
3 10 55 -0.2178630196449731
3 10 61 -1.6308433764446768
3 11 5 -1.660651170754356
3 11 13 -0.21073980613554127
3 12 2 0.0
3 13 23 -1.6048363800408973
3 13 15 -0.22429725049449198
3 14 9 -1.7375852111447818
3 14 46 -0.19351770943173832
3 15 33 -0.0036683847969588186
3 15 53 -5.6098374553011645
3 16 39 -2.9865068166121054
3 16 31 -0.05178121037992828
3 17 17 -0.6334200114147928
3 17 37 -0.9065777541684257
3 17 27 -2.728419700674778
4 0 58 0.0
4 1 32 -1.0536848201252569
4 1 22 -1.126616689443931
4 1 56 -1.1171185584871945
4 2 20 -4.425816996756339
4 2 38 -0.012527214902133049
4 2 10 -7.632096845725182
4 3 43 -0.6573439428033098
4 3 14 -0.7302800422926575
4 5 60 0.0
4 6 64 -1.5708036110806716
4 6 35 -4.618828416621658
4 6 12 -1.4901847639936312
4 6 28 -9.62448799450098
4 6 45 -0.5854405502723954
4 7 25 0.0
4 8 49 -0.7037222601627292
4 8 40 -0.6826827640156252
4 9 18 -1.9932219194157526
4 9 54 -0.4029530853343473
4 9 63 -1.6327022724333513
4 10 7 0.0
4 11 5 0.0
4 12 1 -0.05101780821469239
4 12 2 -3.0009809822883877
4 13 51 0.0
4 14 9 -4.3633167540410844E-4
4 14 46 -7.737326038319804
4 15 53 0.0
4 16 31 0.0
4 17 17 -2.048662175866943
4 17 37 -0.7457173934064536
4 17 27 -0.9245777100213247
5 0 58 0.0
5 1 32 -0.820546223096143
5 1 22 -1.4539013531429643
5 1 56 -1.1203919805416018
5 2 20 -1.5606558315496954E-4
5 2 10 -8.76531226599767
5 3 43 -0.4257973796490994
5 3 14 -1.0591474424067264
5 4 6 0.0
5 6 64 -1.0605583809310077
5 6 35 -4.597607338336716
5 6 12 -1.9964078938041183
5 6 28 -8.171669240301878
5 6 45 -0.6781465887275578
5 7 25 0.0
5 8 49 -0.7811475596686008
5 8 40 -0.6122683882415435
5 9 0 -1.849435868152259
5 9 18 -1.847926555864681
5 9 54 -1.0559386547735332
5 9 63 -1.086946110978378
5 10 61 0.0
5 11 5 0.0
5 12 2 0.0
5 13 51 0.0
5 14 9 -6.530072368643932E-4
5 14 46 -7.334248832112599
5 15 53 0.0
5 16 39 -1.350710676010231
5 16 31 -0.2998303519117534
5 17 17 -1.6195486644725217
5 17 37 -0.40846156458093963
5 17 27 -1.9852960901254795
6 0 34 0.0
6 1 22 0.0
6 2 20 -0.7039295615502354
6 2 10 -2.8848556189151338
6 2 26 -0.7996208149524493
6 3 57 -2.169611624684371
6 3 43 -0.259342580841701
6 3 14 -2.1696343450094933
6 4 6 0.0
6 5 4 -1.3610048654205809
6 5 59 -4.3684897887327825
6 5 44 -0.3134421772108362
6 7 65 -0.5546630100930642
6 7 50 -8.158156530925726
6 7 25 -0.8546128771698811
6 8 49 -1.4424051505532225
6 8 40 -0.2696569671324417
6 9 0 -2.171496731067724
6 9 18 -2.170599577340418
6 9 54 -2.076540100212166
6 9 63 -0.436149966064542
6 10 61 0.0
6 11 13 0.0
6 12 2 0.0
6 13 29 0.0
6 14 9 -1.0646162059096427
6 14 46 -0.4229066076110346
6 15 33 -1.476492751089762
6 15 53 -0.25933756330663116
6 16 39 -0.8157962664371673
6 16 31 -0.5839108016308191
6 17 17 -0.4110080075190844
6 17 37 -1.087617818192181
7 0 58 0.0
7 1 22 0.0
7 2 20 -3.72258656478563E-4
7 2 10 -7.896107755748952
7 3 57 -1.7577406097159165
7 3 43 -0.4229162200003594
7 3 14 -1.7577496419432384
7 4 6 0.0
7 5 24 0.0
7 6 64 -1.0599822807177273
7 6 35 -4.597746969646038
7 6 12 -1.996657244810644
7 6 28 -8.171614566587886
7 6 45 -0.6784703186666512
7 8 49 -0.7810135851742782
7 8 40 -0.6123815585504038
7 9 0 -1.849519959360663
7 9 18 -1.8478660063723504
7 9 54 -1.0559187301490527
7 9 63 -1.0869557262218572
7 10 61 0.0
7 11 5 0.0
7 12 2 0.0
7 13 51 0.0
7 14 9 -0.001043300140482556
7 14 46 -6.865887982555249
7 15 33 -1.0591542255118627
7 15 53 -0.4257937791238868
7 16 39 -1.35437337268984
7 16 31 -0.29855292251139653
7 17 17 -1.6192234599791122
7 17 37 -0.40859623733933575
7 17 27 -1.9851132749799447
8 0 34 -0.47284635697731703
8 0 58 -0.9761092580557166
8 1 22 0.0
8 2 20 -5.142847361919307
8 2 8 -0.1563455722698777
8 2 10 -3.1170153979744293
8 2 26 -2.358032004406698
8 3 57 -1.991612527456038
8 3 43 -0.3187571850758555
8 3 14 -1.9916302807009274
8 4 6 0.0
8 5 48 -0.7037914735246338
8 5 4 -0.6826149962974527
8 6 12 -0.11368211999983918
8 6 45 -2.2306517801605334
8 7 65 -5.093526566722231
8 7 25 -0.006155246187013429
8 9 0 -1.7474942827403672
8 9 18 -1.7453696734570678
8 9 54 -1.6501811865848162
8 9 63 -0.7782813504103335
8 10 61 0.0
8 11 16 -0.7069540067162762
8 11 41 -0.679528389628823
8 12 2 0.0
8 13 51 -1.063555198304948
8 13 29 -0.42346556582813494
8 14 46 0.0
8 15 33 -1.298543071738249
8 15 53 -0.31873133947118476
8 16 39 -0.020983779316473838
8 16 31 -3.8744790963257585
8 17 37 0.0
9 0 62 0.0
9 1 22 0.0
9 2 20 -0.11320066700807127
9 2 10 -2.2346596784834922
9 3 57 -0.711004844384812
9 3 43 -7.651859288895036
9 3 14 -0.6765370547093055
9 4 6 0.0
9 5 24 -0.9803876542600295
9 5 59 -0.9762316156196663
9 5 44 -1.3938980747403298
9 6 35 -0.4275092610804413
9 6 28 -1.0559303489969567
9 7 65 -0.38704805393335273
9 7 50 -1.1364962992693826
9 8 49 -0.9166228382274406
9 8 40 -0.510604280789438
9 10 55 -0.5179801218640515
9 10 61 -0.9056540540314373
9 11 5 -0.721239552607845
9 11 13 -0.665822473454254
9 12 1 0.0
9 13 3 -0.50290550685134
9 13 19 -0.9282897793860035
9 14 9 -0.6862668464390552
9 14 46 -0.7000751818337345
9 15 33 -6.784802802258922E-4
9 15 53 -7.295994363850184
9 16 39 -2.0876718778162955
9 16 31 -0.13236114054417847
9 17 17 -0.8632394913038884
9 17 37 -0.7512714979764447
9 17 27 -2.2401718762270844
10 0 58 0.0
10 1 32 -1.0533559547415092
10 1 22 -1.1262878001638104
10 1 56 -1.1177950811249489
10 2 20 -7.921557461449333E-4
10 2 10 -7.141148588036563
10 3 43 -0.6573437554939864
10 3 14 -0.7302802437741804
10 4 6 0.0
10 5 60 0.0
10 6 64 -1.5708104845852688
10 6 35 -4.62180348247418
10 6 12 -1.490172891965763
10 6 28 -9.66716144269099
10 6 45 -0.5853852091525672
10 7 25 0.0
10 8 49 -0.7036830294844758
10 8 40 -0.6827211794139065
10 9 18 -1.9932407344123422
10 9 54 -0.4029577404638368
10 9 63 -1.6326732307848806
10 11 5 0.0
10 12 1 -0.051023724504218576
10 12 2 -3.0008679568190324
10 13 51 0.0
10 14 9 -0.002828227930879225
10 14 46 -5.869518716968368
10 15 53 0.0
10 16 39 -2.702367283932659
10 16 31 -0.06940003262120127
10 17 17 -1.9946247975566103
10 17 37 -0.48753469155253215
10 17 27 -1.3871077591620398
11 0 34 -0.4728461463713826
11 0 58 -0.9761096064211267
11 1 22 0.0
11 2 20 -1.3419014207801803
11 2 10 -3.1143582762456448
11 2 26 -0.3649307262527494
11 3 57 -1.9915665491553929
11 3 43 -0.31877910669346216
11 3 14 -1.9915594782935346
11 4 6 0.0
11 5 4 0.0
11 6 12 -0.1554557119576981
11 6 45 -1.9381155205766882
11 7 65 -1.9224935192792483
11 7 25 -0.15810732230346347
11 8 49 -10.710307801054903
11 8 40 -2.2313991737538057E-5
11 9 0 -1.7472907379331761
11 9 18 -1.7452837185677053
11 9 54 -1.650779122375136
11 9 63 -0.778141313750583
11 10 61 0.0
11 12 2 0.0
11 13 51 -1.063572049983245
11 13 29 -0.4234566809765873
11 14 9 -3.4785229592844416
11 14 46 -0.031338922624981704
11 15 33 -1.2984372062748448
11 15 53 -0.3187710823289904
11 16 39 -0.14495302865934168
11 16 31 -2.002946722703299
11 17 17 -0.2297786381116762
11 17 37 -1.5833292367387164
12 0 34 -11.043541291512003
12 0 52 -0.32900645891476005
12 0 42 -1.2756183859446257
12 0 58 -12.042319035145752
12 0 62 -6.829382101801687
12 1 22 0.0
12 2 20 -0.10231584478731763
12 2 10 -2.330412504113756
12 3 57 -0.721785905982941
12 3 14 -0.6653058483852115
12 4 6 0.0
12 5 24 -0.2653279658368804
12 5 44 -1.4565210243757583
12 6 28 0.0
12 7 65 -0.9191500556966489
12 7 50 -0.5089239398805265
12 8 49 -0.8298014350416547
12 8 40 -0.5729419767702467
12 9 0 0.0
12 10 55 -0.4928007836058647
12 10 61 -0.9439522092898461
12 11 5 -0.5691673191067508
12 11 13 -0.8347027657362867
12 13 3 -0.4953542707442921
12 13 19 -0.9399560403617478
12 14 9 -0.6120347297743994
12 14 46 -0.7814242765418549
12 15 33 0.0
12 16 39 -3.0064880056882726
12 16 31 -0.05073039515706135
12 17 17 -1.0172531634503335
12 17 37 -0.7343548649033371
12 17 27 -1.8413806995181543
13 0 34 -12.426319514877227
13 0 52 -0.46427319955271384
13 0 42 -0.9904700765118181
13 0 58 -13.061365321052028
13 1 22 0.0
13 2 20 -0.10232340350833746
13 2 10 -2.3303423454151457
13 3 57 -2.2488442409926317
13 3 14 -0.11151397730368565
13 4 6 0.0
13 5 24 -0.26530442668867016
13 5 44 -1.4565984957481766
13 6 28 0.0
13 7 65 -0.9190809920048492
13 7 50 -0.5089697662866428
13 8 49 -0.8300060717432328
13 8 40 -0.5727837237229452
13 9 0 -0.6471045562002237
13 9 18 -0.74169808406893
13 9 63 -8.902450324650353
13 10 55 -0.4928601751769403
13 10 61 -0.9438589645710023
13 11 5 -0.5693821697744574
13 11 13 -0.8344226420685604
13 12 2 0.0
13 14 9 -0.6120354453015149
13 14 46 -0.7814234289423339
13 15 33 0.0
13 16 39 -3.014558811765761
13 16 31 -0.05031217448164134
13 17 17 -1.0144007162038458
13 17 37 -0.735048357710092
13 17 27 -1.845805698365033
14 0 58 0.0
14 1 32 -1.3755556066573258
14 1 22 -0.8666691995877195
14 1 56 -1.1179433614475138
14 2 8 0.0
14 3 43 -0.9796088084752722
14 3 14 -0.4707366115608217
14 4 6 0.0
14 5 21 0.0
14 6 64 -1.5421944361842481
14 6 35 -5.5526203320536895
14 6 12 -0.49809420314316
14 6 45 -1.7456938237612776
14 7 25 0.0
14 8 49 -2.1735916388769283
14 8 36 -0.12077681370409585
14 9 0 -1.5505324495655908
14 9 18 -1.5489452365142728
14 9 54 -1.43107374642778
14 9 63 -1.0896299280095891
14 10 61 0.0
14 11 16 -0.41347913037009576
14 11 5 -5.8253451640367775
14 11 41 -1.233162943565563
14 11 11 -3.116018169198689
14 12 2 0.0
14 13 51 -0.7721920405184347
14 13 29 -0.6198952996598317
14 15 53 0.0
14 16 39 -0.13184900271311512
14 16 31 -2.091298196291788
14 17 27 -2.3635836508579304
14 17 47 -0.09880699215547097
15 0 52 0.0
15 1 32 0.0
15 2 20 -0.4982853234669546
15 2 10 -0.935401066013837
15 3 57 -0.5575347032512828
15 3 43 -5.419573129378856
15 3 14 -0.8604966709460493
15 4 6 0.0
15 5 59 0.0
15 6 35 -0.2916608433280617
15 6 28 -1.4703103020598767
15 6 45 -3.766884255430231
15 7 65 -0.6133168950971535
15 7 50 -2.361380290252898
15 7 25 -1.0101663484214864
15 8 49 -1.57180878140728
15 8 40 -0.23277631555465084
15 9 0 -0.697675725579412
15 9 18 -0.6897013847651273
15 9 54 -9.66774121303342
15 9 63 -7.662797087811996
15 10 61 0.0
15 11 5 -1.6362008622926634
15 11 13 -0.21656325013607144
15 12 2 0.0
15 13 23 0.0
15 14 9 -1.7438270435443834
15 14 46 -0.1921900426639907
15 16 39 -0.9404344204889908
15 16 31 -0.49504771137788856
15 17 17 -0.6556135591487323
15 17 37 -0.8780863076119587
15 17 27 -2.728776879706539
16 0 58 0.0
16 1 32 -0.820543156012956
16 1 22 -1.4538838582639078
16 1 56 -1.1204086537093514
16 2 38 0.0
16 3 43 -0.42580966962858885
16 3 14 -1.059124289586526
16 4 30 0.0
16 5 21 -1.3795631363069036
16 5 60 -0.28993592060162277
16 6 64 -1.2961265625558154
16 6 35 -4.5999422851410126
16 6 12 -1.172384381303429
16 6 28 -8.066360925811637
16 6 45 -0.9003770395038979
16 7 25 0.0
16 8 49 -2.0376653117628942
16 8 36 -0.1483701036266885
16 8 40 -4.885496333346681
16 9 18 -2.010665016471795
16 9 54 -0.39965972286216234
16 9 63 -1.631927820386743
16 10 7 0.0
16 11 5 -0.40379692854190125
16 11 11 -1.1019570195529442
16 12 1 -0.053414436431567174
16 12 2 -2.9562625661835273
16 13 51 0.0
16 14 9 0.0
16 15 53 0.0
16 17 17 -3.95518293892169
16 17 27 -1.5780886257792406
16 17 47 -0.25556903884579013
17 0 34 -0.47284646862748797
17 0 58 -0.976109073374116
17 1 22 0.0
17 2 20 -5.142966865125044
17 2 8 -0.1563415717252368
17 2 10 -3.117006078831613
17 2 26 -2.358065155895929
17 3 57 -1.9916137021239808
17 3 43 -0.31875795739242013
17 3 14 -1.9916249915488846
17 4 6 0.0
17 5 48 -0.7037855791897367
17 5 4 -0.6826207671571172
17 6 12 -0.11368094047120138
17 6 45 -2.23066157729604
17 7 65 -5.093467313838567
17 7 25 -0.006155612038770555
17 8 36 0.0
17 9 0 -1.7474893098468
17 9 18 -1.745370767124345
17 9 54 -1.650196528151324
17 9 63 -0.7782764061272817
17 10 61 0.0
17 11 16 -0.589878492199445
17 11 41 -0.8083215705039427
17 12 2 0.0
17 13 51 -1.0635559893059454
17 13 29 -0.4234651487769367
17 14 46 0.0
17 15 33 -1.29854037698634
17 15 53 -0.31873235103378594
17 16 39 -0.02094425408537944
17 16 31 -3.87634478776869
