0 1 32 -0.5496324445762663
0 1 56 -0.8607659400877679
0 2 20 -0.16063348625738327
0 2 10 -1.9078718363412286
0 3 43 0.0
0 4 6 0.0
0 5 59 0.0
0 6 35 -0.1953710611463327
0 6 45 -1.7289502765905707
0 7 65 -1.3017262935907146
0 7 25 -0.31753902695943936
0 8 49 -2.0717947689745144
0 8 40 -0.1346285777314847
0 9 18 -0.7090622753145809
0 9 54 -5.942992271442727
0 9 63 -0.6826615598561857
0 10 61 0.0
0 11 5 -1.3145084355527759
0 11 13 -0.3128034253596956
0 12 1 -0.08766437326914568
0 12 2 -2.477751693284114
0 13 51 -8.802081160071832
0 13 23 -0.2092442376275817
0 13 29 -8.78002736819328
0 13 15 -1.6686640634858756
0 14 9 -0.967367096542637
0 14 46 -0.4781687811312604
0 15 53 0.0
0 16 39 -1.0942896258359296
0 16 31 -0.4076334668073744
0 17 17 -0.5579992961136154
0 17 37 -1.0446506419577026
0 17 27 -2.5792314203859674
1 0 34 -9.812076423642077
1 0 52 -0.7508065740422909
1 0 42 -0.6387356908709685
1 2 20 -0.029845057539709872
1 2 10 -3.526621444813157
1 3 57 -0.42971891481131236
1 3 14 -1.0518011354364005
1 4 6 0.0
1 5 24 -0.6008283734862996
1 5 59 -0.9019481396316624
1 5 44 -3.082065617639626
1 6 28 0.0
1 7 65 -1.4379117812305346
1 7 50 -0.2710518347619582
1 8 49 -0.4885959797116936
1 8 40 -0.9505901338385522
1 9 0 -0.49511866183097714
1 9 18 -0.9408026166535671
1 9 63 -8.584484974268703
1 10 55 -0.7669810673775547
1 10 61 -0.6243919104787787
1 11 5 -0.35610936749237226
1 11 13 -1.2052937279963096
1 12 2 0.0
1 13 23 0.0
1 14 9 -0.16386997604064502
1 14 46 -1.889498342553347
1 15 33 0.0
1 16 39 -0.8923948452852796
1 16 31 -0.5270794586179354
1 17 17 -1.4324182821040596
1 17 37 -0.4444334820139776
1 17 27 -2.11958312031709
2 0 58 0.0
2 1 32 -0.9438582894663183
2 1 22 -1.2748637059273404
2 1 56 -1.1044069638638758
2 3 43 -0.54128813258648
2 3 14 -0.8722692498788233
2 4 6 0.0
2 5 21 0.0
2 6 64 -1.310476192942991
2 6 35 -1.7363847030686927
2 6 12 -1.1350001196860884
2 6 28 -5.773071933933324
2 6 45 -1.4713294205377854
2 7 25 0.0
2 8 49 -2.2269027023837715
2 8 36 -0.1208754158333677
2 8 40 -5.1170540802788365
2 9 0 -1.8777229599676453
2 9 18 -1.881831035611967
2 9 54 -1.0705873255618832
2 9 63 -1.0442833143363766
2 10 61 0.0
2 11 5 -0.6027851226489115
2 11 11 -0.792493053704146
2 12 2 0.0
2 13 51 0.0
2 14 9 0.0
2 15 53 0.0
2 16 39 -0.26286622435761586
2 16 31 -1.4646656865667458
2 17 17 -2.903851712629235
2 17 27 -1.566846757089613
2 17 47 -0.30586495539242486
3 0 42 0.0
3 1 56 0.0
3 2 20 -0.16057893578474985
3 2 10 -1.9081849444579977
3 4 6 0.0
3 5 59 0.0
3 6 35 -0.6170089696476097
3 6 28 -0.9505699976174083
3 6 45 -2.6047244939850134
3 7 65 -1.3102906214414263
3 7 50 -1.3091839087974289
3 7 25 -0.7760549807176782
3 8 49 -1.817987722054524
3 8 40 -0.17715745778549108
3 9 0 -0.4962261260304085
3 9 18 -0.9388410354379605
3 9 63 -9.259280496465927
3 10 55 -0.4282186334018083
3 10 61 -1.0546018797195376
3 11 5 -1.558851692749096
3 11 13 -0.23620030921649662
3 12 2 0.0
3 13 23 -0.971108304111127
3 13 15 -0.4758818828536311
3 14 9 -1.066849682508318
3 14 46 -0.4217329249760951
3 15 33 -0.12482801317628923
3 15 53 -2.1425832231846442
3 16 39 -2.7268297392328074
3 16 31 -0.06766487500227251
3 17 17 -0.545112504075586
3 17 37 -1.0562495800447367
3 17 27 -2.6246399615488416
4 0 58 0.0
4 1 32 -0.939733457028498
4 1 22 -1.2704328836873626
4 1 56 -1.1130420456533403
4 2 20 -2.370303124603849
4 2 38 -0.0983518218425925
4 2 10 -8.432738242142268
4 3 43 -0.541430259846455
4 3 14 -0.8720713949699356
4 5 60 0.0
4 6 64 -1.3204036078668102
4 6 35 -2.7461928808268508
4 6 12 -2.112523288116285
4 6 28 -10.367080584743718
4 6 45 -0.6017776578775154
4 7 25 0.0
4 8 49 -0.8005652865414272
4 8 40 -0.5961566610971868
4 9 18 -1.2960722190099598
4 9 54 -0.9341090625466109
4 9 63 -1.0982327628847102
4 10 7 0.0
4 11 5 0.0
4 12 1 -0.042924257588657304
4 12 2 -3.1697035273725223
4 13 51 0.0
4 14 9 -1.5937408135127405E-4
4 14 46 -8.744336092120237
4 15 53 0.0
4 16 31 0.0
4 17 17 -2.2795636966162434
4 17 37 -0.33607558419112227
4 17 27 -1.6977115605480895
5 0 58 0.0
5 1 32 -0.943858487962166
5 1 22 -1.2748736057352297
5 1 56 -1.1043983825714512
5 2 20 -2.0885454360548906E-4
5 2 10 -8.473976937359199
5 3 43 -0.5412820966645386
5 3 14 -0.8722776539558292
5 4 6 0.0
5 6 64 -0.8155018726597121
5 6 35 -1.7417583358945854
5 6 12 -2.139991612253406
5 6 28 -4.362259102200609
5 6 45 -1.378463760155134
5 7 25 0.0
5 8 49 -0.7701826020699257
5 8 40 -0.6216241000059836
5 9 0 -1.8775959005500855
5 9 18 -1.8819599424390199
5 9 54 -1.0705738887588498
5 9 63 -1.0442958364286776
5 10 61 0.0
5 11 5 0.0
5 12 2 0.0
5 13 51 0.0
5 14 9 -5.682403891868049E-4
5 14 46 -7.4732501151166115
5 15 53 0.0
5 16 39 -1.3669644775440282
5 16 31 -0.2942093003191945
5 17 17 -2.3805778945889124
5 17 37 -0.18507066139546555
5 17 27 -2.5710224378262887
6 0 34 0.0
6 1 22 0.0
6 2 20 -0.5907134789275926
6 2 10 -1.91012157454485
6 2 26 -1.210642698159784
6 3 57 -1.5906683369598908
6 3 43 -0.5237203321474534
6 3 14 -1.5901364379086833
6 4 6 0.0
6 5 4 -1.3239300039778568
6 5 59 -1.7178988233330426
6 5 44 -0.5897431400406377
6 7 65 -1.0279345446526527
6 7 50 -4.3589496572449224
6 7 25 -0.4628880784199571
6 8 49 -1.4394905467896089
6 8 40 -0.2705608054724197
6 9 0 -1.7062380412591984
6 9 18 -1.706735367104487
6 9 54 -2.0216225462576785
6 9 63 -0.6840786276383513
6 10 61 0.0
6 11 13 0.0
6 12 2 0.0
6 13 29 0.0
6 14 9 -1.0661004914305143
6 14 46 -0.42212617615590037
6 15 33 -1.1008870519004235
6 15 53 -0.4043296640092955
6 16 39 -0.6689893306685659
6 16 31 -0.7179031102916187
6 17 17 -0.4129129333793193
6 17 37 -1.0838810108211983
7 0 58 0.0
7 1 22 0.0
7 2 20 -5.549942682627826E-4
7 2 10 -7.496830256025416
7 3 57 -1.5659781159680919
7 3 43 -0.5410871079665096
7 3 14 -1.565414745521703
7 4 6 0.0
7 5 24 0.0
7 6 64 -0.780188442367332
7 6 35 -1.7417152169071137
7 6 12 -2.1399378800691453
7 6 28 -4.362179087267342
7 6 45 -1.443719952855609
7 8 49 -0.7700250042874501
7 8 40 -0.6217599612818108
7 9 0 -1.8776657879975942
7 9 18 -1.8818971445386101
7 9 54 -1.0705707662334445
7 9 63 -1.044295679834068
7 10 61 0.0
7 11 5 0.0
7 12 2 0.0
7 13 51 0.0
7 14 9 -0.0010592143656122288
7 14 46 -6.850757370608769
7 15 33 -0.8722961687458649
7 15 53 -0.5412687993990625
7 16 39 -1.3517622769441036
7 16 31 -0.2994629416174785
7 17 17 -2.379291028519745
7 17 37 -0.18521332567439258
7 17 27 -2.5710297092723375
8 0 34 -0.6327963161602792
8 0 58 -0.7573755338627566
8 1 22 0.0
8 2 20 -2.9059665696608774
8 2 8 -0.3678125957070274
8 2 10 -2.7366652748096714
8 2 26 -1.6698719506367692
8 3 57 -1.7165485855556883
8 3 43 -0.4453391914630133
8 3 14 -1.7164230689870381
8 4 6 0.0
8 5 48 -0.7983634660991297
8 5 4 -0.5979550226910944
8 6 12 -0.0716982870299462
8 6 45 -2.6709233816325515
8 7 65 -4.390698766444086
8 7 25 -0.012469488973261311
8 9 0 -1.5604209271016116
8 9 18 -1.5682655561697678
8 9 54 -2.276025032242486
8 9 63 -0.7363586281204811
8 10 61 0.0
8 11 16 -0.5924070125719983
8 11 41 -0.8051846408374228
8 12 2 0.0
8 13 51 -0.969343963988843
8 13 29 -0.47695865839993884
8 14 46 0.0
8 15 33 -1.1004655535855639
8 15 53 -0.4045397620317308
8 16 39 -0.03350690717511589
8 16 31 -3.4127103513963992
8 17 37 0.0
9 0 62 0.0
9 1 22 0.0
9 2 20 -0.07489550732484548
9 2 10 -2.628875414780736
9 3 57 -0.904607014207772
9 3 43 -9.757524718113789
9 3 14 -0.5187884988348409
9 4 6 0.0
9 5 24 -0.9380268550219555
9 5 59 -0.9160712897238791
9 5 44 -1.56775459992209
9 6 35 -0.7228376268736307
9 6 28 -0.6643128980411097
9 7 65 -0.8158978853950238
9 7 50 -0.5838302213836957
9 8 49 -0.898943457902349
9 8 40 -0.5225599435678454
9 10 55 -0.9337766238740935
9 10 61 -0.4993359496106598
9 11 5 -0.6194035494254537
9 11 13 -0.7727649914173023
9 12 1 0.0
9 13 3 -0.48993402131930314
9 13 19 -0.9484700152620413
9 14 9 -0.262326327413034
9 14 46 -1.4664635360369926
9 15 33 -0.3412697277960633
9 15 53 -1.24086897926774
9 16 39 -3.1688872236661565
9 16 31 -0.04296007497019389
9 17 17 -0.9719086691960327
9 17 37 -0.6228316754470115
9 17 27 -2.462560111303572
10 0 58 0.0
10 1 32 -0.9396755733873222
10 1 22 -1.2703766492098685
10 1 56 -1.1131589380209848
10 2 20 -0.001184020368398751
10 2 10 -6.7394314914003
10 3 43 -0.5414293293934567
10 3 14 -0.872072690031885
10 4 6 0.0
10 5 60 0.0
10 6 64 -1.3203674102650553
10 6 35 -2.7476107808566796
10 6 12 -2.112725679574076
10 6 28 -10.390996139234977
10 6 45 -0.6015833212591529
10 7 25 0.0
10 8 49 -0.7984403810824829
10 8 40 -0.5978920801460101
10 9 18 -1.2959118709435147
10 9 54 -0.9340917594688719
10 9 63 -1.098384740253816
10 11 5 0.0
10 12 1 -0.042873388183175896
10 12 2 -3.1708640742204506
10 13 51 0.0
10 14 9 -0.0021108817099358356
10 14 46 -6.161704801966625
10 15 53 0.0
10 16 39 -2.5924629322397394
10 16 31 -0.07778371745473278
10 17 17 -1.9705697424368152
10 17 37 -0.39008717315238683
10 17 27 -1.6948611706675347
11 0 34 -0.6327973299987214
11 0 58 -0.757374385517841
11 1 22 0.0
11 2 20 -0.8174005643097167
11 2 10 -1.962853751479813
11 2 26 -0.8723576695585535
11 3 57 -1.7936103814311828
11 3 43 -0.4045642945423525
11 3 14 -1.7935166895951875
11 4 6 0.0
11 5 4 0.0
11 6 12 -0.06997958037811479
11 6 45 -2.6943375393180764
11 7 65 -1.1936635460946874
11 7 25 -0.36112594139819776
11 8 49 -11.583024163637216
11 8 40 -9.323061443888536E-6
11 9 0 -1.6391821994949238
11 9 18 -1.6442938591658836
11 9 54 -2.2757854142034724
11 9 63 -0.673352104492055
11 10 61 0.0
11 12 2 0.0
11 13 51 -0.8921947613530089
11 13 29 -0.5272183359492131
11 14 9 -2.6912610843956695
11 14 46 -0.07020294947790107
11 15 33 -1.1005448921559045
11 15 53 -0.40450020517070423
11 16 39 -0.22450504542723512
11 16 31 -1.6040103972763162
11 17 17 -0.4846802245917662
11 17 37 -0.9568370171909638
12 0 34 -10.91828648281894
12 0 52 -1.557687305832051
12 0 42 -1.32335257527651
12 0 58 -11.195284058506045
12 0 62 -0.647974383585411
12 1 22 0.0
12 2 20 -0.03902506688287446
12 2 10 -3.2630001764884415
12 3 57 -0.8999391183966259
12 3 14 -0.5218771561155948
12 4 6 0.0
12 5 24 -0.25064638862134814
12 5 44 -1.5064190562892512
12 6 28 0.0
12 7 65 -1.166486503648751
12 7 50 -0.3731808954748621
12 8 49 -0.8989406461680673
12 8 40 -0.5225618733754894
12 9 0 0.0
12 10 55 -0.8421936954877693
12 10 61 -0.5634610816150845
12 11 5 -0.5350375920644868
12 11 13 -0.8810376728282843
12 13 3 -0.4854984558299214
12 13 19 -0.9555264211325121
12 14 9 -0.12476332737734028
12 14 46 -2.1430698865106073
12 15 33 0.0
12 16 39 -2.6483143113727294
12 16 31 -0.07339943339550915
12 17 17 -1.0318326170541314
12 17 37 -0.5694140829892235
12 17 27 -2.5537448258502122
13 0 34 -9.50793941829469
13 0 52 -0.7495800065962821
13 0 42 -0.6399673338161896
13 0 58 -9.881610665724489
13 1 22 0.0
13 2 20 -0.03913858347887904
13 2 10 -3.260151975164247
13 3 57 -0.965401683541431
13 3 14 -0.4793757237065658
13 4 6 0.0
13 5 24 -0.2506250505721084
13 5 44 -1.5064939681790928
13 6 28 0.0
13 7 65 -1.1674967321802359
13 7 50 -0.372724256611569
13 8 49 -0.8988919820875543
13 8 40 -0.5225952749637505
13 9 0 -0.4950659787195568
13 9 18 -0.9407771359728426
13 9 63 -8.839275272144588
13 10 55 -0.7015781821560177
13 10 61 -0.6847866668820769
13 11 5 -0.5350445055563134
13 11 13 -0.8810279013615813
13 12 2 0.0
13 14 9 -0.12287944064612995
13 14 46 -2.157362221221846
13 15 33 0.0
13 16 39 -2.024028996942846
13 16 31 -0.14170420999329855
13 17 17 -1.05065520346282
13 17 37 -0.5577284917068593
13 17 27 -2.553827090600424
14 0 58 0.0
14 1 32 -1.307616110875822
14 1 22 -0.8770548869879511
14 1 56 -1.1598613129365756
14 2 8 0.0
14 3 43 -0.9314074659590441
14 3 14 -0.5008732798283821
14 4 6 0.0
14 5 21 0.0
14 6 64 -1.31172154392186
14 6 35 -3.300459268834512
14 6 12 -0.7495818982383102
14 6 45 -1.508625950838031
14 7 25 0.0
14 8 49 -1.8429130712224422
14 8 36 -0.17239750688871575
14 9 0 -1.2706832668634631
14 9 18 -1.2737975712015763
14 9 54 -2.2765891357351533
14 9 63 -1.0877929803924733
14 10 61 0.0
14 11 16 -0.60807059099727
14 11 5 -3.503042620435788
14 11 41 -1.0198589594799083
14 11 11 -2.7357041706656164
14 12 2 0.0
14 13 51 -0.6367550176612552
14 13 29 -0.752910471301794
14 15 53 0.0
14 16 39 -0.3279529123648468
14 16 31 -1.2743843269619362
14 17 27 -1.5104843080133383
14 17 47 -0.24949139651542104
15 0 52 0.0
15 1 32 0.0
15 2 20 -0.15685582673453702
15 2 10 -1.9298311637928882
15 3 57 -0.8135837391781436
15 3 43 -2.142606459971465
15 3 14 -0.8223798122103569
15 4 6 0.0
15 5 59 0.0
15 6 35 -0.5253002315563646
15 6 28 -1.091917719787375
15 6 45 -2.616612919973577
15 7 65 -1.3094203048457227
15 7 50 -1.4214961893594844
15 7 25 -0.716066129604097
15 8 49 -1.6010832484120003
15 8 40 -0.22524316937638164
15 9 0 -0.7905577067595037
15 9 18 -1.0467491991913505
15 9 54 -8.436364947499957
15 9 63 -1.634170089509012
15 10 61 0.0
15 11 5 -1.6509937810355126
15 11 13 -0.21301891370607487
15 12 2 0.0
15 13 23 0.0
15 14 9 -1.0668144337398116
15 14 46 -0.4217514170223152
15 16 39 -1.00977216664178
15 16 31 -0.45303162439715056
15 17 17 -0.5875785715170908
15 17 37 -0.993216285147362
15 17 27 -2.6044295032979226
16 0 58 0.0
16 1 32 -0.9439288241310426
16 1 22 -1.2748991897850561
16 1 56 -1.1042942322339164
16 2 38 0.0
16 3 43 -0.5413117159968314
16 3 14 -0.8722364148327875
16 4 30 0.0
16 5 21 -1.4733589746645666
16 5 60 -0.26026727172625636
16 6 64 -1.1124894182420086
16 6 35 -1.7422741589216686
16 6 12 -1.3661186710834816
16 6 28 -4.3622178010631085
16 6 45 -1.4771231623536114
16 7 25 0.0
16 8 49 -0.9766497576265531
16 8 36 -0.5233811997999149
16 8 40 -3.4764924415167164
16 9 18 -1.2884686108125192
16 9 54 -0.9741140629747036
16 9 63 -1.0590627537255926
16 10 7 0.0
16 11 5 -0.579854052735162
16 11 11 -0.8209352989209661
16 12 1 -0.03929361322841725
16 12 2 -3.2562757611923656
16 13 51 0.0
16 14 9 0.0
16 15 53 0.0
16 17 17 -2.582717456496203
16 17 27 -1.1825629131068525
16 17 47 -0.4813648671172659
17 0 34 -0.6327959254827583
17 0 58 -0.7573759763723301
17 1 22 0.0
17 2 20 -2.90596598427954
17 2 8 -0.36780050380285256
17 2 10 -2.7366745908397583
17 2 26 -1.6699133763495153
17 3 57 -1.7165455620202976
17 3 43 -0.4453397567913457
17 3 14 -1.716424076914672
17 4 6 0.0
17 5 48 -0.7983641774532703
17 5 4 -0.5979544405217915
17 6 12 -0.07169569520147699
17 6 45 -2.670958250954816
17 7 65 -4.390708773044409
17 7 25 -0.012469363415507308
17 8 36 0.0
17 9 0 -1.5603975876310696
17 9 18 -1.5682667394998546
17 9 54 -2.2759914773467766
17 9 63 -0.7363755472006932
17 10 61 0.0
17 11 16 -0.568490150438883
17 11 41 -0.8355865706053954
17 12 2 0.0
17 13 51 -0.9693456375490422
17 13 29 -0.47695763557682863
17 14 46 0.0
17 15 33 -1.1004708591773422
17 15 53 -0.40453711660721525
17 16 39 -0.033501402869493734
17 16 31 -3.41287190186564
