0 1 32 -0.554345454200681
0 1 56 -0.8543684600998253
0 2 20 -0.15369012185765624
0 2 10 -1.9486779601692512
0 3 43 0.0
0 4 6 0.0
0 5 59 0.0
0 6 35 -0.25403503004506717
0 6 45 -1.4946131593109828
0 7 65 -1.2864876978418844
0 7 25 -0.3232944897917463
0 8 49 -2.0343827638709473
0 8 40 -0.14013735616941445
0 9 18 -0.7286856691395164
0 9 54 -5.139633716232736
0 9 63 -0.6702173501308315
0 10 61 0.0
0 11 5 -1.221246112533765
0 11 13 -0.3493624682825348
0 12 1 -0.07004557281227794
0 12 2 -2.693427570761514
0 13 51 -7.688884284634789
0 13 23 -0.20176325732634148
0 13 29 -8.02214637904051
0 13 15 -1.704157443866675
0 14 9 -0.828416194838159
0 14 46 -0.5740147457475341
0 15 53 0.0
0 16 39 -1.0814402722293608
0 16 31 -0.4141629766805338
0 17 17 -0.5414489877925829
0 17 37 -1.0461557593007809
0 17 27 -2.7059032847013467
1 0 34 -9.038941787470746
1 0 52 -0.7649554513684158
1 0 42 -0.6263737046740092
1 2 20 -0.031095339026127773
1 2 10 -3.4862047230709856
1 3 57 -0.4966512815866031
1 3 14 -0.9379362261717369
1 4 6 0.0
1 5 24 -0.6219448051268524
1 5 59 -0.8713305541315617
1 5 44 -3.1076417285347446
1 6 28 0.0
1 7 65 -1.4809940011312979
1 7 50 -0.2580087507926289
1 8 49 -0.5921294435590122
1 8 40 -0.8055281307531235
1 9 0 -0.4936721431960439
1 9 18 -0.9427744697700026
1 9 63 -9.517138978371188
1 10 55 -0.8706760104255034
1 10 61 -0.5424339953063665
1 11 5 -0.38215160202265697
1 11 13 -1.1469360808707458
1 12 2 0.0
1 13 23 0.0
1 14 9 -0.16158541533713228
1 14 46 -1.9024264226062477
1 15 33 0.0
1 16 39 -0.9133040517120883
1 16 31 -0.5128217111134152
1 17 17 -1.6374377903115762
1 17 37 -0.36216966652074406
1 17 27 -2.2131278186786485
2 0 58 0.0
2 1 32 -0.9301348423442846
2 1 22 -1.2784889110319764
2 1 56 -1.1176674971311822
2 3 43 -0.534070879114396
2 3 14 -0.8824056234182266
2 4 6 0.0
2 5 21 0.0
2 6 64 -1.2870068233138408
2 6 35 -1.7385475173356038
2 6 12 -1.1875066748953236
2 6 28 -8.601631854768197
2 6 45 -1.414842061811778
2 7 25 0.0
2 8 49 -2.3268277237786714
2 8 36 -0.10906616748010611
2 8 40 -5.16308238962733
2 9 0 -1.792397927609295
2 9 18 -1.7960144192759688
2 9 54 -1.2053720540765054
2 9 63 -0.999943639637612
2 10 61 0.0
2 11 5 -0.5056419999484494
2 11 11 -0.9241168996498803
2 12 2 0.0
2 13 51 0.0
2 14 9 0.0
2 15 53 0.0
2 16 39 -0.2862289554929639
2 16 31 -1.3906664244097036
2 17 17 -2.8479663663577672
2 17 27 -1.5538194385255797
2 17 47 -0.3138904329534771
3 0 42 0.0
3 1 56 0.0
3 2 20 -0.17298380067571623
3 2 10 -1.8398027295402983
3 4 6 0.0
3 5 59 0.0
3 6 35 -0.7072792528357238
3 6 28 -0.8563320622899326
3 6 45 -2.4973929548189178
3 7 65 -1.2871962209933705
3 7 50 -1.2874964235344708
3 7 25 -0.8029720298069287
3 8 49 -1.7739468427184077
3 8 40 -0.18592247583021046
3 9 0 -0.4938395901191226
3 9 18 -0.9424241864439294
3 9 63 -10.144222277281097
3 10 55 -0.45921949991818195
3 10 61 -0.9990653369706202
3 11 5 -1.5878907880983635
3 11 13 -0.22860366563286127
3 12 2 0.0
3 13 23 -0.8873494289946396
3 13 15 -0.530595888538369
3 14 9 -1.0755884181642215
3 14 46 -0.4171789306911914
3 15 33 -0.1950214500455093
3 15 53 -1.7305722296416952
3 16 39 -2.876132933805168
3 16 31 -0.05800233919797415
3 17 17 -0.5630012766532058
3 17 37 -1.039418320696964
3 17 27 -2.5659989227942988
4 0 58 0.0
4 1 32 -0.9293229285480155
4 1 22 -1.277500989082217
4 1 56 -1.1194905184499524
4 2 20 -1.9443590869053398
4 2 38 -0.15456568356707073
4 2 10 -8.918481153461814
4 3 43 -0.5341390064403234
4 3 14 -0.8823091149439656
4 5 60 0.0
4 6 64 -1.290647566284496
4 6 35 -2.276291947642999
4 6 12 -2.027160558146944
4 6 28 -10.05915289011333
4 6 45 -0.7123473979386922
4 7 25 0.0
4 8 49 -0.7882996184577218
4 8 40 -0.6062672741692434
4 9 18 -1.2213841654852462
4 9 54 -0.9834959792223531
4 9 63 -1.1051026417669207
4 10 7 0.0
4 11 5 0.0
4 12 1 -0.054193526049746046
4 12 2 -2.9421682168393652
4 13 51 0.0
4 14 9 -7.489836475971508E-5
4 14 46 -9.499415948941172
4 15 53 0.0
4 16 31 0.0
4 17 17 -2.141159442909515
4 17 37 -0.36308251573616074
4 17 27 -1.6769009567055624
5 0 58 0.0
5 1 32 -0.9301121882821894
5 1 22 -1.2784719181485251
5 1 56 -1.1177092938350182
5 2 20 -9.251498225430445E-5
5 2 10 -9.28818621337859
5 3 43 -0.5340649805667483
5 3 14 -0.8824139799880194
5 4 6 0.0
5 6 64 -0.9218182168913327
5 6 35 -1.5158305586075806
5 6 12 -2.054378502362202
5 6 28 -4.390296423531782
5 6 45 -1.4187775785950023
5 7 25 0.0
5 8 49 -0.7438105643987784
5 8 40 -0.6449272775631113
5 9 0 -1.792327678071627
5 9 18 -1.796138627234808
5 9 54 -1.20542355910406
5 9 63 -0.9998774813209806
5 10 61 0.0
5 11 5 0.0
5 12 2 0.0
5 13 51 0.0
5 14 9 -3.8549340996523016E-4
5 14 46 -7.8611792003924865
5 15 53 0.0
5 16 39 -1.325344625381398
5 16 31 -0.3088531020818247
5 17 17 -2.1786298065769705
5 17 37 -0.21247843562052965
5 17 27 -2.5481567619269736
6 0 34 0.0
6 1 22 0.0
6 2 20 -0.5635088785741426
6 2 10 -1.8411099905880328
6 2 26 -1.301400097236846
6 3 57 -1.495938003140348
6 3 43 -0.594606716323016
6 3 14 -1.4952965509194254
6 4 6 0.0
6 5 4 -1.2472589218063956
6 5 59 -1.5115131775908612
6 5 44 -0.7090066008366711
6 7 65 -1.0267432653370285
6 7 50 -4.390971892126722
6 7 25 -0.46292508652874537
6 8 49 -1.5957874868332698
6 8 40 -0.22658547244320018
6 9 0 -1.733116344273247
6 9 18 -1.733515644064137
6 9 54 -1.6587188197835012
6 9 63 -0.7847752298434438
6 10 61 0.0
6 11 13 0.0
6 12 2 0.0
6 13 29 0.0
6 14 9 -1.0755709081331768
6 14 46 -0.4171879953002708
6 15 33 -1.0305364566987842
6 15 53 -0.4413236490244346
6 16 39 -0.6778482360575574
6 16 31 -0.7086838240165798
6 17 17 -0.4203659021610692
6 17 37 -1.069460702170037
7 0 58 0.0
7 1 22 0.0
7 2 20 -2.9072678547414395E-4
7 2 10 -8.143271973221268
7 3 57 -1.5756797960037372
7 3 43 -0.5340659377291994
7 3 14 -1.575439827416549
7 4 6 0.0
7 5 24 0.0
7 6 64 -0.9223759759499326
7 6 35 -1.5154622104241164
7 6 12 -2.0540115952118425
7 6 28 -4.389932173230175
7 6 45 -1.4184084637408243
7 8 49 -0.7438057121464189
7 8 40 -0.6449316729885987
7 9 0 -1.7923409319478691
7 9 18 -1.7960319223744958
7 9 54 -1.2054883274500265
7 9 63 -0.9998668758372685
7 10 61 0.0
7 11 5 0.0
7 12 2 0.0
7 13 51 0.0
7 14 9 -6.629048372227158E-4
7 14 46 -7.319210545789618
7 15 33 -0.8824279358870104
7 15 53 -0.5340551298779361
7 16 39 -1.3087137431639666
7 16 31 -0.3149400006719242
7 17 17 -2.1786765055140043
7 17 37 -0.21247618375208477
7 17 27 -2.5481124651868847
8 0 34 -0.618649955548382
8 0 58 -0.7736442081521421
8 1 22 0.0
8 2 20 -2.7448752222081967
8 2 8 -0.41109548762113574
8 2 10 -2.643742178059745
8 2 26 -1.600848248494015
8 3 57 -1.6505394240870115
8 3 43 -0.48438802926754926
8 3 14 -1.6503663759260947
8 4 6 0.0
8 5 48 -0.7849810195818647
8 5 4 -0.6090420143988123
8 6 12 -0.12705693847040817
8 6 45 -2.125975873884287
8 7 65 -4.351159436152772
8 7 25 -0.012975677797236386
8 9 0 -1.6282793930551687
8 9 18 -1.6376079628274773
8 9 54 -2.102568964518557
8 9 63 -0.7191910634334611
8 10 61 0.0
8 11 16 -0.601206914079885
8 11 41 -0.7944042760036844
8 12 2 0.0
8 13 51 -0.9198642973571479
8 13 29 -0.508450321766025
8 14 46 0.0
8 15 33 -1.0305342815874026
8 15 53 -0.4413248556995712
8 16 39 -0.03759192407814261
8 16 31 -3.2997031181793357
8 17 37 0.0
9 0 62 0.0
9 1 22 0.0
9 2 20 -0.0719119332389534
9 2 10 -2.668053562064659
9 3 57 -0.8616002483351834
9 3 43 -10.67074759871722
9 3 14 -0.5490618559177517
9 4 6 0.0
9 5 24 -0.939866636762514
9 5 59 -0.9067260090188876
9 5 44 -1.5824269095171242
9 6 35 -0.7054344643252589
9 6 28 -0.6810090433841813
9 7 65 -1.0125535681814066
9 7 50 -0.451441155794861
9 8 49 -0.9978625043466909
9 8 40 -0.4599212245434753
9 10 55 -0.9821262074114627
9 10 61 -0.4692262632422799
9 11 5 -0.7003057630901073
9 11 13 -0.6860394793115109
9 12 1 0.0
9 13 3 -0.4903793309431596
9 13 19 -0.9477660484820567
9 14 9 -0.2589381610469656
9 14 46 -1.4778429389157681
9 15 33 -0.5309047034802188
9 15 53 -0.8869083955036247
9 16 39 -3.24945737861464
9 16 31 -0.039567836779357525
9 17 17 -0.8355151517612677
9 17 37 -0.7186772089750543
9 17 27 -2.5389099030057936
10 0 58 0.0
10 1 32 -0.9292779318162023
10 1 22 -1.277455900875852
10 1 56 -1.119583444411392
10 2 20 -7.028382835089754E-4
10 2 10 -7.260735128858462
10 3 43 -0.5341391078912081
10 3 14 -0.8823089712415255
10 4 6 0.0
10 5 60 0.0
10 6 64 -1.2906108776756493
10 6 35 -2.2766511259604183
10 6 12 -2.0270894613373662
10 6 28 -10.071894192326075
10 6 45 -0.7123107975053135
10 7 25 0.0
10 8 49 -0.7850311453199681
10 8 40 -0.6089999774264974
10 9 18 -1.2212753384700283
10 9 54 -0.9834845267340224
10 9 63 -1.1052124670335102
10 11 5 0.0
10 12 1 -0.05415531333819161
10 12 2 -2.9428546475003006
10 13 51 0.0
10 14 9 -0.0012439069418915443
10 14 46 -6.69011998201654
10 15 53 0.0
10 16 39 -2.5883006595620506
10 16 31 -0.07812115750966513
10 17 17 -2.1295556055845974
10 17 37 -0.366941296320851
10 17 27 -1.669933592512656
11 0 34 -0.6186459628158322
11 0 58 -0.7736488702914706
11 1 22 0.0
11 2 20 -0.7285428007831956
11 2 10 -1.902329859871598
11 2 26 -0.9992167118097306
11 3 57 -1.650533763790143
11 3 43 -0.48438749849804313
11 3 14 -1.6503737385587982
11 4 6 0.0
11 5 4 0.0
11 6 12 -0.06834104772801815
11 6 45 -2.7172206286238296
11 7 65 -1.017048461497597
11 7 25 -0.4488855103254013
11 8 49 -12.276903391481074
11 8 40 -4.658108644899968E-6
11 9 0 -1.710800325778518
11 9 18 -1.7155581883588609
11 9 54 -2.102333684379075
11 9 63 -0.6592393652207045
11 10 61 0.0
11 12 2 0.0
11 13 51 -0.8395207124856214
11 13 29 -0.5654886005409638
11 14 9 -2.627795866706891
11 14 46 -0.0749795142888924
11 15 33 -1.0992635527937737
11 15 53 -0.4051396350306662
11 16 39 -0.24970753181292257
11 16 31 -1.5097219561328203
11 17 17 -0.5263088076334218
11 17 37 -0.8935063745278354
12 0 34 -9.636632496685506
12 0 52 -1.5798543947106325
12 0 42 -1.3471739869731498
12 0 58 -9.580024253270397
12 0 62 -0.6275718079806376
12 1 22 0.0
12 2 20 -0.04148700157156516
12 2 10 -3.2030469022941666
12 3 57 -0.8481567768622627
12 3 14 -0.5589720843731041
12 4 6 0.0
12 5 24 -0.23977221408837796
12 5 44 -1.5455577214804672
12 6 28 0.0
12 7 65 -1.2128810452420469
12 7 50 -0.3528812860680418
12 8 49 -0.9443353250561455
12 8 40 -0.4925568558103308
12 9 0 0.0
12 10 55 -0.924782626580437
12 10 61 -0.5052041602317753
12 11 5 -0.49732826893798193
12 11 13 -0.9368846207898672
12 13 3 -0.48485927793892575
12 13 19 -0.9565499812217702
12 14 9 -0.1181704726596508
12 14 46 -2.194130473342744
12 15 33 0.0
12 16 39 -2.7877043897389986
12 16 31 -0.06353888765485922
12 17 17 -1.062730889295801
12 17 37 -0.5522977836209263
12 17 27 -2.5400379745083708
13 0 34 -8.556114284327482
13 0 52 -0.7632867654465004
13 0 42 -0.628287802818733
13 0 58 -8.672036262520516
13 1 22 0.0
13 2 20 -0.04213252861191298
13 2 10 -3.1879274863387947
13 3 57 -0.88312457186262
13 3 14 -0.5335637113429716
13 4 6 0.0
13 5 24 -0.23975588252555413
13 5 44 -1.5456179968416164
13 6 28 0.0
13 7 65 -1.2142228479130786
13 7 50 -0.3523140276080283
13 8 49 -0.9443377667420989
13 8 40 -0.49255530169215034
13 9 0 -0.4933187880376631
13 9 18 -0.9432915965306077
13 9 63 -9.733695989738548
13 10 55 -0.6993417614136975
13 10 61 -0.6869907364183997
13 11 5 -0.4973334681624683
13 11 13 -0.9368765515507308
13 12 2 0.0
13 14 9 -0.11720104238668824
13 14 46 -2.2018927576400067
13 15 33 0.0
13 16 39 -1.5726211910433658
13 16 31 -0.23256349281001068
13 17 17 -1.0611728233895439
13 17 37 -0.5531728215791614
13 17 27 -2.5404853605184816
14 0 58 0.0
14 1 32 -1.2669037833256274
14 1 22 -0.8551706238516871
14 1 56 -1.2272861905043513
14 2 8 0.0
14 3 43 -0.9197758718655582
14 3 14 -0.508508926755308
14 4 6 0.0
14 5 21 0.0
14 6 64 -1.2866819638136942
14 6 35 -3.106441350354799
14 6 12 -0.7767227338673888
14 6 45 -1.5180281017728399
14 7 25 0.0
14 8 49 -1.8890502782541565
14 8 36 -0.16394977993644216
14 9 0 -1.2584999765632527
14 9 18 -1.2613543943838588
14 9 54 -2.1040120483592943
14 9 63 -1.1689791278413741
14 10 61 0.0
14 11 16 -0.5312397065709217
14 11 5 -3.3530108648336037
14 11 41 -1.1842202781855917
14 11 11 -2.642814192757961
14 12 2 0.0
14 13 51 -0.6072875921403704
14 13 29 -0.7870769629319192
14 15 53 0.0
14 16 39 -0.32655289279231536
14 16 31 -1.27800053249514
14 17 27 -1.4941143277567182
14 17 47 -0.2541793469956655
15 0 52 0.0
15 1 32 0.0
15 2 20 -0.1730035070639233
15 2 10 -1.8396983848487596
15 3 57 -0.8806258054272078
15 3 43 -1.7305818654247003
15 3 14 -0.8957646011626799
15 4 6 0.0
15 5 59 0.0
15 6 35 -0.615752937873756
15 6 28 -0.9752299192775213
15 6 45 -2.493014863717879
15 7 65 -1.2886459526741916
15 7 50 -1.3675050258635473
15 7 25 -0.7558431476903382
15 8 49 -1.5867943971162128
15 8 40 -0.22888546099938972
15 9 0 -0.9335846935805296
15 9 18 -1.1320899659062558
15 9 54 -8.135747278101375
15 9 63 -1.258054548558496
15 10 61 0.0
15 11 5 -1.6467065330135808
15 11 13 -0.21403944644690676
15 12 2 0.0
15 13 23 0.0
15 14 9 -1.0750523694827323
15 14 46 -0.4174565421017081
15 16 39 -0.9750340762668572
15 16 31 -0.47349692446259395
15 17 17 -0.5979398935315972
15 17 37 -0.9703730724377994
15 17 27 -2.6434577101585766
16 0 58 0.0
16 1 32 -0.9303413831510773
16 1 22 -1.2786581055606934
16 1 56 -1.1172744087243087
16 2 38 0.0
16 3 43 -0.5340907281357222
16 3 14 -0.8823775038570211
16 4 30 0.0
16 5 21 -1.4621748883110943
16 5 60 -0.2636163042579323
16 6 64 -1.1146786808110307
16 6 35 -1.7427540593584057
16 6 12 -1.4163835253811412
16 6 28 -4.390380633637375
16 6 45 -1.4189997819212625
16 7 25 0.0
16 8 49 -0.9061859928363035
16 8 36 -0.5844361769593029
16 8 40 -3.256641173395166
16 9 18 -1.2273246040010006
16 9 54 -0.985901109529309
16 9 63 -1.0971488358759236
16 10 7 0.0
16 11 5 -0.4731829544420857
16 11 11 -0.9755527375132405
16 12 1 -0.05647291506967769
16 12 2 -2.902097713210351
16 13 51 0.0
16 14 9 0.0
16 15 53 0.0
16 17 17 -2.4525197627653856
16 17 27 -1.098919457093094
16 17 47 -0.5435337162306426
17 0 34 -0.618649648407011
17 0 58 -0.7736445667862674
17 1 22 0.0
17 2 20 -2.7448761048472234
17 2 8 -0.41110729837306487
17 2 10 -2.6437489851369964
17 2 26 -1.6008067560980763
17 3 57 -1.6505373604857674
17 3 43 -0.484387343288502
17 3 14 -1.650370640530799
17 4 6 0.0
17 5 48 -0.7849814717401975
17 5 4 -0.6090416351877314
17 6 12 -0.12705671679130687
17 6 45 -2.1259775101152956
17 7 65 -4.351159247329626
17 7 25 -0.012975680263309877
17 8 36 0.0
17 9 0 -1.6282556441075726
17 9 18 -1.637617063132267
17 9 54 -2.102549396369896
17 9 63 -0.719201905850997
17 10 61 0.0
17 11 16 -0.5719037262931833
17 11 41 -0.8311453508184676
17 12 2 0.0
17 13 51 -0.9198655274825357
17 13 29 -0.5084495065473533
17 14 46 0.0
17 15 33 -1.0305351345822975
17 15 53 -0.44132438248757955
17 16 39 -0.037588163741539914
17 16 31 -3.2998012852306537
