0 1 32 -0.574376948301337
0 1 56 -0.8279492596461805
0 2 20 -0.16700972097341893
0 2 10 -1.8720462123818946
0 3 43 0.0
0 4 6 0.0
0 5 59 0.0
0 6 35 -0.11448469166022858
0 6 45 -2.224010453323234
0 7 65 -0.9603214636019173
0 7 25 -0.48251326083992585
0 8 49 -1.98725259070379
0 8 40 -0.14742344197654517
0 9 18 -0.6844450799123233
0 9 54 -6.989349765961041
0 9 63 -0.7037869479115347
0 10 61 0.0
0 11 5 -1.257512018938757
0 11 13 -0.33457891347580143
0 12 1 -0.13639295893939202
0 12 2 -2.0596366285472545
0 13 51 -10.621180220009169
0 13 23 -0.18347530422214153
0 13 29 -10.125122128166504
0 13 15 -1.7863951975300947
0 14 9 -0.9727429780600089
0 14 46 -0.47488696766291044
0 15 53 0.0
0 16 39 -1.1126522640408356
0 16 31 -0.3985183554803133
0 17 17 -0.5803838602524278
0 17 37 -0.9997660492731469
0 17 27 -2.6262260317274024
1 0 34 -10.597375549827037
1 0 52 -0.7138177464890119
1 0 42 -0.6729442106407473
1 2 20 -0.029370402270576062
1 2 10 -3.5424170960881747
1 3 57 -0.34663982903186896
1 3 14 -1.227787280886597
1 4 6 0.0
1 5 24 -0.6212632236806056
1 5 59 -0.8671566229701104
1 5 44 -3.156131195472656
1 6 28 0.0
1 7 65 -1.4530381340985505
1 7 50 -0.2663886792260014
1 8 49 -0.43159061739907845
1 8 40 -1.0483238364004397
1 9 0 -0.5127709941996887
1 9 18 -0.9135088872029743
1 9 63 -9.868108446739381
1 10 55 -0.7078116351570316
1 10 61 -0.6786946679214371
1 11 5 -0.3198337694948085
1 11 13 -1.2956121656726665
1 12 2 0.0
1 13 23 0.0
1 14 9 -0.1790289865577102
1 14 46 -1.8083869258862242
1 15 33 0.0
1 16 39 -0.9150245688487274
1 16 31 -0.5116706239769652
1 17 17 -1.3372510101205315
1 17 37 -0.49530472433713524
1 17 27 -2.0553473868524863
2 0 58 0.0
2 1 32 -0.93546414363096
2 1 22 -1.2846971396261022
2 1 56 -1.1060541338461771
2 3 43 -0.5337007794029616
2 3 14 -0.8829301806437071
2 4 6 0.0
2 5 21 0.0
2 6 64 -1.2912231994586247
2 6 35 -1.9765121272934436
2 6 12 -1.0118943332478643
2 6 28 -4.5754461314934165
2 6 45 -1.5479539266909412
2 7 25 0.0
2 8 49 -1.7713524002157628
2 8 36 -0.19318860483092432
2 8 40 -5.190229833495686
2 9 0 -1.923710102545575
2 9 18 -1.9282340858980167
2 9 54 -0.9409682331362784
2 9 63 -1.1448193403863343
2 10 61 0.0
2 11 5 -0.6561122438007517
2 11 11 -0.7316066296550002
2 12 2 0.0
2 13 51 0.0
2 14 9 0.0
2 15 53 0.0
2 16 39 -0.10464514814979735
2 16 31 -2.3090465342163276
2 17 17 -3.4285132441756496
2 17 27 -1.5145329768401472
2 17 47 -0.29081496469649115
3 0 42 0.0
3 1 56 0.0
3 2 20 -0.1639885230572519
3 2 10 -1.8888328376743075
3 4 6 0.0
3 5 59 0.0
3 6 35 -0.5512173302662248
3 6 28 -1.0466914386738202
3 6 45 -2.622037971788685
3 7 65 -1.237789753408642
3 7 50 -1.261864352226484
3 7 25 -0.8513231401392641
3 8 49 -1.7541332938873884
3 8 40 -0.1900197121234111
3 9 0 -0.5121062884948837
3 9 18 -0.9144415353186522
3 9 63 -10.49972339468095
3 10 55 -0.37931578315237335
3 10 61 -1.1530562638384332
3 11 5 -1.4510635612815848
3 11 13 -0.2669921798580639
3 12 2 0.0
3 13 23 -1.1375279072973048
3 13 15 -0.3865608579640833
3 14 9 -0.9719230170412612
3 14 46 -0.4753856953116303
3 15 33 -0.02337986430254621
3 15 53 -3.76754728345496
3 16 39 -2.8348078243713775
3 16 31 -0.06052505116083337
3 17 17 -0.5719542006487609
3 17 37 -1.0126875293338198
3 17 27 -2.6264169280447835
4 0 58 0.0
4 1 32 -0.9324059954461624
4 1 22 -1.2816732505436321
4 1 56 -1.1122387701536587
4 2 20 -3.820325106092087
4 2 38 -0.022228698929524487
4 2 10 -9.675735891382647
4 3 43 -0.5336885897090179
4 3 14 -0.8829474655728594
4 5 60 0.0
4 6 64 -1.349570942998321
4 6 35 -3.1194418827426715
4 6 12 -1.923961387493822
4 6 28 -11.017283934376566
4 6 45 -0.5970683743959899
4 7 25 0.0
4 8 49 -0.7330035488299671
4 8 40 -0.6548186430776868
4 9 18 -1.289506478550288
4 9 54 -0.8934103993255474
4 9 63 -1.1541175146646248
4 10 7 0.0
4 11 5 0.0
4 12 1 -0.01775464375628178
4 12 2 -4.039972364643746
4 13 51 0.0
4 14 9 -5.620130372182346E-5
4 14 46 -9.786598703956928
4 15 53 0.0
4 16 31 0.0
4 17 17 -2.3634624978068848
4 17 37 -0.3195070425413578
4 17 27 -1.718142594848044
5 0 58 0.0
5 1 32 -0.9354250797470071
5 1 22 -1.2846597544950957
5 1 56 -1.1061317373734707
5 2 20 -4.4855355414771544E-5
5 2 10 -10.012089996941809
5 3 43 -0.5336981097174529
5 3 14 -0.8829339662017343
5 4 6 0.0
5 6 64 -0.8647699986482108
5 6 35 -1.9786435258693031
5 6 12 -2.003140787304539
5 6 28 -4.577725858269381
5 6 45 -1.219405249514287
5 7 25 0.0
5 8 49 -0.7688641092409478
5 8 40 -0.6227619710217496
5 9 0 -1.9235833626420995
5 9 18 -1.9283595510196094
5 9 54 -0.9409696405793814
5 9 63 -1.1448184668904147
5 10 61 0.0
5 11 5 0.0
5 12 2 0.0
5 13 51 0.0
5 14 9 -2.0112068226629668E-4
5 14 46 -8.511705979449754
5 15 53 0.0
5 16 39 -1.443064500676284
5 16 31 -0.2694529763414969
5 17 17 -2.413937411452333
5 17 37 -0.17509428746479908
5 17 27 -2.6428275686461458
6 0 34 0.0
6 1 22 0.0
6 2 20 -0.6295089223943503
6 2 10 -1.8722290930837477
6 2 26 -1.160383115708796
6 3 57 -1.651311188317093
6 3 43 -0.4839255965714686
6 3 14 -1.6510796150794447
6 4 6 0.0
6 5 4 -1.448845023380826
6 5 59 -1.9576395131375066
6 5 44 -0.47165727723025425
6 7 65 -0.9490471437847973
6 7 50 -4.574020546188728
6 7 25 -0.5065449760474878
6 8 49 -1.2096855148957935
6 8 40 -0.35423659453022494
6 9 0 -1.6043753721230225
6 9 18 -1.6049617349024563
6 9 54 -2.2627983582170224
6 9 63 -0.7051614646101989
6 10 61 0.0
6 11 13 0.0
6 12 2 0.0
6 13 29 0.0
6 14 9 -0.9561417966834758
6 14 46 -0.48511404767718047
6 15 33 -1.1976016686339719
6 15 53 -0.3594179057990415
6 16 39 -0.6603127209614638
6 16 31 -0.7270964496128247
6 17 17 -0.3753097109508728
6 17 37 -1.1617963698232292
7 0 58 0.0
7 1 22 0.0
7 2 20 -1.2087104293374173E-4
7 2 10 -9.020846776485467
7 3 57 -1.577008488113508
7 3 43 -0.5331613277653108
7 3 14 -1.5766771174575798
7 4 6 0.0
7 5 24 0.0
7 6 64 -0.8646760189896312
7 6 35 -1.9786563722899388
7 6 12 -2.0032277644480283
7 6 28 -4.577682484769096
7 6 45 -1.2194950192502374
7 8 49 -0.7688019413923877
7 8 40 -0.6228156914727975
7 9 0 -1.9236122271004512
7 9 18 -1.9283330115425683
7 9 54 -0.9409663658815967
7 9 63 -1.1448213572599515
7 10 61 0.0
7 11 5 0.0
7 12 2 0.0
7 13 51 0.0
7 14 9 -3.1869353523140617E-4
7 14 46 -8.051439964090855
7 15 33 -0.8829343723719644
7 15 53 -0.5336978232754294
7 16 39 -1.448531938389665
7 16 31 -0.26776821555874486
7 17 17 -2.4130444023703204
7 17 37 -0.17519068051193135
7 17 27 -2.6428137980650237
8 0 34 -0.5890943748909673
8 0 58 -0.8092979799031574
8 1 22 0.0
8 2 20 -3.486414357324987
8 2 8 -0.32255203066529203
8 2 10 -2.793733953970811
8 2 26 -1.69336845674332
8 3 57 -1.892720626886441
8 3 43 -0.3585693402729956
8 3 14 -1.8927066396273733
8 4 6 0.0
8 5 48 -0.7970489352945106
8 5 4 -0.5990321172495443
8 6 12 -0.0330493737605565
8 6 45 -3.426231837522442
8 7 65 -4.422463065687314
8 7 25 -0.012077265105716167
8 9 0 -1.5592020140554905
8 9 18 -1.565334436652582
8 9 54 -2.4888351886622235
8 9 63 -0.6978150968221567
8 10 61 0.0
8 11 16 -0.6335002239675804
8 11 41 -0.7565788353729712
8 12 2 0.0
8 13 51 -0.999567345822562
8 13 29 -0.45892702623765935
8 14 46 0.0
8 15 33 -1.199621916122999
8 15 53 -0.3585454209302755
8 16 39 -0.026729145494233893
8 16 31 -3.63533552167466
8 17 37 0.0
9 0 62 0.0
9 1 22 0.0
9 2 20 -0.07559729564583467
9 2 10 -2.619895304516498
9 3 57 -0.9304811911906612
9 3 43 -10.945140994153158
9 3 14 -0.5015051014488919
9 4 6 0.0
9 5 24 -0.9052621855391412
9 5 59 -0.9279393820982528
9 5 44 -1.6084554303593555
9 6 35 -0.6972613640704198
9 6 28 -0.6890498542255931
9 7 65 -0.6377617777220808
9 7 50 -0.751780915342895
9 8 49 -0.9258666893244788
9 8 40 -0.5044922195313261
9 10 55 -0.8931550311400908
9 10 61 -0.5265522460216041
9 11 5 -0.6162349793655171
9 11 13 -0.7764714586979017
9 12 1 0.0
9 13 3 -0.4856244455189205
9 13 19 -0.955324865736457
9 14 9 -0.26499884876985946
9 14 46 -1.4576049158192907
9 15 33 -0.21388081664009512
9 15 53 -1.6473714432626785
9 16 39 -2.5442089699339436
9 16 31 -0.08179064810399826
9 17 17 -0.9484926573560711
9 17 37 -0.6325361038703667
9 17 27 -2.5079773654946567
10 0 58 0.0
10 1 32 -0.9323379790535035
10 1 22 -1.2816048184415183
10 1 56 -1.1123779677925534
10 2 20 -3.3067754231376137E-4
10 2 10 -8.01453218404128
10 3 43 -0.5336881231252236
10 3 14 -0.8829481271966264
10 4 6 0.0
10 5 60 0.0
10 6 64 -1.3495537827682575
10 6 35 -3.1206831213167674
10 6 12 -1.9238335986136825
10 6 28 -11.040410978005744
10 6 45 -0.5970101135986596
10 7 25 0.0
10 8 49 -0.7970694924085496
10 8 40 -0.5990152534120766
10 9 18 -1.2895138157195318
10 9 54 -0.8934093190790707
10 9 63 -1.1541125085880926
10 11 5 0.0
10 12 1 -0.0177348244893337
10 12 2 -4.041079394205802
10 13 51 0.0
10 14 9 -7.109895479438837E-4
10 14 46 -7.249208302481191
10 15 53 0.0
10 16 39 -3.1139244278526883
10 16 31 -0.04544334937564927
10 17 17 -1.8556284807907288
10 17 37 -0.4108598858482763
10 17 27 -1.711661563523995
11 0 34 -0.5898090886472328
11 0 58 -0.8084079248391121
11 1 22 0.0
11 2 20 -0.9122807066706573
11 2 10 -1.8944402742600506
11 2 26 -0.8029837568115371
11 3 57 -1.8942382022936557
11 3 43 -0.357918756136436
11 3 14 -1.8942093153250081
11 4 6 0.0
11 5 4 0.0
11 6 12 -0.05632571406476955
11 6 45 -2.9046347846039073
11 7 65 -1.2167876475200177
11 7 25 -0.3512327441602308
11 8 49 -12.792717436497172
11 8 40 -2.7809553284088983E-6
11 9 0 -1.5615978639210082
11 9 18 -1.5663292085141196
11 9 54 -2.478777876623379
11 9 63 -0.6980722476364428
11 10 61 0.0
11 12 2 0.0
11 13 51 -0.9986499387789117
11 13 29 -0.45946168942841825
11 14 9 -3.138952657223628
11 14 46 -0.04429484452971718
11 15 33 -1.2009877825666508
11 15 53 -0.3579569716879367
11 16 39 -0.19710252374029888
11 16 31 -1.7209643209394336
11 17 17 -0.41912429998917705
11 17 37 -1.0718411968058055
12 0 34 -11.118891333245696
12 0 52 -1.4661816103147907
12 0 42 -1.3031092707316454
12 0 58 -11.852269838380497
12 0 62 -0.6981854400527644
12 1 22 0.0
12 2 20 -0.03306498695124148
12 2 10 -3.4257672924957507
12 3 57 -0.9518138727138117
12 3 14 -0.48782576062105226
12 4 6 0.0
12 5 24 -0.2397550269339107
12 5 44 -1.5456211547252028
12 6 28 0.0
12 7 65 -1.099788707335167
12 7 50 -0.40487741735326527
12 8 49 -0.9258492403646441
12 8 40 -0.5045036687331493
12 9 0 0.0
12 10 55 -0.810502407238765
12 10 61 -0.5881290439078226
12 11 5 -0.5532305240550298
12 11 13 -0.8558754672812919
12 13 3 -0.48272648610077007
12 13 19 -0.959977725894609
12 14 9 -0.15172220935362324
12 14 46 -1.9606061376247899
12 15 33 0.0
12 16 39 -2.625647670198802
12 16 31 -0.07514697112129033
12 17 17 -1.0446862080541288
12 17 37 -0.5923415705871932
12 17 27 -2.3521220518378287
13 0 34 -10.014254764771332
13 0 52 -0.7129620257857481
13 0 42 -0.6738457515433072
13 0 58 -10.785355825638344
13 1 22 0.0
13 2 20 -0.03244596341623823
13 2 10 -3.444358355425876
13 3 57 -1.128832625022561
13 3 14 -0.3906906561562787
13 4 6 0.0
13 5 24 -0.23974929928493138
13 5 44 -1.5456422950999675
13 6 28 0.0
13 7 65 -1.0998140143674737
13 7 50 -0.40486478637922024
13 8 49 -0.925863725897124
13 8 40 -0.5044941639722106
13 9 0 -0.5119765337300333
13 9 18 -0.9146639494904686
13 9 63 -10.154356219365189
13 10 55 -0.7079037451967874
13 10 61 -0.6786052092993734
13 11 5 -0.553234677330137
13 11 13 -0.8558698461257147
13 12 2 0.0
13 14 9 -0.15208372730861008
13 14 46 -1.958402394070142
13 15 33 0.0
13 16 39 -2.36398302016929
13 16 31 -0.09876552550458531
13 17 17 -1.0419321172252851
13 17 37 -0.5937416733253521
13 17 27 -2.354188688152817
14 0 58 0.0
14 1 32 -1.2755253067788623
14 1 22 -0.9293850498787785
14 1 56 -1.1211052767656626
14 2 8 0.0
14 3 43 -0.8811146251766757
14 3 14 -0.5349831508982036
14 4 6 0.0
14 5 21 0.0
14 6 64 -1.3442572802168553
14 6 35 -4.01138220062133
14 6 12 -0.6753514971327005
14 6 45 -1.5503161668045005
14 7 25 0.0
14 8 49 -1.881257656149544
14 8 36 -0.16534447110960407
14 9 0 -1.2717392674300778
14 9 18 -1.2759309227340994
14 9 54 -2.062193628071014
14 9 63 -1.1605597865147084
14 10 61 0.0
14 11 16 -0.5633363194623244
14 11 5 -4.083593710821299
14 11 41 -1.0425693626957304
14 11 11 -2.791991945188138
14 12 2 0.0
14 13 51 -0.6524623115872038
14 13 29 -0.7355577667946064
14 15 53 0.0
14 16 39 -0.16549622927766292
14 16 31 -1.8804140348296075
14 17 27 -1.534927826004073
14 17 47 -0.2426720497742299
15 0 52 0.0
15 1 32 0.0
15 2 20 -0.16737889795422867
15 2 10 -1.8700175872322569
15 3 57 -0.7146904942339646
15 3 43 -3.7678031405032915
15 3 14 -0.7183548491899219
15 4 6 0.0
15 5 59 0.0
15 6 35 -0.523393521747719
15 6 28 -1.1125096881212306
15 6 45 -2.5413418587305796
15 7 65 -1.3069683673993413
15 7 50 -1.4866444501941
15 7 25 -0.6867068993529963
15 8 49 -1.8123466404353812
15 8 40 -0.1782544980622731
15 9 0 -0.6978374930203667
15 9 18 -1.1526274746979452
15 9 54 -10.009287943459277
15 9 63 -1.6793842102981777
15 10 61 0.0
15 11 5 -1.4055821867669998
15 11 13 -0.2813345918305812
15 12 2 0.0
15 13 23 0.0
15 14 9 -0.9726915917473916
15 14 46 -0.474918203221559
15 16 39 -1.0504369430203901
15 16 31 -0.43045201646756426
15 17 17 -0.5695017170780365
15 17 37 -0.9939109041294157
15 17 27 -2.7478356822946375
16 0 58 0.0
16 1 32 -0.9356757709254877
16 1 22 -1.284897970387567
16 1 56 -1.105635298355135
16 2 38 0.0
16 3 43 -0.5337104529571209
16 3 14 -0.8829164639516022
16 4 30 0.0
16 5 21 -1.602379778781635
16 5 60 -0.22491589623603514
16 6 64 -1.1253395825046968
16 6 35 -1.9783345001668744
16 6 12 -1.2278727852556925
16 6 28 -4.576787942528871
16 6 45 -1.4526244385647944
16 7 25 0.0
16 8 49 -1.3632227018618397
16 8 36 -0.3165916009363946
16 8 40 -4.164545976616158
16 9 18 -1.2329708300178577
16 9 54 -0.9341623919740577
16 9 63 -1.1530907061629998
16 10 7 0.0
16 11 5 -0.6501598061281084
16 11 11 -0.7380657991988276
16 12 1 -0.05123435821922465
16 12 2 -2.9968527212179255
16 13 51 0.0
16 14 9 0.0
16 15 53 0.0
16 17 17 -2.8431237400836493
16 17 27 -1.4014134089757762
16 17 47 -0.3631129260648891
17 0 34 -0.5890895776216631
17 0 58 -0.8093039589182506
17 1 22 0.0
17 2 20 -3.486425511349855
17 2 8 -0.3225558320595273
17 2 10 -2.7937377289695484
17 2 26 -1.6933503721670813
17 3 57 -1.8927216637733093
17 3 43 -0.3585697316386677
17 3 14 -1.8927037878708632
17 4 6 0.0
17 5 48 -0.7970495170317883
17 5 4 -0.5990316400180978
17 6 12 -0.03305109567169286
17 6 45 -3.4261805939199568
17 7 65 -4.422460286153183
17 7 25 -0.012077298878464574
17 8 36 0.0
17 9 0 -1.5591986258354333
17 9 18 -1.5653371151375675
17 9 54 -2.4888349471329576
17 9 63 -0.6978154439473475
17 10 61 0.0
17 11 16 -0.569658831146704
17 11 41 -0.8340621333429937
17 12 2 0.0
17 13 51 -0.999568170198768
17 13 29 -0.45892654614169276
17 14 46 0.0
17 15 33 -1.1996197040865522
17 15 53 -0.3585463748637421
17 16 39 -0.026729507476190864
17 16 31 -3.6353221593573686
