0 1 32 -0.4491813397125604
0 1 56 -1.0165265296828396
0 2 20 -0.8195689529417907
0 2 10 -0.5809290084254709
0 3 43 0.0
0 4 6 0.0
0 5 59 0.0
0 6 35 -0.056479324753529375
0 6 45 -2.9019873941868553
0 7 65 -0.33422526140597114
0 7 25 -1.2584025952269802
0 8 49 -1.5158498707484056
0 8 40 -0.2479761637688333
0 9 18 -0.43060382537117303
0 9 54 -11.02057505083634
0 9 63 -1.0502015706702785
0 10 61 0.0
0 11 5 -1.7951537136348423
0 11 13 -0.18164408823337683
0 12 1 -1.394779814103872
0 12 2 -0.284869513691992
0 13 51 -13.52478432933413
0 13 23 -0.6942883952967847
0 13 29 -13.64260930580563
0 13 15 -0.6920123132607768
0 14 9 -1.14577257756506
0 14 46 -0.3826935983032306
0 15 53 0.0
0 16 39 -0.5209621385278834
0 16 31 -0.901276048347674
0 17 17 -0.6579735609754266
0 17 37 -1.0969029392896703
0 17 27 -1.9092152914303202
1 0 34 -13.277328995035564
1 0 52 -0.524315483180947
1 0 42 -0.89639532818223
1 2 20 -0.34455926249654706
1 2 10 -1.2328269828069658
1 3 57 -0.26918923135698425
1 3 14 -1.4439178361061213
1 4 6 0.0
1 5 24 -1.1187357024260143
1 5 59 -0.6228873950367658
1 5 44 -1.9884022146712204
1 6 28 0.0
1 7 65 -1.0023200664601846
1 7 50 -0.45732739446812914
1 8 49 -0.5546917217480245
1 8 40 -0.8539012271356028
1 9 0 -0.6350572668476671
1 9 18 -0.8795281654044883
1 9 63 -2.8983117446300333
1 10 55 -0.21233822763762303
1 10 61 -1.653866034633679
1 11 5 -0.3758655909293836
1 11 13 -1.1605769245355304
1 12 2 0.0
1 13 23 0.0
1 14 9 -0.754528228640425
1 14 46 -0.6353168678316665
1 15 33 0.0
1 16 39 -1.963160446674794
1 16 31 -0.15130434064751408
1 17 17 -1.138258161361189
1 17 37 -0.9278488749790882
1 17 27 -1.2580064769481525
2 0 58 0.0
2 1 32 -0.7920651179538809
2 1 22 -1.5098684136991927
2 1 56 -1.1203904238891393
2 3 43 -0.40198750229798447
2 3 14 -1.1056039931635642
2 4 6 0.0
2 5 21 0.0
2 6 64 -0.527364856734015
2 6 35 -11.709730552219282
2 6 12 -2.1017959292512978
2 6 28 -12.47507629354726
2 6 45 -1.246208333086206
2 7 25 0.0
2 8 49 -4.906144922079115
2 8 36 -0.014542452746747783
2 8 40 -4.956678883651944
2 9 0 -2.4212973168651577
2 9 18 -2.4225404843835316
2 9 54 -0.6940386458880687
2 9 63 -1.130278819164548
2 10 61 0.0
2 11 5 -0.1534647139518934
2 11 11 -1.950035855311752
2 12 2 0.0
2 13 51 0.0
2 14 9 0.0
2 15 53 0.0
2 16 39 -0.07813635586314248
2 16 31 -2.588113630225428
2 17 17 -5.334603444009837
2 17 27 -3.475203803544056
2 17 47 -0.0364330423583989
3 0 42 0.0
3 1 56 0.0
3 2 20 -0.7539503009130415
3 2 10 -0.6358301280977722
3 4 6 0.0
3 5 59 0.0
3 6 35 -0.17712810319496508
3 6 28 -2.249807614066894
3 6 45 -2.8663188752246107
3 7 65 -0.4634281951083494
3 7 50 -2.47317423109703
3 7 25 -1.2498072713728225
3 8 49 -1.4243372801686256
3 8 40 -0.27531605546652244
3 9 0 -0.6553758308963745
3 9 18 -0.8608157513318256
3 9 63 -2.8484146851091356
3 10 55 -0.16442839762787015
3 10 61 -1.886367999751826
3 11 5 -1.6287224956642161
3 11 13 -0.218379958952162
3 12 2 0.0
3 13 23 -1.4579091175770258
3 13 15 -0.26490656328664436
3 14 9 -1.0869229701822993
3 14 46 -0.41136140995769777
3 15 33 -0.08001879702620118
3 15 53 -2.5652363298325325
3 16 39 -1.4197926952156568
3 16 31 -0.27676076834496316
3 17 17 -0.6593299151242198
3 17 37 -1.1073395636695846
3 17 27 -1.8814742459878688
4 0 58 0.0
4 1 32 -0.7912899446011014
4 1 22 -1.5112436815319719
4 1 56 -1.1205363086561333
4 2 20 -4.6486479255578415
4 2 38 -0.02119758309192888
4 2 10 -4.474145892299767
4 3 43 -0.40151744983167986
4 3 14 -1.106554667104438
4 5 60 0.0
4 6 64 -0.5527500816418134
4 6 35 -10.501859014325202
4 6 12 -2.204392023047867
4 6 28 -11.23412908952714
4 6 45 -1.1574824483170674
4 7 25 0.0
4 8 49 -0.5286849511500398
4 8 40 -0.8900859050684906
4 9 18 -2.7695299765784496
4 9 54 -0.20943333188023536
4 9 63 -2.069373773482194
4 10 7 0.0
4 11 5 0.0
4 12 1 -0.2179945755279319
4 12 2 -1.6303031025856765
4 13 51 0.0
4 14 9 -0.0958777509742733
4 14 46 -2.392237208556852
4 15 53 0.0
4 16 31 0.0
4 17 17 -2.959374637785284
4 17 37 -2.7735556406223885
4 17 27 -0.12136674540220647
5 0 58 0.0
5 1 32 -0.7796711400870235
5 1 22 -1.5321675280171811
5 1 56 -1.1227726619432417
5 2 20 -0.008309717201359784
5 2 10 -4.794481683278487
5 3 43 -0.391329465579959
5 3 14 -1.1274975254883544
5 4 6 0.0
5 6 64 -0.33208269075922686
5 6 35 -13.042420913779535
5 6 12 -2.843266914089689
5 6 28 -13.793959092335928
5 6 45 -1.4946205578225527
5 7 25 0.0
5 8 49 -0.4341631002119796
5 8 40 -1.0435747925682106
5 9 0 -2.4197256573519637
5 9 18 -2.4211190534983804
5 9 54 -0.6955447826579668
5 9 63 -1.1287750940863357
5 10 61 0.0
5 11 5 0.0
5 12 2 0.0
5 13 51 0.0
5 14 9 -0.4752226952919268
5 14 46 -0.9721908873864168
5 15 53 0.0
5 16 39 -0.5983849760349229
5 16 31 -0.79783835618125
5 17 17 -1.0706856313422763
5 17 37 -0.8037662231470876
5 17 27 -1.562617755773597
6 0 34 0.0
6 1 22 0.0
6 2 20 -1.2770387500803249
6 2 10 -3.168959588117188
6 2 26 -0.38700040533541147
6 3 57 -2.9889668097715285
6 3 43 -0.10610122672042122
6 3 14 -2.989214101827529
6 4 6 0.0
6 5 4 -1.8264598248551698
6 5 59 -12.259755763794384
6 5 44 -0.17552932229588264
6 7 65 -0.10260854266551583
6 7 50 -13.092175508065809
6 7 25 -2.3277208470657746
6 8 49 -1.9941962844815313
6 8 40 -0.1463248980841972
6 9 0 -2.909610407272615
6 9 18 -2.9100307487862844
6 9 54 -2.6359377441255987
6 9 63 -0.19921068954742105
6 10 61 0.0
6 11 13 0.0
6 12 2 0.0
6 13 29 0.0
6 14 9 -1.696939068091606
6 14 46 -0.20241434676067438
6 15 33 -2.284818179810634
6 15 53 -0.10735424444587591
6 16 39 -0.5723876104542504
6 16 31 -0.8305186107773158
6 17 17 -0.4335045672499593
6 17 37 -1.044787198083896
7 0 58 0.0
7 1 22 0.0
7 2 20 -0.013285385375896908
7 2 10 -4.3277260303146425
7 3 57 -1.4080208503255882
7 3 43 -0.6719074512030281
7 3 14 -1.407969199132508
7 4 6 0.0
7 5 24 0.0
7 6 64 -0.31200673201189194
7 6 35 -12.529212004277662
7 6 12 -2.8572145509847613
7 6 28 -13.256274287916586
7 6 45 -1.557844400781664
7 8 49 -0.4354986826579218
7 8 40 -1.0411228386268558
7 9 0 -2.4197621768790594
7 9 18 -2.42108142877055
7 9 54 -0.6955458578007465
7 9 63 -1.1287737258797905
7 10 61 0.0
7 11 5 0.0
7 12 2 0.0
7 13 51 0.0
7 14 9 -0.48989974940699565
7 14 46 -0.9485242274835155
7 15 33 -1.1394638432879665
7 15 53 -0.38564857047922513
7 16 39 -0.5928862128498891
7 16 31 -0.8045921351944598
7 17 17 -1.081502280964593
7 17 37 -0.8130348514983945
7 17 27 -1.5259968720718458
8 0 34 -0.3907430158979924
8 0 58 -1.1287230949626066
8 1 22 0.0
8 2 20 -5.125914464843756
8 2 8 -0.0664330804687333
8 2 10 -4.448385339690287
8 2 26 -3.0653772168364615
8 3 57 -2.3364965584160284
8 3 43 -0.21483862042826585
8 3 14 -2.336527869677
8 4 6 0.0
8 5 48 -0.7435263028009393
8 5 4 -0.6451848452537318
8 6 12 -0.23337455974967325
8 6 45 -1.5695295523063657
8 7 65 -2.38598533274903
8 7 25 -0.09650901269639305
8 9 0 -2.3465161404720916
8 9 18 -2.348510090548921
8 9 54 -1.625221227652268
8 9 63 -0.49115612896624705
8 10 61 0.0
8 11 16 -0.8312083455830952
8 11 41 -0.5718551199424072
8 12 2 0.0
8 13 51 -0.8294781254392435
8 13 29 -0.5731921209963483
8 14 46 0.0
8 15 33 -1.646379964700145
8 15 53 -0.21411740476787233
8 16 39 -0.05967304584391228
8 16 31 -2.848563011580294
8 17 37 0.0
9 0 62 0.0
9 1 22 0.0
9 2 20 -0.3102991113306997
9 2 10 -1.3213594438169471
9 3 57 -0.7764885414661933
9 3 43 -2.8563863241997187
9 3 14 -0.7287631662314773
9 4 6 0.0
9 5 24 -1.0488996360520544
9 5 59 -1.128958906470645
9 5 44 -1.1199158853271591
9 6 35 -0.11571908540039146
9 6 28 -2.2138913529650575
9 7 65 -0.22285200352473028
9 7 50 -1.6106049543373304
9 8 49 -0.827146384261782
9 8 40 -0.5750004430849303
9 10 55 -0.405662594607161
9 10 61 -1.0982174326343712
9 11 5 -0.882105344757655
9 11 13 -0.5342828888749344
9 12 1 0.0
9 13 3 -0.6727091998474632
9 13 19 -0.7140116030912222
9 14 9 -0.9341050686531167
9 14 46 -0.4991232975093238
9 15 33 -0.07648910668244153
9 15 53 -2.6086077355121717
9 16 39 -1.1917270327811569
9 16 31 -0.3619693882374289
9 17 17 -0.8710584223515404
9 17 37 -0.9530154581476582
9 17 27 -1.6300740543942
10 0 58 0.0
10 1 32 -0.7912624728030577
10 1 22 -1.511274009361018
10 1 56 -1.120553974110606
10 2 20 -0.060336915808592455
10 2 10 -2.8378279333014964
10 3 43 -0.4014737727504314
10 3 14 -1.1066430719485645
10 4 6 0.0
10 5 60 0.0
10 6 64 -0.5466876699444603
10 6 35 -10.676240885946864
10 6 12 -2.2367679262306366
10 6 28 -11.441452670175659
10 6 45 -1.1574105096748453
10 7 25 0.0
10 8 49 -0.5247588585311841
10 8 40 -0.8957482560218698
10 9 18 -2.7706106920528635
10 9 54 -0.20933194393023147
10 9 63 -2.0694887700667364
10 11 5 0.0
10 12 1 -0.21788608368288198
10 12 2 -1.630748630783027
10 13 51 0.0
10 14 9 -0.6985547768510075
10 14 46 -0.6877686691576871
10 15 53 0.0
10 16 39 -2.5088095147848217
10 16 31 -0.08486645587660656
10 17 17 -1.0457198534390777
10 17 37 -0.8496545105092023
10 17 27 -1.5095987708752707
11 0 34 -0.39046910340348506
11 0 58 -1.1292962821314663
11 1 22 0.0
11 2 20 -3.918836530538244
11 2 10 -4.213606329253026
11 2 26 -0.03527192112645221
11 3 57 -2.336506939342554
11 3 43 -0.21483896577559186
11 3 14 -2.3365146065674054
11 4 6 0.0
11 5 4 0.0
11 6 12 -0.193865365431899
11 6 45 -1.7359585355215013
11 7 65 -1.9106272529510093
11 7 25 -0.1601541182936191
11 8 49 -5.2702639561382405
11 8 40 -0.005155519948566088
11 9 0 -2.346137129781631
11 9 18 -2.3480975267168933
11 9 54 -1.6130869165753585
11 9 63 -0.4952157191540293
11 10 61 0.0
11 12 2 0.0
11 13 51 -0.8294781235980353
11 13 29 -0.5731921224212971
11 14 9 -3.1171969299218714
11 14 46 -0.045291465340380574
11 15 33 -1.6459948569989757
11 15 53 -0.21420937813293028
11 16 39 -0.137057128640372
11 16 31 -2.055103435482632
11 17 17 -0.09693353360159322
11 17 37 -2.3818050488225264
12 0 34 -11.814939995306245
12 0 52 -0.6504750727232698
12 0 42 -0.919607038947057
12 0 58 -12.223585522742297
12 0 62 -2.5318197417496244
12 1 22 0.0
12 2 20 -0.40487414524981136
12 2 10 -1.0997952631291759
12 3 57 -0.7200628524926301
12 3 14 -0.6669370143369115
12 4 6 0.0
12 5 24 -0.36852020372074473
12 5 44 -1.1768676031885688
12 6 28 0.0
12 7 65 -1.1193740185432781
12 7 50 -0.39524368083318084
12 8 49 -0.5536441368563457
12 8 40 -0.8553159420393227
12 9 0 0.0
12 10 55 -0.08872041307097485
12 10 61 -2.466297536781389
12 11 5 -0.43028583989834596
12 11 13 -1.0507459220454634
12 13 3 -0.5804734948437641
12 13 19 -0.8201475362369842
12 14 9 -0.7441498344043447
12 14 46 -0.6446200496893537
12 15 33 0.0
12 16 39 -2.2900489745598596
12 16 31 -0.10676316835415146
12 17 17 -1.1247417403253543
12 17 37 -0.9501912193749054
12 17 27 -1.2427254171005016
13 0 34 -13.148131732898571
13 0 52 -0.5494662250831456
13 0 42 -0.861001509157228
13 0 58 -13.283008448682754
13 1 22 0.0
13 2 20 -0.40469521233283506
13 2 10 -1.100153860722276
13 3 57 -1.6013199671995921
13 3 14 -0.22518337661815374
13 4 6 0.0
13 5 24 -0.3689862991006653
13 5 44 -1.175822383890719
13 6 28 0.0
13 7 65 -1.1202807017891223
13 7 50 -0.3948044654585787
13 8 49 -0.5533444404146295
13 8 40 -0.8557213096903179
13 9 0 -0.6668889398665966
13 9 18 -0.7990773102549863
13 9 63 -3.2981019364188358
13 10 55 -0.08873074688592743
13 10 61 -2.466186157893878
13 11 5 -0.4303601197451853
13 11 13 -1.0506077922829626
13 12 2 0.0
13 14 9 -0.7446314364925348
13 14 46 -0.644184273075888
13 15 33 0.0
13 16 39 -2.217842101434082
13 16 31 -0.11523547891885108
13 17 17 -1.1239644164927114
13 17 37 -0.9491949017134629
13 17 27 -1.2449384189031063
14 0 58 0.0
14 1 32 -0.9202644059341326
14 1 22 -1.2970506516825702
14 1 56 -1.1139811517249494
14 2 8 0.0
14 3 43 -0.5223982204344724
14 3 14 -0.8991791362716923
14 4 6 0.0
14 5 21 0.0
14 6 64 -1.1308989353066565
14 6 35 -11.373504547756196
14 6 12 -0.7807647527490131
14 6 45 -1.5178166877570658
14 7 25 0.0
14 8 49 -3.7537304403327605
14 8 36 -0.023709028654966945
14 9 0 -1.9173513730567304
14 9 18 -1.9194889113483034
14 9 54 -0.9594821949667431
14 9 63 -1.1293877180719891
14 10 61 0.0
14 11 16 -0.3668904781290329
14 11 5 -4.639007900501296
14 11 41 -1.2777761992231023
14 11 11 -3.9743825051601482
14 12 2 0.0
14 13 51 -0.8294735048672103
14 13 29 -0.5731956969668488
14 15 53 0.0
14 16 39 -0.11708226779912774
14 16 31 -2.2028484694327735
14 17 27 -3.0505054746044395
14 17 47 -0.04849194993181543
15 0 52 0.0
15 1 32 0.0
15 2 20 -0.7863136488576603
15 2 10 -0.6079257469794027
15 3 57 -0.5971186881122619
15 3 43 -2.678838541613944
15 3 14 -0.9650557711735714
15 4 6 0.0
15 5 59 0.0
15 6 35 -0.15977447250984333
15 6 28 -2.3494965219949426
15 6 45 -2.9517763099861782
15 7 65 -0.4687237301490642
15 7 50 -2.4726680193222457
15 7 25 -1.2384260075138185
15 8 49 -1.4453510021948908
15 8 40 -0.2687469372476469
15 9 0 -0.7256357446313474
15 9 18 -0.7832125108441722
15 9 54 -10.282785588329139
15 9 63 -2.8299927259243547
15 10 61 0.0
15 11 5 -1.6695465783641412
15 11 13 -0.20866443186938255
15 12 2 0.0
15 13 23 0.0
15 14 9 -1.096791663096358
15 14 46 -0.40637666540868017
15 16 39 -0.5712648526484146
15 16 31 -0.8319739048265771
15 17 17 -0.6531118165215065
15 17 37 -1.1095583815196752
15 17 27 -1.8979758417044685
16 0 58 0.0
16 1 32 -0.7918031921256155
16 1 22 -1.5104260607456375
16 1 56 -1.1203765418716043
16 2 38 0.0
16 3 43 -0.40186740751450784
16 3 14 -1.1058467545981496
16 4 30 0.0
16 5 21 -0.32294335971074695
16 5 60 -1.2874082611559132
16 6 64 -0.5776138595148483
16 6 35 -10.44186211755452
16 6 12 -1.9211695710578232
16 6 28 -11.056370392494605
16 6 45 -1.2300311398003392
16 7 25 0.0
16 8 49 -3.311110329727625
16 8 36 -0.06844532566542631
16 8 40 -3.517287497376896
16 9 18 -2.7538029849281034
16 9 54 -0.2109562295221574
16 9 63 -2.0674712172830296
16 10 7 0.0
16 11 5 -0.21709161837809338
16 11 11 -1.6340186910906989
16 12 1 -0.21973044296229174
16 12 2 -1.6232080455918987
16 13 51 0.0
16 14 9 0.0
16 15 53 0.0
16 17 17 -3.8977496973921633
16 17 27 -2.1576860954507198
16 17 47 -0.1460433931125927
17 0 34 -0.39074302042159204
17 0 58 -1.1287230855005654
17 1 22 0.0
17 2 20 -5.224822538383735
17 2 8 -0.06067582689864961
17 2 10 -4.524215650149087
17 2 26 -3.154793883703925
17 3 57 -2.3364987631963756
17 3 43 -0.21483874019029434
17 3 14 -2.3365246653944385
17 4 6 0.0
17 5 48 -0.7489857221683844
17 5 4 -0.6402623760681827
17 6 12 -0.23217284295504365
17 6 45 -1.5741145919478066
17 7 65 -2.376769139855608
17 7 25 -0.09744754930240844
17 8 36 0.0
17 9 0 -2.3465140241951614
17 9 18 -2.348510775093771
17 9 54 -1.6253034431087332
17 9 63 -0.4911299039455834
17 10 61 0.0
17 11 16 -0.4918474314650519
17 11 41 -0.9454509218801126
17 12 2 0.0
17 13 51 -0.8294781417430053
17 13 29 -0.5731921083785315
17 14 46 0.0
17 15 33 -1.6463837410742752
17 15 53 -0.21411650309236785
17 16 39 -0.055572475271609995
17 16 31 -2.917724811154929
