0 1 32 -0.5534485169096125
0 1 56 -0.8555805040382727
0 2 20 -0.20874828392423414
0 2 10 -1.669185276586351
0 3 43 0.0
0 4 6 0.0
0 5 59 0.0
0 6 35 -0.07828480816583358
0 6 45 -2.586288778170391
0 7 65 -0.6156889032613972
0 7 25 -0.7771128171721335
0 8 49 -1.5392353939687433
0 8 40 -0.24149221464836998
0 9 18 -0.632364172134804
0 9 54 -7.028579509938905
0 9 63 -0.7597579043159741
0 10 61 0.0
0 11 5 -1.2934986954060967
0 11 13 -0.3206314944837135
0 12 1 -0.2097928670454455
0 12 2 -1.664697811141192
0 13 51 -11.446741652808756
0 13 23 -0.15589220062749176
0 13 29 -10.456469409261283
0 13 15 -1.9357975436626529
0 14 9 -1.0783608483199765
0 14 46 -0.4157467293218569
0 15 53 0.0
0 16 39 -1.0339875366468743
0 16 31 -0.43941423862695833
0 17 17 -0.568012739172385
0 17 37 -0.9919872290608692
0 17 27 -2.77241943912163
1 0 34 -10.75651673265605
1 0 52 -0.6964132253697295
1 0 42 -0.6899342427072599
1 2 20 -0.037895758992790046
1 2 10 -3.2918041162709764
1 3 57 -0.30383571479012134
1 3 14 -1.3393424418143651
1 4 6 0.0
1 5 24 -0.6504712505136887
1 5 59 -0.8951480881680323
1 5 44 -2.6642282660115186
1 6 28 0.0
1 7 65 -1.376101850179864
1 7 50 -0.2911027936226372
1 8 49 -0.43566911395323943
1 8 40 -1.0408106164368294
1 9 0 -0.5838321528275219
1 9 18 -0.8159450217676771
1 9 63 -10.727998299688869
1 10 55 -0.6131907751490024
1 10 61 -0.7800565735680646
1 11 5 -0.289836808695843
1 11 13 -1.379857870440722
1 12 2 0.0
1 13 23 0.0
1 14 9 -0.19702440122570167
1 14 46 -1.7213229750611476
1 15 33 0.0
1 16 39 -1.0451638965609116
1 16 31 -0.4333002095443962
1 17 17 -1.316648176280175
1 17 37 -0.524955330264659
1 17 27 -1.9633593953383517
2 0 58 0.0
2 1 32 -0.891694802003463
2 1 22 -1.3465073532378125
2 1 56 -1.108988860543337
2 3 43 -0.491380536508712
2 3 14 -0.9461862441643517
2 4 6 0.0
2 5 21 0.0
2 6 64 -1.3071201651769766
2 6 35 -2.1853515247435413
2 6 12 -1.0385042106987636
2 6 28 -5.294752186907886
2 6 45 -1.354943163952526
2 7 25 0.0
2 8 49 -1.6096404980812835
2 8 36 -0.2294869288697977
2 8 40 -5.27868069936039
2 9 0 -1.9175304113284821
2 9 18 -1.9208048884190123
2 9 54 -0.9436763208134884
2 9 63 -1.147759070900602
2 10 61 0.0
2 11 5 -0.7302107578024734
2 11 11 -0.6574083581446777
2 12 2 0.0
2 13 51 0.0
2 14 9 0.0
2 15 53 0.0
2 16 39 -0.06353046851074681
2 16 31 -2.7878327373197758
2 17 17 -4.004389370405193
2 17 27 -1.5518115177969922
2 17 47 -0.26149367093354436
3 0 42 0.0
3 1 56 0.0
3 2 20 -0.18878940298057104
3 2 10 -1.7600332375034788
3 4 6 0.0
3 5 59 0.0
3 6 35 -0.5222859846702941
3 6 28 -1.0478941266974544
3 6 45 -2.8795235517413262
3 7 65 -0.9704208497918901
3 7 50 -1.4814596393684958
3 7 25 -0.9319862559068388
3 8 49 -1.743038460912386
3 8 40 -0.19235722383874473
3 9 0 -0.5757194625535961
3 9 18 -0.8262546749554496
3 9 63 -11.152744619941474
3 10 55 -0.38166503702204996
3 10 61 -1.1479822824367014
3 11 5 -1.4900138278848964
3 11 13 -0.2553691880346655
3 12 2 0.0
3 13 23 -1.4048862513137117
3 13 15 -0.2815608033330108
3 14 9 -1.2810926640274598
3 14 46 -0.32536132308665827
3 15 33 -0.0012586145927650227
3 15 53 -6.678372933788127
3 16 39 -2.778915676861286
3 16 31 -0.0641181440691179
3 17 17 -0.6116434199957668
3 17 37 -0.9651735214939257
3 17 27 -2.568841613182866
4 0 58 0.0
4 1 32 -0.9607560612311374
4 1 22 -1.246715205851917
4 1 56 -1.1088170559190818
4 2 20 -5.512922681681124
4 2 38 -0.004090308567345402
4 2 10 -9.951512810871405
4 3 43 -0.560356248689529
4 3 14 -0.8463114314939392
4 5 60 0.0
4 6 64 -1.3933268846520606
4 6 35 -2.9470509958207005
4 6 12 -1.606494925264243
4 6 28 -10.356610897505785
4 6 45 -0.6958780396841989
4 7 25 0.0
4 8 49 -0.7036075064741453
4 8 40 -0.6827951413271502
4 9 18 -1.435065922077196
4 9 54 -0.8097022075672349
4 9 63 -1.14913817902257
4 10 7 0.0
4 11 5 0.0
4 12 1 -0.015493956098477143
4 12 2 -4.175042235687344
4 13 51 0.0
4 14 9 -4.030337319297665E-5
4 14 46 -10.119095542077895
4 15 53 0.0
4 16 31 0.0
4 17 17 -2.088231430365674
4 17 37 -0.3878412791715672
4 17 27 -1.621642631243713
5 0 58 0.0
5 1 32 -0.8916018717354023
5 1 22 -1.3464160965385032
5 1 56 -1.1091763355089845
5 2 20 -1.8067162812698272E-5
5 2 10 -10.92142351017622
5 3 43 -0.49138082471648115
5 3 14 -0.9461857899873571
5 4 6 0.0
5 6 64 -0.9468484230303581
5 6 35 -2.183910534346424
5 6 12 -2.047357824401963
5 6 28 -5.29351415324604
5 6 45 -1.0069315017063667
5 7 25 0.0
5 8 49 -0.7393712558057001
5 8 40 -0.6489657009409584
5 9 0 -1.917414676630058
5 9 18 -1.920919045463014
5 9 54 -0.9436772945104077
5 9 63 -1.1477587863436378
5 10 61 0.0
5 11 5 0.0
5 12 2 0.0
5 13 51 0.0
5 14 9 -1.1772149851711323E-4
5 14 46 -9.047247765347883
5 15 53 0.0
5 16 39 -1.4948118078030697
5 16 31 -0.2539775848871771
5 17 17 -2.021100634686914
5 17 37 -0.24157238465319403
5 17 27 -2.4998354307879294
6 0 34 0.0
6 1 22 0.0
6 2 20 -0.6751967397133481
6 2 10 -2.116334295108865
6 2 26 -0.9929792884034875
6 3 57 -1.93584068282373
6 3 43 -0.34053340797824494
6 3 14 -1.9358169117164514
6 4 6 0.0
6 5 4 -1.4992922542088711
6 5 59 -2.180758906336534
6 5 44 -0.4098405324229726
6 7 65 -0.8156687298724183
6 7 50 -5.289470635868153
6 7 25 -0.5930988798827888
6 8 49 -1.137760997300441
6 8 40 -0.38645087933381345
6 9 0 -1.634494006351526
6 9 18 -1.6351315792355487
6 9 54 -1.9377330839276217
6 9 63 -0.7635864825852877
6 10 61 0.0
6 11 13 0.0
6 12 2 0.0
6 13 29 0.0
6 14 9 -0.7295608837768476
6 14 46 -0.6580129800955189
6 15 33 -1.2985261965638781
6 15 53 -0.3187376741774296
6 16 39 -0.7549813290718629
6 16 31 -0.6349148586653759
6 17 17 -0.3607455201024242
6 17 37 -1.1945387393259967
7 0 58 0.0
7 1 22 0.0
7 2 20 -5.901044224583127E-5
7 2 10 -9.737825647579273
7 3 57 -1.6389533594523835
7 3 43 -0.4916588656694783
7 3 14 -1.638836588164224
7 4 6 0.0
7 5 24 0.0
7 6 64 -0.9467340366133911
7 6 35 -2.1839178735898246
7 6 12 -2.047437668195572
7 6 28 -5.293448840237207
7 6 45 -1.0070234108337512
7 8 49 -0.739316622006844
7 8 40 -0.6490156148367571
7 9 0 -1.9174415540642535
7 9 18 -1.920894510598322
7 9 54 -0.943674478283192
7 9 63 -1.1477611157060112
7 10 61 0.0
7 11 5 0.0
7 12 2 0.0
7 13 51 0.0
7 14 9 -1.8101464743554372E-4
7 14 46 -8.61702311087352
7 15 33 -0.9338516680460807
7 15 53 -0.4992873519981211
7 16 39 -1.4946135621330292
7 16 31 -0.25403491354212765
7 17 17 -2.020799167905446
7 17 37 -0.241628635986862
7 17 27 -2.4997839713038785
8 0 34 -0.5212901688583937
8 0 58 -0.900796417783569
8 1 22 0.0
8 2 20 -4.115518588518711
8 2 8 -0.27260502872356634
8 2 10 -2.940897811647473
8 2 26 -1.7750747535905116
8 3 57 -2.191690546732678
8 3 43 -0.25289674335139595
8 3 14 -2.1917216706854057
8 4 6 0.0
8 5 48 -0.7789476509113703
8 5 4 -0.6141302327134375
8 6 12 -0.022818436938466833
8 6 45 -3.7915739556599837
8 7 65 -4.559894286523019
8 7 25 -0.010518288743059613
8 9 0 -1.525256589787025
8 9 18 -1.5303707773839843
8 9 54 -2.3400567996204917
8 9 63 -0.7557521852031046
8 10 61 0.0
8 11 16 -0.7262709459199633
8 11 41 -0.6610855123651498
8 12 2 0.0
8 13 51 -0.9910822873447163
8 13 29 -0.4639018920694447
8 14 46 0.0
8 15 33 -1.498489350753177
8 15 53 -0.25291676513013434
8 16 39 -0.047518710976686376
8 16 31 -3.0702970029702628
8 17 37 0.0
9 0 62 0.0
9 1 22 0.0
9 2 20 -0.08388549908489404
9 2 10 -2.5199520838391067
9 3 57 -0.7616893481046414
9 3 43 -11.729686139787475
9 3 14 -0.6290182941945699
9 4 6 0.0
9 5 24 -0.8827414785900235
9 5 59 -0.9776675240947799
9 5 44 -1.5598617484311588
9 6 35 -0.6093938306490834
9 6 28 -0.7845616877986238
9 7 65 -0.518963301435757
9 7 50 -0.9042070499112349
9 8 49 -0.9772140556908964
9 8 40 -0.4721790377491377
9 10 55 -0.8088296407249924
9 10 61 -0.589470308030613
9 11 5 -0.7081130643840036
9 11 13 -0.6784019758152104
9 12 1 0.0
9 13 3 -0.47067040944767824
9 13 19 -0.9797189397153566
9 14 9 -0.35861159099842044
9 14 46 -1.199468493720808
9 15 33 -0.01086232786440935
9 15 53 -4.527880882971018
9 16 39 -2.234310756817696
9 16 31 -0.11324249575431866
9 17 17 -0.8930497195277131
9 17 37 -0.6752157782386298
9 17 27 -2.5065615527421925
10 0 58 0.0
10 1 32 -0.9606363548953486
10 1 22 -1.2465948133790807
10 1 56 -1.1090607941572845
10 2 20 -1.922179956239004E-4
10 2 10 -8.556976543592453
10 3 43 -0.560356082289471
10 3 14 -0.8463116529779171
10 4 6 0.0
10 5 60 0.0
10 6 64 -1.393320789714791
10 6 35 -2.947706433869956
10 6 12 -1.6064314442669243
10 6 28 -10.357765889125115
10 6 45 -0.6958375599473186
10 7 25 0.0
10 8 49 -0.7789554667670258
10 8 40 -0.6141236045364216
10 9 18 -1.4350807524720124
10 9 54 -0.8096985595352552
10 9 63 -1.1491321592101116
10 11 5 0.0
10 12 1 -0.015523918916778479
10 12 2 -4.173125206720117
10 13 51 0.0
10 14 9 -4.1941449145973896E-4
10 14 46 -7.776860587172789
10 15 53 0.0
10 16 39 -3.197925795941203
10 16 31 -0.04170450971187623
10 17 17 -1.8969223916554678
10 17 37 -0.38220819829850217
10 17 27 -1.7860713707788665
11 0 34 -0.5212903226230893
11 0 58 -0.9007961930468588
11 1 22 0.0
11 2 20 -1.0035312971686847
11 2 10 -2.1591448904450674
11 2 26 -0.657792429484229
11 3 57 -2.19462063938413
11 3 43 -0.25205902858183654
11 3 14 -2.1946250281525823
11 4 6 0.0
11 5 4 0.0
11 6 12 -0.053124735246205576
11 6 45 -2.9615574125104676
11 7 65 -1.344335535893969
11 7 25 -0.3020689147767729
11 8 49 -13.3646338508689
11 8 40 -1.5696889706394703E-6
11 9 0 -1.5315113537676073
11 9 18 -1.5355422206802642
11 9 54 -2.30539433092803
11 9 63 -0.7577220143191499
11 10 61 0.0
11 12 2 0.0
11 13 51 -0.9871566973078335
11 13 29 -0.46622629147208816
11 14 9 -3.697361567502378
11 14 46 -0.025101261130746146
11 15 33 -1.501453871319305
11 15 53 -0.25206527292604575
11 16 39 -0.1479272528568733
11 16 31 -1.9840866837747728
11 17 17 -0.39956002332983376
11 17 37 -1.1105281092356902
12 0 34 -11.222392665299632
12 0 52 -1.328139634935417
12 0 42 -1.3202065876388682
12 0 58 -12.528823070021456
12 0 62 -0.7594298490345992
12 1 22 0.0
12 2 20 -0.051059897375446674
12 2 10 -3.0001771983867735
12 3 57 -0.7937877379196008
12 3 14 -0.6017154242739665
12 4 6 0.0
12 5 24 -0.24396267822263226
12 5 44 -1.5302426835828158
12 6 28 0.0
12 7 65 -1.1129575079899434
12 7 50 -0.3983689371357659
12 8 49 -0.9771962301123184
12 8 40 -0.4721897953622264
12 9 0 0.0
12 10 55 -0.6541619710077018
12 10 61 -0.7337141087507878
12 11 5 -0.5155832344961203
12 11 13 -0.9091964887888964
12 13 3 -0.46797359798812166
12 13 19 -0.9842218232191945
12 14 9 -0.20504614895079837
12 14 46 -1.685292066060112
12 15 33 0.0
12 16 39 -2.4296272180939815
12 16 31 -0.09219167037573997
12 17 17 -0.9833036975880526
12 17 37 -0.6091412681621194
12 17 27 -2.499706337349232
13 0 34 -9.636476860692039
13 0 52 -0.643038348325018
13 0 42 -0.7460745344062383
13 0 58 -10.954206396883517
13 1 22 0.0
13 2 20 -0.05234341401433781
13 2 10 -2.9759867062794565
13 3 57 -1.3886566163067178
13 3 14 -0.28689589248633873
13 4 6 0.0
13 5 24 -0.24098515765992173
13 5 44 -1.5410939390526586
13 6 28 0.0
13 7 65 -1.1148765374063037
13 7 50 -0.3974311172171359
13 8 49 -0.9772107023955989
13 8 40 -0.47218106141612054
13 9 0 -0.5831664547444548
13 9 18 -0.816773165260379
13 9 63 -11.007783056186854
13 10 55 -0.6131819548417513
13 10 61 -0.7800669957053056
13 11 5 -0.5155869705901038
13 11 13 -0.9091909507010144
13 12 2 0.0
13 14 9 -0.20719545689150182
13 14 46 -1.6759023147474015
13 15 33 0.0
13 16 39 -1.996587713434703
13 16 31 -0.14594859633904148
13 17 17 -0.9620238400176948
13 17 37 -0.6192520251993031
13 17 27 -2.531567062862675
14 0 58 0.0
14 1 32 -1.3083132838594205
14 1 22 -0.9099755865102636
14 1 56 -1.1172130189380625
14 2 8 0.0
14 3 43 -0.912017876448502
14 3 14 -0.5136843708177004
14 4 6 0.0
14 5 21 0.0
14 6 64 -1.3821976806469787
14 6 35 -4.155680494379329
14 6 12 -0.6529958395625919
14 6 45 -1.547334587869218
14 7 25 0.0
14 8 49 -2.0320897036361547
14 8 36 -0.14048276080631658
14 9 0 -1.2599428312652559
14 9 18 -1.2638754781685821
14 9 54 -2.1136077944048943
14 9 63 -1.1616430027071927
14 10 61 0.0
14 11 16 -0.5457243945077083
14 11 5 -4.728120207163426
14 11 41 -1.0249117888214587
14 11 11 -2.939221447259997
14 12 2 0.0
14 13 51 -0.6574979122528734
14 13 29 -0.7301144496981841
14 15 53 0.0
14 16 39 -0.12585250303020895
14 16 31 -2.1349110550143995
14 17 27 -1.646497694830047
14 17 47 -0.21408929662006285
15 0 52 0.0
15 1 32 0.0
15 2 20 -0.18874722529466548
15 2 10 -1.7602362480108522
15 3 57 -0.6910313806728001
15 3 43 -6.681384938145494
15 3 14 -0.697784033942319
15 4 6 0.0
15 5 59 0.0
15 6 35 -0.5201498370478044
15 6 28 -1.0457628027197
15 6 45 -2.9160919293058214
15 7 65 -0.9736072262724915
15 7 50 -1.6929468307742133
15 7 25 -0.8248394419651498
15 8 49 -1.7318300420311576
15 8 40 -0.19475080332775901
15 9 0 -0.5825318162283653
15 9 18 -0.8412475669641046
15 9 54 -10.730673665844868
15 9 63 -4.5733552071862515
15 10 61 0.0
15 11 5 -1.483280524057208
15 11 13 -0.2573367071820566
15 12 2 0.0
15 13 23 0.0
15 14 9 -1.262721657148171
15 14 46 -0.3325163653622214
15 16 39 -0.9958958639017543
15 16 31 -0.46107143390603017
15 17 17 -0.6169626483859771
15 17 37 -0.9585158706851842
15 17 27 -2.5645008965466896
16 0 58 0.0
16 1 32 -0.8916604470849723
16 1 22 -1.3464737903290593
16 1 56 -1.10905802441149
16 2 38 0.0
16 3 43 -0.4913896349075683
16 3 14 -0.9461719064642656
16 4 30 0.0
16 5 21 -1.55987166300949
16 5 60 -0.23592873603873696
16 6 64 -1.2715583900083938
16 6 35 -2.1839689368080157
16 6 12 -1.0599934663865584
16 6 28 -5.292524694037319
16 6 45 -1.3644358246931971
16 7 25 0.0
16 8 49 -1.5844287399081924
16 8 36 -0.24743112394786237
16 8 40 -4.259377428910252
16 9 18 -1.375602566588318
16 9 54 -0.8604042550770113
16 9 63 -1.1260194793519738
16 10 7 0.0
16 11 5 -0.6878803786418436
16 11 11 -0.6984418686160596
16 12 1 -0.06554670413680437
16 12 2 -2.7575866932197717
16 13 51 0.0
16 14 9 0.0
16 15 53 0.0
16 17 17 -2.714723589523455
16 17 27 -1.5344379806729964
16 17 47 -0.33100729569369425
17 0 34 -0.5212901603063396
17 0 58 -0.9007964302829334
17 1 22 0.0
17 2 20 -4.115538459909855
17 2 8 -0.2725993033311258
17 2 10 -2.9409000203597406
17 2 26 -1.7750978751345992
17 3 57 -2.191693199746517
17 3 43 -0.2528968410495423
17 3 14 -2.191718338539437
17 4 6 0.0
17 5 48 -0.7789476443621554
17 5 4 -0.6141302382674898
17 6 12 -0.022815290698003435
17 6 45 -3.7917102795351174
17 7 65 -4.559909934978756
17 7 25 -0.010518123280720276
17 8 36 0.0
17 9 0 -1.525253972816942
17 9 18 -1.5303725182582888
17 9 54 -2.340057897783697
17 9 63 -0.7557523699415152
17 10 61 0.0
17 11 16 -0.5215827275339356
17 11 41 -0.9003689788243373
17 12 2 0.0
17 13 51 -0.9910828663337038
17 13 29 -0.46390155031154123
17 14 46 0.0
17 15 33 -1.4984883796828694
17 15 53 -0.2529170445811199
17 16 39 -0.04751939903817241
17 16 31 -3.0702828645801183
