0 1 32 -0.6408456185785967
0 1 56 -0.7483358927622028
0 2 20 -0.145934168425118
0 2 10 -1.9966795359047131
0 3 43 0.0
0 4 6 0.0
0 5 59 0.0
0 6 35 -0.043766116824397926
0 6 45 -3.1506985977696633
0 7 65 -0.6108328643516611
0 7 25 -0.7828498556363381
0 8 49 -0.9845490979819829
0 8 40 -0.4677783460752784
0 9 18 -0.8820975433828389
0 9 54 -12.628983365041238
0 9 63 -0.5342939875323236
0 10 61 0.0
0 11 5 -1.3933130337850828
0 11 13 -0.28535341943447995
0 12 1 -1.333952377707009
0 12 2 -0.3057564480264753
0 13 51 -4.351009242197552
0 13 23 -1.0623107090297053
0 13 29 -4.075127544753968
0 13 15 -0.47086802925443416
0 14 9 -1.054290282267966
0 14 46 -0.4283852287801704
0 15 53 0.0
0 16 39 -5.020561536696502E-6
0 16 31 -12.20197128090706
0 17 17 -0.6678274729826088
0 17 37 -0.9855050447839527
0 17 27 -2.17218999584789
1 0 34 -3.7461303072383294
1 0 52 -0.5446089930414263
1 0 42 -0.9255269508787224
1 2 20 -0.16648266730199748
1 2 10 -1.8749508222683462
1 3 57 -0.2547969705245628
1 3 14 -1.4919831298631088
1 4 6 0.0
1 5 24 -1.2270743293232909
1 5 59 -0.5892637672256412
1 5 44 -1.88311537937308
1 6 28 0.0
1 7 65 -1.2011093406807207
1 7 50 -0.3579046571289511
1 8 49 -0.7433312372051293
1 8 40 -0.6453616737615561
1 9 0 -0.8653290418156195
1 9 18 -1.1096415059759557
1 9 63 -1.3886577879090094
1 10 55 -8.247120710927419E-7
1 10 61 -14.008231928678041
1 11 5 -0.8561464874113055
1 11 13 -0.5530303249198387
1 12 2 0.0
1 13 23 0.0
1 14 9 -0.920969653056515
1 14 46 -0.507718461277069
1 15 33 0.0
1 16 39 -0.4570826914318588
1 16 31 -1.002742221008134
1 17 17 -0.8153092861432392
1 17 37 -0.896745102357535
1 17 27 -1.899774202194875
2 0 58 0.0
2 1 32 -0.9117487855818
2 1 22 -1.3409212044531336
2 1 56 -1.0889356889772395
2 3 43 -0.5379449364899589
2 3 14 -0.8769427874945585
2 4 6 0.0
2 5 21 0.0
2 6 64 -1.0541846974711422
2 6 35 -1.8595110414099736
2 6 12 -1.9477721770116465
2 6 28 -2.702082325006512
2 6 45 -1.2513519887244324
2 7 25 0.0
2 8 49 -2.2799494059891767
2 8 36 -0.20164780039923155
2 8 40 -2.521638781067435
2 9 0 -1.1362799617944954
2 9 18 -1.2158821877951647
2 9 54 -12.056439572381796
2 9 63 -0.960935543027321
2 10 61 0.0
2 11 5 -0.22896640222121048
2 11 11 -1.5864797554651575
2 12 2 0.0
2 13 51 0.0
2 14 9 0.0
2 15 53 0.0
2 16 39 -6.412518878608489E-6
2 16 31 -11.95726160968586
2 17 17 -3.146620561293434
2 17 27 -2.1307970767884914
2 17 47 -0.17642672206909707
3 0 42 0.0
3 1 56 0.0
3 2 20 -0.19704962683824617
3 2 10 -1.7212071491964598
3 4 6 0.0
3 5 59 0.0
3 6 35 -0.15402048835695495
3 6 28 -2.6793543845864605
3 6 45 -2.6018255870057807
3 7 65 -1.0319744820974242
3 7 50 -1.2322849381259697
3 7 25 -1.0439202089326145
3 8 49 -0.8361632226539596
3 8 40 -0.5680488907001117
3 9 0 -0.9137219678842394
3 9 18 -1.132797189466554
3 9 63 -1.2843146908351384
3 10 55 -1.0896865686058627E-6
3 10 61 -13.729620999607189
3 11 5 -1.0552908398897354
3 11 13 -0.4278505639256698
3 12 2 0.0
3 13 23 -2.429060659304348
3 13 15 -0.09224640278161376
3 14 9 -1.070205034060177
3 14 46 -0.41997719520958826
3 15 33 -0.2790003448530051
3 15 53 -1.4128011518488595
3 16 39 -0.47797772292610563
3 16 31 -0.9676787923732978
3 17 17 -0.7733600582945356
3 17 37 -0.9436021003350107
3 17 27 -1.9016851499272935
4 0 58 0.0
4 1 32 -1.098540580848549
4 1 22 -1.0986908186668032
4 1 56 -1.0986054721666758
4 2 20 -13.98468279855236
4 2 38 -5.7565730753994115E-6
4 2 10 -12.223790066363648
4 3 43 -0.6931011492901521
4 3 14 -0.6931932139487138
4 5 60 0.0
4 6 64 -1.609254129469461
4 6 35 -1.609396840487555
4 6 12 -1.6093628129271882
4 6 28 -1.6098255274394917
4 6 45 -1.6093503513460066
4 7 25 0.0
4 8 49 -0.693135965120698
4 8 40 -0.69315839612498
4 9 18 -12.130676294026106
4 9 54 -1.0628874955096533E-5
4 9 63 -12.159711870671632
4 10 7 0.0
4 11 5 0.0
4 12 1 -5.656719532793041E-6
4 12 2 -12.082669249970877
4 13 51 0.0
4 14 9 -0.1651120635366196
4 14 46 -1.8825512359869383
4 15 53 0.0
4 16 31 0.0
4 17 17 -13.481425701075855
4 17 37 -13.86018014407034
4 17 27 -2.3529778320408975E-6
5 0 58 0.0
5 1 32 -0.8408797135649798
5 1 22 -1.4017192480868148
5 1 56 -1.131665400656702
5 2 20 -0.06772569379492394
5 2 10 -2.7259613855697333
5 3 43 -0.4200750674974548
5 3 14 -1.0700175397314375
5 4 6 0.0
5 6 64 -0.7468442260372671
5 6 35 -2.473755417187725
5 6 12 -2.191105522041125
5 6 28 -3.904882934265186
5 6 45 -1.1713887952232227
5 7 25 0.0
5 8 49 -0.6468332428188873
5 8 40 -0.741710708086033
5 9 0 -1.1152988422625258
5 9 18 -1.2729401738008888
5 9 54 -13.180059319480332
5 9 63 -0.9360504942578566
5 10 61 0.0
5 11 5 0.0
5 12 2 0.0
5 13 51 0.0
5 14 9 -0.7186773377058454
5 14 46 -0.6682526191414457
5 15 53 0.0
5 16 39 -2.641636547305628E-6
5 16 31 -12.844113249461676
5 17 17 -0.7098801082529188
5 17 37 -0.8721135487194364
5 17 27 -2.4053950297168174
6 0 34 0.0
6 1 22 0.0
6 2 20 -0.8592489082529523
6 2 10 -1.912671777597857
6 2 26 -0.8466837770918014
6 3 57 -2.370555956661496
6 3 43 -0.18965233891349173
6 3 14 -2.5342076764989434
6 4 6 0.0
6 5 4 -1.536918530975713
6 5 59 -1.8723150152988037
6 5 44 -0.4601483601434313
6 7 65 -0.20825524355363007
6 7 50 -3.527587185551122
6 7 25 -1.8412152599251437
6 8 49 -2.040450037677819
6 8 40 -0.13922782220145247
6 9 0 -1.3451085172949309
6 9 18 -1.4101922494527586
6 9 54 -12.6108340409935
6 9 63 -0.7024122152710878
6 10 61 0.0
6 11 13 0.0
6 12 2 0.0
6 13 29 0.0
6 14 9 -1.2936920895724335
6 14 46 -0.3205584016757406
6 15 33 -2.2920385026202412
6 15 53 -0.10653925473027509
6 16 39 -6.562390809869172E-6
6 16 31 -11.934158849877706
6 17 17 -0.37632443415043104
6 17 37 -1.1595719796370503
7 0 58 0.0
7 1 22 0.0
7 2 20 -0.1159331325891414
7 2 10 -2.2121483058178657
7 3 57 -1.2065380483015908
7 3 43 -0.9200594182199706
7 3 14 -1.1964239538329218
7 4 6 0.0
7 5 24 0.0
7 6 64 -0.5206104464387811
7 6 35 -2.548227876029469
7 6 12 -2.412377954891971
7 6 28 -3.60977631636006
7 6 45 -1.556076142699664
7 8 49 -0.6452690670215612
7 8 40 -0.7434333858307008
7 9 0 -1.0947916857975344
7 9 18 -1.1838224824094723
7 9 54 -12.572028324752633
7 9 63 -1.0236509797733044
7 10 61 0.0
7 11 5 0.0
7 12 2 0.0
7 13 51 0.0
7 14 9 -0.8375628750585016
7 14 46 -0.5669797286422963
7 15 33 -0.9236595605844681
7 15 53 -0.5059430659036421
7 16 39 -5.33332163539232E-6
7 16 31 -12.141538984411316
7 17 17 -0.7894922604508798
7 17 37 -0.8952144451818496
7 17 27 -1.9848244954851253
8 0 34 -0.35034356156330665
8 0 58 -1.218903810966267
8 1 22 0.0
8 2 20 -3.5320644956724223
8 2 8 -0.3167663430767323
8 2 10 -2.469739701680823
8 2 26 -1.8473925591268943
8 3 57 -1.5036932772226512
8 3 43 -0.5753146230079782
8 3 14 -1.536352219265082
8 4 6 0.0
8 5 48 -0.5872688402225916
8 5 4 -0.8115778743689391
8 6 12 -0.13192691301572249
8 6 45 -2.0907455644081008
8 7 65 -1.4326911766929193
8 7 25 -0.27268281315645126
8 9 0 -1.1841454474779256
8 9 18 -1.2985503692304445
8 9 54 -12.332801768005929
8 9 63 -0.8649778528945014
8 10 61 0.0
8 11 16 -1.0206741706827278
8 11 41 -0.4468371281834382
8 12 2 0.0
8 13 51 -0.7404164597826094
8 13 29 -0.6480117977038478
8 14 46 0.0
8 15 33 -1.286530628956538
8 15 53 -0.32327810466561246
8 16 39 -6.226006621188733E-6
8 16 31 -11.98677853545412
8 17 37 0.0
9 0 62 0.0
9 1 22 0.0
9 2 20 -0.3665878323710998
9 2 10 -1.1812178649152374
9 3 57 -1.1149484008165027
9 3 43 -1.0222899839310888
9 3 14 -1.163798468498081
9 4 6 0.0
9 5 24 -1.137129658579144
9 5 59 -0.9533427274034445
9 5 44 -1.2248176982626475
9 6 35 -0.36571401779983187
9 6 28 -1.1831940491163497
9 7 65 -0.6337544932270716
9 7 50 -0.7562913415107068
9 8 49 -0.744053967259152
9 8 40 -0.6447068425939568
9 10 55 -1.8166392620946714E-6
9 10 61 -13.218523231450083
9 11 5 -0.8425290763037357
9 11 13 -0.5632073595370596
9 12 1 0.0
9 13 3 -0.6791059838585722
9 13 19 -0.7073883435644421
9 14 9 -0.9677999583238202
9 14 46 -0.47790347852835696
9 15 33 -0.7738671334309118
9 15 53 -0.618459077355932
9 16 39 -0.7450711086152529
9 16 31 -0.6437867855581337
9 17 17 -0.9531564137789766
9 17 37 -0.9643255529355407
9 17 27 -1.4556979141430488
10 0 58 0.0
10 1 32 -1.0985473685096019
10 1 22 -1.098681085915235
10 1 56 -1.098608416060826
10 2 20 -0.6926278245279425
10 2 10 -0.6936668064628012
10 3 43 -0.6931009843022095
10 3 14 -0.6931933789518742
10 4 6 0.0
10 5 60 0.0
10 6 64 -1.6092523593968306
10 6 35 -1.6093975521095565
10 6 12 -1.609358424392182
10 6 28 -1.6098410089636515
10 6 45 -1.609340324492407
10 7 25 0.0
10 8 49 -0.693136961727206
10 8 40 -0.6931573994971102
10 9 18 -12.503760905997314
10 9 54 -7.275224714772506E-6
10 9 63 -12.54503837091311
10 11 5 0.0
10 12 1 -4.044703820329477E-6
10 12 2 -12.41810425368216
10 13 51 0.0
10 14 9 -0.6934157435523697
10 14 46 -0.6928786896742368
10 15 53 0.0
10 16 39 -11.172785079739485
10 16 31 -1.405154710559345E-5
10 17 17 -1.0984020259426803
10 17 37 -1.098372404210135
10 17 27 -1.0990625881024216
11 0 34 -0.2852476722359133
11 0 58 -1.393633322862573
11 1 22 0.0
11 2 20 -0.9497291015566083
11 2 10 -2.0013471099906375
11 2 26 -0.7381422445140443
11 3 57 -1.6189756165425258
11 3 43 -0.4986930932413974
11 3 14 -1.6369395598861807
11 4 6 0.0
11 5 4 0.0
11 6 12 -0.0825284437146027
11 6 45 -2.5355927213921885
11 7 65 -1.6173779324530702
11 7 25 -0.22116835796281373
11 8 49 -3.12396409195174
11 8 40 -0.04497903119211137
11 9 0 -1.2097996742142891
11 9 18 -1.3328958380886262
11 9 54 -12.671491121562761
11 9 63 -0.8254739212858202
11 10 61 0.0
11 12 2 0.0
11 13 51 -0.7671618263580892
11 13 29 -0.6242351989603616
11 14 9 -1.7459586121535091
11 14 46 -0.1917389443664544
11 15 33 -1.4660576896606643
11 15 53 -0.2624480934298645
11 16 39 -4.6069405067245106E-6
11 16 31 -12.287948889220969
11 17 17 -0.18464356800455464
11 17 37 -1.7802296071450128
12 0 34 -2.425796213829572
12 0 52 -1.4155891887640364
12 0 42 -1.4675486667946995
12 0 58 -2.5359150759863653
12 0 62 -1.02406874685558
12 1 22 0.0
12 2 20 -0.4280578684449377
12 2 10 -1.0549027133670836
12 3 57 -0.7047132442608708
12 3 14 -0.6817133625834658
12 4 6 0.0
12 5 24 -0.57623408725992
12 5 44 -0.8255611867510014
12 6 28 0.0
12 7 65 -0.8334794814550296
12 7 50 -0.5701063424018199
12 8 49 -0.7395891990882935
12 8 40 -0.6487666380519982
12 9 0 0.0
12 10 55 -2.3543040166602078E-6
12 10 61 -12.959266585666175
12 11 5 -0.8368683060791196
12 11 13 -0.5675099638751762
12 13 3 -0.4935423027024666
12 13 19 -0.9427890443496958
12 14 9 -0.9992295491859522
12 14 46 -0.4591238032199633
12 15 33 0.0
12 16 39 -0.8030734543313786
12 16 31 -0.5941168239328747
12 17 17 -0.9877754506829882
12 17 37 -0.9774705415681189
12 17 27 -1.3809718950552776
13 0 34 -3.5821898261362466
13 0 52 -0.8426323890565877
13 0 42 -0.6391364980269537
13 0 58 -4.2786219343127865
13 1 22 0.0
13 2 20 -0.16392442726532291
13 2 10 -1.8891925968855956
13 3 57 -1.6378032084598038
13 3 14 -0.21617618539378475
13 4 6 0.0
13 5 24 -0.3859003076223541
13 5 44 -1.1389290889403634
13 6 28 0.0
13 7 65 -1.3330637278557662
13 7 50 -0.3060744668972822
13 8 49 -0.8734827153585111
13 8 40 -0.5404175066287146
13 9 0 -0.8256611693284625
13 9 18 -1.0649593603380934
13 9 63 -1.5264175134237639
13 10 55 -7.833181328410267E-7
13 10 61 -14.059727315320735
13 11 5 -1.119234947351805
13 11 13 -0.3953111019908032
13 12 2 0.0
13 14 9 -0.9678457110765484
13 14 46 -0.47787544731682013
13 15 33 0.0
13 16 39 -0.45163599210017685
13 16 31 -1.012212185512013
13 17 17 -0.7282629528338215
13 17 37 -0.9327806775199289
13 17 27 -2.0891276925470814
14 0 58 0.0
14 1 32 -0.924269931701393
14 1 22 -1.3668857461694075
14 1 56 -1.054750151409368
14 2 8 0.0
14 3 43 -0.6006523879832075
14 3 14 -0.79507739696535
14 4 6 0.0
14 5 21 0.0
14 6 64 -1.3286269072007308
14 6 35 -1.989641034476779
14 6 12 -0.9974664023885516
14 6 45 -1.4714072379665424
14 7 25 0.0
14 8 49 -1.895956089071375
14 8 36 -0.1627244635721198
14 9 0 -1.125102262565941
14 9 18 -1.1404172459920408
14 9 54 -11.443437112255532
14 9 63 -1.0337114449696967
14 10 61 0.0
14 11 16 -0.7712330611700796
14 11 5 -2.3696904156066307
14 11 41 -1.290487697340913
14 11 11 -1.778381759030505
14 12 2 0.0
14 13 51 -0.6297511699933702
14 13 29 -0.7608359220464634
14 15 53 0.0
14 16 39 -1.2042286427523271E-5
14 16 31 -11.327092254635092
14 17 27 -1.8432001651182177
14 17 47 -0.17234349937317783
15 0 52 0.0
15 1 32 0.0
15 2 20 -0.2408986352205699
15 2 10 -1.5414115142464349
15 3 57 -0.7359751192146229
15 3 43 -1.7537314099258108
15 3 14 -1.056026594702376
15 4 6 0.0
15 5 59 0.0
15 6 35 -0.163937070233793
15 6 28 -2.804466508273436
15 6 45 -2.4005783067040016
15 7 65 -0.8990178371810913
15 7 50 -1.3927582145498025
15 7 25 -1.0652503051392685
15 8 49 -0.8370148630778973
15 8 40 -0.5673980279249605
15 9 0 -1.1182875611376413
15 9 18 -1.038752821291553
15 9 54 -12.080312838934985
15 9 63 -1.141750888392986
15 10 61 0.0
15 11 5 -1.0582680425081576
15 11 13 -0.4262644887991155
15 12 2 0.0
15 13 23 0.0
15 14 9 -1.1182129776098113
15 14 46 -0.3958069761947829
15 16 39 -1.266506190194112E-5
15 16 31 -11.27666971940472
15 17 17 -0.8214338848920236
15 17 37 -0.9686346883983917
15 17 27 -1.71147914754623
16 0 58 0.0
16 1 32 -1.0298313553168472
16 1 22 -1.2000761071802248
16 1 56 -1.0736420445165158
16 2 38 0.0
16 3 43 -0.6708115243039954
16 3 14 -0.715993137966495
16 4 30 0.0
16 5 21 -1.2830046518948362E-6
16 5 60 -13.566306488108728
16 6 64 -1.5623414312267558
16 6 35 -1.7196240513056917
16 6 12 -1.3818555025906756
16 6 28 -1.843729077480577
16 6 45 -1.6000648550031369
16 7 25 0.0
16 8 49 -1.679274963151638
16 8 36 -0.5352168741985617
16 8 40 -1.4786352912592027
16 9 18 -1.7613479406248203
16 9 54 -0.43283266756187605
16 9 63 -1.717480576746061
16 10 7 0.0
16 11 5 -1.4323444907530865
16 11 11 -0.27279151824807424
16 12 1 -0.3017179453248502
16 12 2 -1.3453314282783746
16 13 51 0.0
16 14 9 0.0
16 15 53 0.0
16 17 17 -1.9546179004833562
16 17 27 -0.9354176853139469
16 17 47 -0.7636565610144915
17 0 34 -0.33700741513641286
17 0 58 -1.251426273937923
17 1 22 0.0
17 2 20 -4.066708711003529
17 2 8 -0.2725386978528062
17 2 10 -2.5827019258860853
17 2 26 -1.9251573487503437
17 3 57 -1.5110031281963494
17 3 43 -0.571657673524554
17 3 14 -1.5384076028296023
17 4 6 0.0
17 5 48 -0.6980462197891998
17 5 4 -0.6882720249567749
17 6 12 -0.12335195231220661
17 6 45 -2.153755677564732
17 7 65 -1.391304063655308
17 7 25 -0.2860177332648412
17 8 36 0.0
17 9 0 -1.1835492820928377
17 9 18 -1.3026319089967409
17 9 54 -12.369621486389617
17 9 63 -0.8627730830000604
17 10 61 0.0
17 11 16 -0.3347283194734229
17 11 41 -1.2571361134089314
17 12 2 0.0
17 13 51 -0.7564073612684147
17 13 29 -0.6336518648648489
17 14 46 0.0
17 15 33 -1.296425774462866
17 15 53 -0.31952729294784227
17 16 39 -6.061524525678047E-6
17 16 31 -12.013552248403668
