0 1 32 -0.31724776112460207
0 1 56 -1.3025060324900022
0 2 20 -0.71997607967293
0 2 10 -0.6670193045455419
0 3 43 0.0
0 4 6 0.0
0 5 59 0.0
0 6 35 -0.042536308423583684
0 6 45 -3.178590018207348
0 7 65 -0.43587710087246234
0 7 25 -1.040429798164806
0 8 49 -1.4710507035297447
0 8 40 -0.2609544957602072
0 9 18 -0.005005355456367904
0 9 54 -11.835571036474212
0 9 63 -5.301200070750445
0 10 61 0.0
0 11 5 -1.815853627977667
0 11 13 -0.17757161330686982
0 12 1 -1.7144545019963129
0 12 2 -0.19852645053099688
0 13 51 -14.246399298553467
0 13 23 -0.5047871750810304
0 13 29 -14.20915021327746
0 13 15 -0.9254206698309552
0 14 9 -1.3921783918937312
0 14 46 -0.2857283975288792
0 15 53 0.0
0 16 39 -0.6253712946707877
0 16 31 -0.7658527764594579
0 17 17 -0.6547509518702876
0 17 37 -0.9405094620127432
0 17 27 -2.4079491727966977
1 0 34 -13.686167260289153
1 0 52 -0.5579985806712766
1 0 42 -0.8494608744034147
1 2 20 -0.14151559898534313
1 2 10 -2.0252688221388015
1 3 57 -0.1290510735258291
1 3 14 -2.1113787430652757
1 4 6 0.0
1 5 24 -0.7221021759649522
1 5 59 -0.8345042975375977
1 5 44 -2.5234774205164814
1 6 28 0.0
1 7 65 -1.3587011980130859
1 7 50 -0.2970516233285907
1 8 49 -0.43848299808131747
1 8 40 -1.0356773973546836
1 9 0 -0.536598883385653
1 9 18 -0.8791145496482135
1 9 63 -9.061622681524332
1 10 55 -0.2951678095338159
1 10 61 -1.3641676070909148
1 11 5 -0.20435214576940075
1 11 13 -1.6883472549178322
1 12 2 0.0
1 13 23 0.0
1 14 9 -0.73129813993261
1 14 46 -0.6563983867358482
1 15 33 0.0
1 16 39 -2.475754532675307
1 16 31 -0.08784755610767946
1 17 17 -1.1192584679377253
1 17 37 -0.7424391150761569
1 17 27 -1.6218821677207527
2 0 58 0.0
2 1 32 -0.8577219554473325
2 1 22 -1.3917950747690717
2 1 56 -1.1170484759333978
2 3 43 -0.46547748183643295
2 3 14 -0.9884186562900426
2 4 6 0.0
2 5 21 0.0
2 6 64 -1.1200498592653936
2 6 35 -6.8727481344617445
2 6 12 -1.1686172429029744
2 6 28 -9.019290449019543
2 6 45 -1.0167096060802858
2 7 25 0.0
2 8 49 -3.751811895697461
2 8 36 -0.029612714826043985
2 8 40 -5.166695988455857
2 9 0 -1.6869623935414866
2 9 18 -1.6875489376708797
2 9 54 -1.3841939495740392
2 9 63 -0.969108546035628
2 10 61 0.0
2 11 5 -0.2118541828384256
2 11 11 -1.6559147566848194
2 12 2 0.0
2 13 51 0.0
2 14 9 0.0
2 15 53 0.0
2 16 39 -0.007919442736185056
2 16 31 -4.842391545361321
2 17 17 -6.745241725493587
2 17 27 -3.5024649265322867
2 17 47 -0.03179980157284698
3 0 42 0.0
3 1 56 0.0
3 2 20 -0.8049385398930675
3 2 10 -0.5926059890677606
3 4 6 0.0
3 5 59 0.0
3 6 35 -0.2618624277251188
3 6 28 -1.712894247572491
3 6 45 -2.9949320618879516
3 7 65 -0.6159155516287004
3 7 50 -2.2492058948483185
3 7 25 -1.037411154620703
3 8 49 -1.522750539481245
3 8 40 -0.24604266854060602
3 9 0 -0.5512593560468004
3 9 18 -0.858989029987019
3 9 63 -8.588610173312675
3 10 55 -0.11962771415442146
3 10 61 -2.182588385865535
3 11 5 -1.807016261366329
3 11 13 -0.17929793317031326
3 12 2 0.0
3 13 23 -1.725696704323908
3 13 15 -0.19607444904494617
3 14 9 -1.4460956800471112
3 14 46 -0.2685174469887642
3 15 33 -0.011110712153910587
3 15 53 -4.50539578954167
3 16 39 -2.3241167930459974
3 16 31 -0.10299647356258494
3 17 17 -0.6502168589398933
3 17 37 -0.950271222299111
3 17 27 -2.392167666824951
4 0 58 0.0
4 1 32 -0.8388611276337359
4 1 22 -1.4059709740848974
4 1 56 -1.1311294691898026
4 2 20 -6.970221891714653
4 2 38 -0.0014126309227660088
4 2 10 -7.658130801872694
4 3 43 -0.46603054985159076
4 3 14 -0.98748633317699
4 5 60 0.0
4 6 64 -1.2673197948061083
4 6 35 -6.4148549146620635
4 6 12 -1.2067250104132714
4 6 28 -8.776975940995976
4 6 45 -0.8735955144119644
4 7 25 0.0
4 8 49 -0.6660383561843655
4 8 40 -0.7210114192376391
4 9 18 -2.7332827799040658
4 9 54 -0.19534604428067928
4 9 63 -2.1852956033048714
4 10 7 0.0
4 11 5 0.0
4 12 1 -0.07977707008517874
4 12 2 -2.5681425246756233
4 13 51 0.0
4 14 9 -0.0016252087542180443
4 14 46 -6.422931501639852
4 15 53 0.0
4 16 31 0.0
4 17 17 -2.5028761792043963
4 17 37 -1.4171590839746948
4 17 27 -0.3919334687604179
5 0 58 0.0
5 1 32 -0.8570682169726904
5 1 22 -1.3901428933304567
5 1 56 -1.1191545580031168
5 2 20 -0.0021241483073595503
5 2 10 -6.155446239636309
5 3 43 -0.46546663524869425
5 3 14 -0.9884369545557136
5 4 6 0.0
5 6 64 -0.7946057394098012
5 6 35 -6.874352777862602
5 6 12 -1.8994797976183357
5 6 28 -9.389160324298796
5 6 45 -0.9226190847199165
5 7 25 0.0
5 8 49 -0.6587421015325373
5 8 40 -0.7287782754624077
5 9 0 -1.6864397130438185
5 9 18 -1.6881134194256087
5 9 54 -1.357022360275728
5 9 63 -0.9874424320540068
5 10 61 0.0
5 11 5 0.0
5 12 2 0.0
5 13 51 0.0
5 14 9 -0.08684751051556608
5 14 46 -2.486710955478948
5 15 53 0.0
5 16 39 -3.219608665079361
5 16 31 -0.04079147116320771
5 17 17 -1.4142042283399359
5 17 37 -0.7091053585188809
5 17 27 -1.3287927029891564
6 0 34 0.0
6 1 22 0.0
6 2 20 -1.0453810127351175
6 2 10 -3.4124259579496528
6 2 26 -0.48535118160483326
6 3 57 -2.4036022225924927
6 3 43 -0.19939648079854944
6 3 14 -2.4036966133701823
6 4 6 0.0
6 5 4 -1.2385439513290233
6 5 59 -6.237936232252699
6 5 44 -0.34497192939507937
6 7 65 -0.3630385923981056
6 7 50 -9.28834768057298
6 7 25 -1.1895837761608374
6 8 49 -1.609860863372522
6 8 40 -0.22303784152486583
6 9 0 -2.404169166311284
6 9 18 -2.404357649991144
6 9 54 -2.2961172997458896
6 9 63 -0.3303291955683195
6 10 61 0.0
6 11 13 0.0
6 12 2 0.0
6 13 29 0.0
6 14 9 -1.6320372973381603
6 14 46 -0.2175726149138216
6 15 33 -1.7105864461807707
6 15 53 -0.1993778995111399
6 16 39 -0.8019489684733343
6 16 31 -0.59503019617592
6 17 17 -0.3915686311025939
6 17 37 -1.1269983514757145
7 0 58 0.0
7 1 22 0.0
7 2 20 -0.0023422899248491964
7 2 10 -6.057797144132481
7 3 57 -1.6318477865369612
7 3 43 -0.4961566386187548
7 3 14 -1.6318580458491132
7 4 6 0.0
7 5 24 0.0
7 6 64 -0.7937377908774707
7 6 35 -6.874875084423808
7 6 12 -1.9000822308227614
7 6 28 -9.388494828704275
7 6 45 -0.9233783230315092
7 8 49 -0.6587159383946423
7 8 40 -0.7288063374177334
7 9 0 -1.6865436998729197
7 9 18 -1.6880163902224015
7 9 54 -1.356806030738592
7 9 63 -0.987588413744943
7 10 61 0.0
7 11 5 0.0
7 12 2 0.0
7 13 51 0.0
7 14 9 -0.08658201457960364
7 14 46 -2.4896418437361767
7 15 33 -0.9929364184803429
7 15 53 -0.46280907107858693
7 16 39 -2.8691606514918373
7 16 31 -0.05842024849562647
7 17 17 -1.4142698521524277
7 17 37 -0.7091453479207732
7 17 27 -1.328658149844638
8 0 34 -0.45611706325450646
8 0 58 -1.0044108463698105
8 1 22 0.0
8 2 20 -5.8071645217710754
8 2 8 -0.03794983648065725
8 2 10 -5.709917991497847
8 2 26 -3.4763559581194903
8 3 57 -1.9469314760743837
8 3 43 -0.33605462077751996
8 3 14 -1.9469784291078156
8 4 6 0.0
8 5 48 -0.6659567408955585
8 5 4 -0.7210976540192546
8 6 12 -0.23037608324892883
8 6 45 -1.581019798911906
8 7 65 -2.8406690906155743
8 7 25 -0.06016047820851982
8 9 0 -1.9542473441808854
8 9 18 -1.9555372081257678
8 9 54 -2.107790251588276
8 9 63 -0.5186321517634667
8 10 61 0.0
8 11 16 -0.7270219221784264
8 11 41 -0.6603824387637771
8 12 2 0.0
8 13 51 -0.9972589590319403
8 13 29 -0.46027383288656853
8 14 46 0.0
8 15 33 -1.255876515305487
8 15 53 -0.33522952720456567
8 16 39 -0.03464286674662975
8 16 31 -3.37993486896871
8 17 37 0.0
9 0 62 0.0
9 1 22 0.0
9 2 20 -0.15496950815995642
9 2 10 -1.941011209374206
9 3 57 -0.701801647288729
9 3 43 -7.556309546854087
9 3 14 -0.6856041781539198
9 4 6 0.0
9 5 24 -0.9409526299087363
9 5 59 -1.0607712680246595
9 5 44 -1.3334916555032834
9 6 35 -0.2771435252014046
9 6 28 -1.418593218459406
9 7 65 -0.29433217160319797
9 7 50 -1.3666053593686405
9 8 49 -0.9153734052228073
9 8 40 -0.5114376426941227
9 10 55 -0.3933248477976253
9 10 61 -1.1233441194378562
9 11 5 -0.870390796347315
9 11 13 -0.542639453663674
9 12 1 0.0
9 13 3 -0.554967015842379
9 13 19 -0.8535300326227022
9 14 9 -1.1014626126473388
9 14 46 -0.4040429869706608
9 15 33 -0.0013827656727953476
9 15 53 -6.584360977810502
9 16 39 -1.981276753068949
9 16 31 -0.14837596667755631
9 17 17 -0.7612028351523171
9 17 37 -0.8258569844576734
9 17 27 -2.353497747576851
10 0 58 0.0
10 1 32 -0.8388662456329368
10 1 22 -1.4059376847437788
10 1 56 -1.131147904094187
10 2 20 -0.0018209814341752823
10 2 10 -6.309290026240898
10 3 43 -0.46602284970266966
10 3 14 -0.9874993040432799
10 4 6 0.0
10 5 60 0.0
10 6 64 -1.2673489536952565
10 6 35 -6.41801896890459
10 6 12 -1.2066132967155596
10 6 28 -8.799126624427275
10 6 45 -0.8736354307841774
10 7 25 0.0
10 8 49 -0.6660472714180252
10 8 40 -0.721002000271257
10 9 18 -2.733911522730418
10 9 54 -0.19529739549126843
10 9 63 -2.185288116197214
10 11 5 0.0
10 12 1 -0.0797470421390771
10 12 2 -2.5685041793344143
10 13 51 0.0
10 14 9 -0.2717336380360036
10 14 46 -1.4357250422628196
10 15 53 0.0
10 16 39 -4.173614667849194
10 16 31 -0.01551626318045463
10 17 17 -1.524558424027073
10 17 37 -0.8016783682317888
10 17 27 -1.0974908122019909
11 0 34 -0.43780977545492544
11 0 58 -1.0369018133208125
11 1 22 0.0
11 2 20 -1.988972982802667
11 2 10 -4.829106273048064
11 2 26 -0.156454471247412
11 3 57 -1.9469417704058203
11 3 43 -0.3360557414801832
11 3 14 -1.9469625226299172
11 4 6 0.0
11 5 4 0.0
11 6 12 -0.2021513430596137
11 6 45 -1.6981121748136356
11 7 65 -2.091305908253749
11 7 25 -0.13184791582460972
11 8 49 -10.434035056786914
11 8 40 -2.9414572312207808E-5
11 9 0 -1.9559482307604605
11 9 18 -1.956937337467888
11 9 54 -2.007223009118763
11 9 63 -0.5397088669702919
11 10 61 0.0
11 12 2 0.0
11 13 51 -0.9972597676829602
11 13 29 -0.4602733602240297
11 14 9 -4.069561214937331
11 14 46 -0.017232513992448937
11 15 33 -1.2553566660489972
11 15 53 -0.3354366383077705
11 16 39 -0.2534439919184329
11 16 31 -1.496659435964491
11 17 17 -0.08171820359001128
11 17 37 -2.5450593646861868
12 0 34 -12.436451520173627
12 0 52 -0.4618755485021333
12 0 42 -1.0007242037248323
12 0 58 -13.331139136134468
12 0 62 -6.083344916308821
12 1 22 0.0
12 2 20 -0.19219133578355133
12 2 10 -1.7438209410911103
12 3 57 -0.7031556254244893
12 3 14 -0.683237912874346
12 4 6 0.0
12 5 24 -0.35749034903541993
12 5 44 -1.2020727741237376
12 6 28 0.0
12 7 65 -0.847919275530982
12 7 50 -0.5591499798618188
12 8 49 -0.5998837045262043
12 8 40 -0.7960118448136256
12 9 0 0.0
12 10 55 -0.27737384148188454
12 10 61 -1.417872370969769
12 11 5 -0.5059099744962099
12 11 13 -0.9237098116534678
12 13 3 -0.5412190900736941
12 13 19 -0.8723653880221057
12 14 9 -0.8257657811623271
12 14 46 -0.5760746707344815
12 15 33 0.0
12 16 39 -2.629079264733857
12 16 31 -0.07487965534438683
12 17 17 -0.986190704579739
12 17 37 -0.8216306618250264
12 17 27 -1.6750910835213715
13 0 34 -13.573425861609593
13 0 52 -0.3548437788798785
13 0 42 -1.2082650389046825
13 0 58 -14.250821087595588
13 1 22 0.0
13 2 20 -0.1917964816253402
13 2 10 -1.7456864256457696
13 3 57 -1.9104249238249822
13 3 14 -0.1601892653655732
13 4 6 0.0
13 5 24 -0.3569013218899289
13 5 44 -1.2034447883150974
13 6 28 0.0
13 7 65 -0.8470135289677195
13 7 50 -0.5598290895667182
13 8 49 -0.5992966934869555
13 8 40 -0.7967265160304725
13 9 0 -0.5252531381213433
13 9 18 -0.8952248049999991
13 9 63 -9.451012130468222
13 10 55 -0.2773749560609932
13 10 61 -1.4178688842092686
13 11 5 -0.5061604252016825
13 11 13 -0.9233295929526399
13 12 2 0.0
13 14 9 -0.8249009314084107
13 14 46 -0.5767489431859155
13 15 33 0.0
13 16 39 -2.6539327145474165
13 16 31 -0.07297282491131579
13 17 17 -0.9855053970901405
13 17 37 -0.8201426094854979
13 17 27 -1.679964399178595
14 0 58 0.0
14 1 32 -1.234232818650333
14 1 22 -0.973564669992525
14 1 56 -1.1050090305971243
14 2 8 0.0
14 3 43 -0.8319467101272506
14 3 14 -0.5712858068064074
14 4 6 0.0
14 5 21 0.0
14 6 64 -1.486131186836149
14 6 35 -6.870980463274617
14 6 12 -0.6594721514616261
14 6 45 -1.3641726765814797
14 7 25 0.0
14 8 49 -3.732592714165443
14 8 36 -0.024221701076335356
14 9 0 -1.8933364165752176
14 9 18 -1.894018747758018
14 9 54 -1.2799132905903294
14 9 63 -0.8653503283785284
14 10 61 0.0
14 11 16 -0.32265900346290777
14 11 5 -5.0104344316326985
14 11 41 -1.3255288611707292
14 11 11 -5.669728446128507
14 12 2 0.0
14 13 51 -0.9113990198710759
14 13 29 -0.5141001096874613
14 15 53 0.0
14 16 39 -0.015498668682452877
14 16 31 -4.17474047586461
14 17 27 -3.1316691127598903
14 17 47 -0.04462597902805284
15 0 52 0.0
15 1 32 0.0
15 2 20 -0.8078596000400101
15 2 10 -0.5902499646129817
15 3 57 -0.524854350646485
15 3 43 -4.6742153312613794
15 3 14 -0.9187296429901282
15 4 6 0.0
15 5 59 0.0
15 6 35 -0.25219277462437684
15 6 28 -1.7115114683171402
15 6 45 -3.1626738070156204
15 7 65 -0.623801650846401
15 7 50 -2.2495300969986363
15 7 25 -1.0254138915547562
15 8 49 -1.4834598785963538
15 8 40 -0.25728407621340527
15 9 0 -0.6716601274272845
15 9 18 -0.7167127652789481
15 9 54 -10.600405673934404
15 9 63 -7.181724678032008
15 10 61 0.0
15 11 5 -1.8078546668791649
15 11 13 -0.17913337204138371
15 12 2 0.0
15 13 23 0.0
15 14 9 -1.3408679290707017
15 14 46 -0.3032946553007185
15 16 39 -0.6441973202303702
15 16 31 -0.7446170109057528
15 17 17 -0.6723281500731714
15 17 37 -0.9240327480656343
15 17 27 -2.3798309939508386
16 0 58 0.0
16 1 32 -0.8575389519686378
16 1 22 -1.3900952281266103
16 1 56 -1.118579433510265
16 2 38 0.0
16 3 43 -0.46502447775931355
16 3 14 -0.9891833314559859
16 4 30 0.0
16 5 21 -3.1082877936160336
16 5 60 -0.045706180673951095
16 6 64 -1.0169290133134021
16 6 35 -6.861333270363678
16 6 12 -1.2215346046762803
16 6 28 -9.221142841026143
16 6 45 -1.0718571780093857
16 7 25 0.0
16 8 49 -2.8079387286296607
16 8 36 -0.07086033523734418
16 8 40 -4.81851351980869
16 9 18 -2.796310947942139
16 9 54 -0.19053776156977192
16 9 63 -2.185240865239721
16 10 7 0.0
16 11 5 -0.1403993111017144
16 11 11 -2.03264315257139
16 12 1 -0.07618316982913133
16 12 2 -2.612464477538096
16 13 51 0.0
16 14 9 0.0
16 15 53 0.0
16 17 17 -5.515505531658134
16 17 27 -3.130411731069064
16 17 47 -0.04890004848807249
17 0 34 -0.456116522875598
17 0 58 -1.0044117813871711
17 1 22 0.0
17 2 20 -5.819134659542334
17 2 8 -0.03780847413901037
17 2 10 -5.712226640734507
17 2 26 -3.4793585702570566
17 3 57 -1.9469332280229117
17 3 43 -0.33605515837551053
17 3 14 -1.946973985102164
17 4 6 0.0
17 5 48 -0.6659522342294467
17 5 4 -0.7211024161881101
17 6 12 -0.23037336570092615
17 6 45 -1.5810302884702956
17 7 65 -2.840665814170578
17 7 25 -0.06016068137127326
17 8 36 0.0
17 9 0 -1.9542376787539577
17 9 18 -1.9555369928631425
17 9 54 -2.1078268867559258
17 9 63 -0.5186270260143675
17 10 61 0.0
17 11 16 -0.6083154507779553
17 11 41 -0.7858480394031825
17 12 2 0.0
17 13 51 -0.9972594293645121
17 13 29 -0.46027355797360653
17 14 46 0.0
17 15 33 -1.2558746434528913
17 15 53 -0.33523027269196576
17 16 39 -0.03445063359118944
17 16 31 -3.3854037554366307
