0 1 32 -0.506805210754116
0 1 56 -0.9223518217959394
0 2 20 -0.25915074692423734
0 2 10 -1.4771239937949012
0 3 43 0.0
0 4 6 0.0
0 5 59 0.0
0 6 35 -0.039735796041223466
0 6 45 -3.2453049440273944
0 7 65 -0.6539316017693573
0 7 25 -0.7339636128836975
0 8 49 -1.7034273719200612
0 8 40 -0.2009644258974957
0 9 18 -0.1737955984016471
0 9 54 -10.403779148519352
0 9 63 -1.8357050303420601
0 10 61 0.0
0 11 5 -1.3674030047801893
0 11 13 -0.29405933973194
0 12 1 -0.7455773825547963
0 12 2 -0.6433294982832766
0 13 51 -13.374103635449748
0 13 23 -0.21954888814633686
0 13 29 -12.685362101813885
0 13 15 -1.62397078685771
0 14 9 -1.174897984330303
0 14 46 -0.36939910477052385
0 15 53 0.0
0 16 39 -0.9823025944526438
0 16 31 -0.46912066520947987
0 17 17 -0.6866948251966892
0 17 37 -0.8974508901335491
0 17 27 -2.4173674199331012
1 0 34 -12.583119180856356
1 0 52 -0.6477860107637933
1 0 42 -0.740671356115053
1 2 20 -0.06280941499478085
1 2 10 -2.798890633404628
1 3 57 -0.18800411761177532
1 3 14 -1.7638211753752189
1 4 6 0.0
1 5 24 -0.6472149213977886
1 5 59 -0.9188670626947
1 5 44 -2.557123029390175
1 6 28 0.0
1 7 65 -1.332482659235496
1 7 50 -0.30628262007068136
1 8 49 -0.41964836897606367
1 8 40 -1.0708353598727283
1 9 0 -0.6721000088026415
1 9 18 -0.7147532396930236
1 9 63 -9.863357504985911
1 10 55 -0.5054106784151249
1 10 61 -0.9244685280841504
1 11 5 -0.21158156754459134
1 11 13 -1.657070890173154
1 12 2 0.0
1 13 23 0.0
1 14 9 -0.3209287203981129
1 14 46 -1.292712804391454
1 15 33 0.0
1 16 39 -1.467357223950818
1 16 31 -0.2620584207496427
1 17 17 -1.255076018624472
1 17 37 -0.5864223183144885
1 17 27 -1.841169618848233
2 0 58 0.0
2 1 32 -0.8803922365379321
2 1 22 -1.359881989460108
2 1 56 -1.1126442314842913
2 3 43 -0.48187539641298593
2 3 14 -0.9613509008699521
2 4 6 0.0
2 5 21 0.0
2 6 64 -1.4051049077065405
2 6 35 -2.623704440988946
2 6 12 -1.021186774033507
2 6 28 -6.408006430177839
2 6 45 -1.1384676920031125
2 7 25 0.0
2 8 49 -1.7641427042195532
2 8 36 -0.19224258953334444
2 8 40 -5.638075941397038
2 9 0 -1.80759766342192
2 9 18 -1.8079843765673032
2 9 54 -1.109314842767864
2 9 63 -1.072409405820137
2 10 61 0.0
2 11 5 -0.7504591707360817
2 11 11 -0.6389425688730553
2 12 2 0.0
2 13 51 0.0
2 14 9 0.0
2 15 53 0.0
2 16 39 -0.07329995326626902
2 16 31 -2.649621424182333
2 17 17 -4.746953275494333
2 17 27 -1.7650125763901248
2 17 47 -0.1982835482431891
3 0 42 0.0
3 1 56 0.0
3 2 20 -0.2492559221675191
3 2 10 -1.5113157223833498
3 4 6 0.0
3 5 59 0.0
3 6 35 -0.3729370916783443
3 6 28 -1.2846265683807514
3 6 45 -3.365708719534505
3 7 65 -0.6333407374479364
3 7 50 -2.261169229451965
3 7 25 -1.0079786634389667
3 8 49 -1.7590321488064262
3 8 40 -0.18899754158035603
3 9 0 -0.6812423978146144
3 9 18 -0.7052814639604162
3 9 63 -10.065616551457609
3 10 55 -0.325374181272838
3 10 61 -1.281059226165213
3 11 5 -1.4580249981600861
3 11 13 -0.26487141829447175
3 12 2 0.0
3 13 23 -1.7279698906287828
3 13 15 -0.19558271732862043
3 14 9 -1.5772744833407382
3 14 46 -0.23134868718626134
3 15 33 -4.285547857486463E-5
3 15 53 -10.057698494033792
3 16 39 -2.5955908027564134
3 16 31 -0.07753113476745174
3 17 17 -0.6563714368932205
3 17 37 -0.9303760236579834
3 17 27 -2.443406370449836
4 0 58 0.0
4 1 32 -1.130955617523374
4 1 22 -1.0605866729701565
4 1 56 -1.1055683902850384
4 2 20 -6.367180758149736
4 2 38 -0.0018121924757382852
4 2 10 -9.276924511906559
4 3 43 -0.7289520336602485
4 3 14 -0.658580123516382
4 5 60 0.0
4 6 64 -1.4382403522068288
4 6 35 -2.5130486376374157
4 6 12 -1.4082860097612326
4 6 28 -6.926580179451019
4 6 45 -0.8299051365556355
4 7 25 0.0
4 8 49 -0.6761264050182857
4 8 40 -0.7104626866832788
4 9 18 -1.8144688901159554
4 9 54 -0.5530566030324708
4 9 63 -1.3398437408824426
4 10 7 0.0
4 11 5 0.0
4 12 1 -0.03586932759808911
4 12 2 -3.3457537888162148
4 13 51 0.0
4 14 9 -9.491136468184218E-5
4 14 46 -9.262614560536939
4 15 53 0.0
4 16 31 0.0
4 17 17 -1.9915039489843274
4 17 37 -0.5587913395296538
4 17 27 -1.2323375609178562
5 0 58 0.0
5 1 32 -0.8802329270270985
5 1 22 -1.3597222574461072
5 1 56 -1.1129700130321039
5 2 20 -2.67212503021266E-5
5 2 10 -10.53006477823848
5 3 43 -0.4818735792863749
5 3 14 -0.9613538359488923
5 4 6 0.0
5 6 64 -0.9898858819917218
5 6 35 -2.623922992608479
5 6 12 -2.3067931359537157
5 6 28 -6.409515132374484
5 6 45 -0.7882555768237804
5 7 25 0.0
5 8 49 -0.7442754010875676
5 8 40 -0.6445063924142695
5 9 0 -1.8075313068633128
5 9 18 -1.8080466214338191
5 9 54 -1.1093169644057252
5 9 63 -1.0724093457864377
5 10 61 0.0
5 11 5 0.0
5 12 2 0.0
5 13 51 0.0
5 14 9 -1.4544379819708976E-4
5 14 46 -8.835793533676906
5 15 53 0.0
5 16 39 -1.421710565959854
5 16 31 -0.27615002625013485
5 17 17 -1.711339109566973
5 17 37 -0.32345249569834117
5 17 27 -2.3462244798969105
6 0 34 0.0
6 1 22 0.0
6 2 20 -0.6509950190354994
6 2 10 -2.514203365022147
6 2 26 -0.9224444917645573
6 3 57 -2.0114004927530367
6 3 43 -0.3114281513962642
6 3 14 -2.0114194930002927
6 4 6 0.0
6 5 4 -1.4056823412560167
6 5 59 -2.5101669701732554
6 5 44 -0.3951995207599452
6 7 65 -0.7143082106497142
6 7 50 -6.404644902649374
6 7 25 -0.6756698117817885
6 8 49 -1.1486713624016185
6 8 40 -0.3813449683671142
6 9 0 -1.945888129515548
6 9 18 -1.9459763988794296
6 9 54 -2.17684596548369
6 9 63 -0.5093377276270801
6 10 61 0.0
6 11 13 0.0
6 12 2 0.0
6 13 29 0.0
6 14 9 -0.7868075804413904
6 14 46 -0.607512702359265
6 15 33 -1.3182690131446968
6 15 53 -0.3114258857700132
6 16 39 -0.7917289047514702
6 16 31 -0.6034176687838438
6 17 17 -0.3910126425184625
6 17 37 -1.1281593502577998
7 0 58 0.0
7 1 22 0.0
7 2 20 -9.593147234185531E-5
7 2 10 -9.251924416520664
7 3 57 -1.6546760458879388
7 3 43 -0.4817695734737014
7 3 14 -1.6546620204702445
7 4 6 0.0
7 5 24 0.0
7 6 64 -0.9896583080583935
7 6 35 -2.6239314327545187
7 6 12 -2.3068495261805384
7 6 28 -6.4092111624214105
7 6 45 -0.7884290346898554
7 8 49 -0.7442711496128276
7 8 40 -0.64451024021198
7 9 0 -1.8075731461735927
7 9 18 -1.8080095404668923
7 9 54 -1.1093114458950102
7 9 63 -1.0724123745707363
7 10 61 0.0
7 11 5 0.0
7 12 2 0.0
7 13 51 0.0
7 14 9 -2.4757038219870884E-4
7 14 46 -8.303939426499204
7 15 33 -0.9613410746481639
7 15 53 -0.48188147995415465
7 16 39 -1.4210522981455733
7 16 31 -0.2763594762813741
7 17 17 -1.7113864045583191
7 17 37 -0.3234452107241047
7 17 27 -2.346190315266973
8 0 34 -0.49027482205982353
8 0 58 -0.9479311884850468
8 1 22 0.0
8 2 20 -4.825005411179724
8 2 8 -0.22881617622046144
8 2 10 -2.914531837017782
8 2 26 -1.9500333345226193
8 3 57 -2.0851083537768216
8 3 43 -0.28578357193092924
8 3 14 -2.0852091794511805
8 4 6 0.0
8 5 48 -0.7166757639903648
8 5 4 -0.670159489319358
8 6 12 -0.06425233190322095
8 6 45 -2.77689141843114
8 7 65 -5.422146904177391
8 7 25 -0.00442743884244528
8 9 0 -1.554471544886415
8 9 18 -1.5553700884855415
8 9 54 -1.9920023637669093
8 9 63 -0.8183346009620716
8 10 61 0.0
8 11 16 -0.6998717906328428
8 11 41 -0.686467488976492
8 12 2 0.0
8 13 51 -1.1444123279724743
8 13 29 -0.38332841868903644
8 14 46 0.0
8 15 33 -1.392021416097689
8 15 53 -0.2857803197101501
8 16 39 -0.023963520935642538
8 16 31 -3.743180399446683
8 17 37 0.0
9 0 62 0.0
9 1 22 0.0
9 2 20 -0.10718396581009287
9 2 10 -2.286321959485229
9 3 57 -0.7362412566619592
9 3 43 -10.320829219984505
9 3 14 -0.6518969487691391
9 4 6 0.0
9 5 24 -0.9265550824469486
9 5 59 -0.948029055064695
9 5 44 -1.529791958629851
9 6 35 -0.5351718100213744
9 6 28 -0.8808479995210009
9 7 65 -0.4458708661308826
9 7 50 -1.0223916515829243
9 8 49 -1.0693552219591533
9 8 40 -0.4204210219535089
9 10 55 -0.552176741743563
9 10 61 -0.8573034627440818
9 11 5 -0.8154313380636254
9 11 13 -0.5842002980265883
9 12 1 0.0
9 13 3 -0.44997828706705384
9 13 19 -1.0151225960466008
9 14 9 -0.5694160837549186
9 14 46 -0.8343784374734557
9 15 33 -9.530961254779454E-5
9 15 53 -9.258427540629558
9 16 39 -2.1720905872148335
9 16 31 -0.12096967156998314
9 17 17 -0.8179409324153387
9 17 37 -0.7562120818722897
9 17 27 -2.416658296948585
10 0 58 0.0
10 1 32 -1.130905811720712
10 1 22 -1.0605352770644747
10 1 56 -1.1056707159639287
10 2 20 -3.0307284664602064E-4
10 2 10 -8.101688895972911
10 3 43 -0.7289523053803619
10 3 14 -0.6585798702604998
10 4 6 0.0
10 5 60 0.0
10 6 64 -1.438233904381983
10 6 35 -2.5129684998461124
10 6 12 -1.4082620158399808
10 6 28 -6.942361265563572
10 6 45 -0.8299017572240486
10 7 25 0.0
10 8 49 -0.7166280007363642
10 8 40 -0.670205083815168
10 9 18 -1.814421260054087
10 9 54 -0.5530561565805568
10 9 63 -1.3398743541410605
10 11 5 0.0
10 12 1 -0.035876273765337
10 12 2 -3.345563607877414
10 13 51 0.0
10 14 9 -6.536429102610357E-4
10 14 46 -7.333276168052429
10 15 53 0.0
10 16 39 -2.784095075267611
10 16 31 -0.06377611796616629
10 17 17 -2.0292086614957263
10 17 37 -0.3443045705461445
10 17 27 -1.8335352634274724
11 0 34 -0.4902759003861127
11 0 58 -0.9479294843373823
11 1 22 0.0
11 2 20 -1.1256936091329566
11 2 10 -2.6702766011660537
11 2 26 -0.5003151135884836
11 3 57 -2.0864035553546443
11 3 43 -0.28536963965497103
11 3 14 -2.0864186413194976
11 4 6 0.0
11 5 4 0.0
11 6 12 -0.07147077944137467
11 6 45 -2.6739891543892687
11 7 65 -1.5394127296935243
11 7 25 -0.24144378129849
11 8 49 -12.787512527912126
11 8 40 -2.7954677017633675E-6
11 9 0 -1.5564884377324908
11 9 18 -1.5572593653375804
11 9 54 -1.9248331619145005
11 9 63 -0.8381455264755957
11 10 61 0.0
11 12 2 0.0
11 13 51 -1.1436924797489558
11 13 29 -0.3836648804993429
11 14 9 -3.9151424593064936
11 14 46 -0.020139146206194464
11 15 33 -1.3932834122714866
11 15 53 -0.2853632016011024
11 16 39 -0.13841168429097486
11 16 31 -2.0459305434077897
11 17 17 -0.3833739324121263
11 17 37 -1.1443149084789752
12 0 34 -11.797046159160308
12 0 52 -0.7529843110627809
12 0 42 -1.2366892141522625
12 0 58 -12.749804609645137
12 0 62 -1.432603423431887
12 1 22 0.0
12 2 20 -0.09317072594690062
12 2 10 -2.4195453957068507
12 3 57 -0.7514943186845267
12 3 14 -0.6380175603332157
12 4 6 0.0
12 5 24 -0.272435485760046
12 5 44 -1.433480550230954
12 6 28 0.0
12 7 65 -1.0180201513513336
12 7 50 -0.44833540330043375
12 8 49 -1.0714144418787246
12 8 40 -0.4193465532441877
12 9 0 0.0
12 10 55 -0.5050626972431517
12 10 61 -0.9249978754603334
12 11 5 -0.5477206771683604
12 11 13 -0.8633813611841553
12 13 3 -0.44916179934834005
12 13 19 -1.0165609915866747
12 14 9 -0.3734814865162364
12 14 46 -1.1658223099143723
12 15 33 0.0
12 16 39 -2.490404140536363
12 16 31 -0.08651310049550018
12 17 17 -0.905254283192492
12 17 37 -0.6796111535898601
12 17 27 -2.4219662945852183
13 0 34 -12.490639129932108
13 0 52 -0.5070426175739936
13 0 42 -0.9220050932447661
13 0 58 -13.50655017474609
13 1 22 0.0
13 2 20 -0.09328034068919193
13 2 10 -2.4184235497728745
13 3 57 -1.8070629935698486
13 3 14 -0.17928875629077523
13 4 6 0.0
13 5 24 -0.27238666819802954
13 5 44 -1.4336364537813915
13 6 28 0.0
13 7 65 -1.0171401898699373
13 7 50 -0.44883354394716785
13 8 49 -1.0710542527937355
13 8 40 -0.41953425141317946
13 9 0 -0.6723117432776903
13 9 18 -0.714497159107029
13 9 63 -10.264877740189645
13 10 55 -0.5053971669350493
13 10 61 -0.9244890730220141
13 11 5 -0.5476814745759127
13 11 13 -0.8634351169020932
13 12 2 0.0
13 14 9 -0.37348062065782967
13 14 46 -1.1658242222174704
13 15 33 0.0
13 16 39 -2.300211215377188
13 16 31 -0.1056246280318995
13 17 17 -0.8967256747378873
13 17 37 -0.6864568537764905
13 17 27 -2.422038463569754
14 0 58 0.0
14 1 32 -1.3524150468766962
14 1 22 -0.882283312173278
14 1 56 -1.1161202175676146
14 2 8 0.0
14 3 43 -0.9555874707733357
14 3 14 -0.48546030262545886
14 4 6 0.0
14 5 21 0.0
14 6 64 -1.436601255660484
14 6 35 -4.663022232885031
14 6 12 -0.6172488780543841
14 6 45 -1.5445808822777742
14 7 25 0.0
14 8 49 -2.2474244199456948
14 8 36 -0.1116816057101336
14 9 0 -1.2746397859694223
14 9 18 -1.2751599264817055
14 9 54 -2.279095917092014
14 9 63 -1.0826247136252047
14 10 61 0.0
14 11 16 -0.4787764862572979
14 11 5 -5.493020393847293
14 11 41 -1.133283207392472
14 11 11 -2.9119565571164943
14 12 2 0.0
14 13 51 -0.7203738463034123
14 13 29 -0.666642200448837
14 15 53 0.0
14 16 39 -0.15014277411340676
14 16 31 -1.9703008880829342
14 17 27 -1.8517470646236265
14 17 47 -0.1707440783593982
15 0 52 0.0
15 1 32 0.0
15 2 20 -0.2498925450376263
15 2 10 -1.5090699700503534
15 3 57 -0.636340870226376
15 3 43 -9.820528906285334
15 3 14 -0.7534912353163034
15 4 6 0.0
15 5 59 0.0
15 6 35 -0.35901222546714845
15 6 28 -1.303734712703862
15 6 45 -3.502621548881904
15 7 65 -0.5970917586974258
15 7 50 -2.4973585116444186
15 7 25 -1.0016093997165205
15 8 49 -1.7651089368099138
15 8 40 -0.1877379658391682
15 9 0 -0.6572335681861208
15 9 18 -0.7307048042481236
15 9 54 -10.357661642907468
15 9 63 -9.06498473187743
15 10 61 0.0
15 11 5 -1.4365346337257692
15 11 13 -0.27148098750003435
15 12 2 0.0
15 13 23 0.0
15 14 9 -1.5160625203163205
15 14 46 -0.24791632608416256
15 16 39 -0.9627105395196138
15 16 31 -0.4810345588031062
15 17 17 -0.6845955574726577
15 17 37 -0.900052801793458
15 17 27 -2.4173490049378175
16 0 58 0.0
16 1 32 -0.8803546741171326
16 1 22 -1.359842667630811
16 1 56 -1.1127223272549145
16 2 38 0.0
16 3 43 -0.48188237402730016
16 3 14 -0.9613396305417431
16 4 30 0.0
16 5 21 -1.5038410663991941
16 5 60 -0.25138196150559544
16 6 64 -1.405504350112879
16 6 35 -2.6231267852732474
16 6 12 -0.9775860046511238
16 6 28 -6.40222999749402
16 6 45 -1.1897246754832624
16 7 25 0.0
16 8 49 -1.7054326835120845
16 8 36 -0.21005984833868901
16 8 40 -4.857419296315414
16 9 18 -1.6770585315323983
16 9 54 -0.6247651178698713
16 9 63 -1.2812504820616242
16 10 7 0.0
16 11 5 -0.734650943532557
16 11 11 -0.6532975549664337
16 12 1 -0.052595979897521496
16 12 2 -2.971298318522915
16 13 51 0.0
16 14 9 0.0
16 15 53 0.0
16 17 17 -3.4643262124998793
16 17 27 -1.719449648475543
16 17 47 -0.23630327216897654
17 0 34 -0.490274832547762
17 0 58 -0.9479311719102673
17 1 22 0.0
17 2 20 -4.8250824578976825
17 2 8 -0.22881440383701918
17 2 10 -2.9145326840355787
17 2 26 -1.9500385750319917
17 3 57 -2.085114381125598
17 3 43 -0.2857834649746896
17 3 14 -2.0852037982033345
17 4 6 0.0
17 5 48 -0.7166750660507067
17 5 4 -0.6701601555374325
17 6 12 -0.06425151728526676
17 6 45 -2.776903693982476
17 7 65 -5.422247961154592
17 7 25 -0.00442699044968297
17 8 36 0.0
17 9 0 -1.5544676461778397
17 9 18 -1.5553727289534525
17 9 54 -1.9920097036715947
17 9 63 -0.818332935036985
17 10 61 0.0
17 11 16 -0.5260857689056306
17 11 41 -0.8938284595485328
17 12 2 0.0
17 13 51 -1.1444127950793674
17 13 29 -0.38332820047555155
17 14 46 0.0
17 15 33 -1.3920209292545687
17 15 53 -0.28578048075794166
17 16 39 -0.023964569189856358
17 16 31 -3.7431371786894707
