0 1 32 -0.6138071084050423
0 1 56 -0.7793288061189505
0 2 20 -0.05049379503752413
0 2 10 -3.0110454862641975
0 3 43 0.0
0 4 6 0.0
0 5 59 0.0
0 6 35 -0.3411377349502609
0 6 45 -1.2411935732980162
0 7 65 -1.3199886826596545
0 7 25 -0.3107983060142935
0 8 49 -0.8588011063907937
0 8 40 -0.5510743674707006
0 9 18 -0.7820925040192495
0 9 54 -4.610167423625246
0 9 63 -0.6299807566506689
0 10 61 0.0
0 11 5 -0.624693541216725
0 11 13 -0.7666333228773732
0 12 1 -0.08536095810068547
0 12 2 -2.5032433414180746
0 13 51 -4.620982425634698
0 13 23 -0.19108305409899942
0 13 29 -5.578834861014994
0 13 15 -1.830608798989682
0 14 9 -0.44062854071748303
0 14 46 -1.0317906590695483
0 15 53 0.0
0 16 39 -1.035084486611912
0 16 31 -0.43880945864819615
0 17 17 -1.084283487575058
0 17 37 -0.5165153590210377
0 17 27 -2.729373472665965
1 0 34 -5.541534416591631
1 0 52 -0.795001846533564
1 0 42 -0.6078890034495262
1 2 20 -0.027927587271809065
1 2 10 -3.592071583507475
1 3 57 -1.031132693714284
1 3 14 -0.4409930315501171
1 4 6 0.0
1 5 24 -0.5739768305896294
1 5 59 -0.8579807272254969
1 5 44 -4.3660218879930754
1 6 28 0.0
1 7 65 -1.6024632098473794
1 7 50 -0.22489485456908695
1 8 49 -0.8676123194724157
1 8 40 -0.54464625954312
1 9 0 -0.5232476968558162
1 9 18 -0.8979865842392787
1 9 63 -10.921565577804019
1 10 55 -0.6661531681114915
1 10 61 -0.7208901333595998
1 11 5 -0.4032869167205927
1 11 13 -1.1029829568778746
1 12 2 0.0
1 13 23 0.0
1 14 9 -0.156091362472046
1 14 46 -1.934344485508338
1 15 33 0.0
1 16 39 -2.7053612342454043
1 16 31 -0.06918521751074859
1 17 17 -1.370045465319724
1 17 37 -0.3792004780045409
1 17 27 -2.78877984338632
2 0 58 0.0
2 1 32 -1.1338039680580636
2 1 22 -1.3335005746522888
2 1 56 -0.8803442190184161
2 3 43 -0.6000889453218234
2 3 14 -0.7957621886580244
2 4 6 0.0
2 5 21 0.0
2 6 64 -1.4392464241539284
2 6 35 -1.4518567297035132
2 6 12 -1.3056298528421972
2 6 28 -6.904172329935122
2 6 45 -1.3596403833962412
2 7 25 0.0
2 8 49 -2.171669268406291
2 8 36 -0.1485886967051456
2 8 40 -3.725989048539394
2 9 0 -1.6583884694907114
2 9 18 -1.6617715124640449
2 9 54 -2.1012589628173184
2 9 63 -0.698261122042901
2 10 61 0.0
2 11 5 -0.2330628341622214
2 11 11 -1.5707163660645123
2 12 2 0.0
2 13 51 0.0
2 14 9 0.0
2 15 53 0.0
2 16 39 -0.41083446400738266
2 16 31 -1.0879593004335453
2 17 17 -1.1952558216045628
2 17 27 -1.427557962232474
2 17 47 -0.7820233432364848
3 0 42 0.0
3 1 56 0.0
3 2 20 -0.21705659582096948
3 2 10 -1.6341631520302944
3 4 6 0.0
3 5 59 0.0
3 6 35 -0.8951024876653045
3 6 28 -0.679346485758319
3 6 45 -2.4711683207629864
3 7 65 -1.5524380292025377
3 7 50 -0.9638941608149219
3 7 25 -0.8992759976340199
3 8 49 -1.470383596709053
3 8 40 -0.2611534922220376
3 9 0 -0.5154083747553416
3 9 18 -0.909471500753369
3 9 63 -11.967730364322831
3 10 55 -0.6212343108621461
3 10 61 -0.7706350105708439
3 11 5 -1.709912518648824
3 11 13 -0.19952665819181503
3 12 2 0.0
3 13 23 -1.0325570344623949
3 13 15 -0.44020446382407347
3 14 9 -1.1147386758299969
3 14 46 -0.397498400194243
3 15 33 -0.48262948428978325
3 15 53 -0.9601340775332106
3 16 39 -2.19737219063458
3 16 31 -0.11776458552608143
3 17 17 -0.6310879285737021
3 17 37 -0.9102008042910016
3 17 27 -2.7250350982104354
4 0 58 0.0
4 1 32 -1.133777448262133
4 1 22 -1.3333560439593453
4 1 56 -0.8804566809763422
4 2 20 -0.30262611949023416
4 2 38 -1.3431245910546221
4 2 10 -9.25200263353606
4 3 43 -0.6001133719966028
4 3 14 -0.7957324834631767
4 5 60 0.0
4 6 64 -1.3236186589712118
4 6 35 -1.4190083522960009
4 6 12 -1.586973574636101
4 6 28 -4.020069527583845
4 6 45 -1.3116309101699017
4 7 25 0.0
4 8 49 -0.7179396270311983
4 8 40 -0.6689545583596249
4 9 18 -1.7220138425384912
4 9 54 -0.8674160837474043
4 9 63 -0.9131491331420367
4 10 7 0.0
4 11 5 0.0
4 12 1 -0.1376444142129053
4 12 2 -2.0511145435270293
4 13 51 0.0
4 14 9 -0.11961768168068776
4 14 46 -2.182667337257257
4 15 53 0.0
4 16 31 0.0
4 17 17 -2.13992085358722
4 17 37 -0.25973012746346713
4 17 27 -2.1975393207891862
5 0 58 0.0
5 1 32 -1.133799959477178
5 1 22 -1.3334667948105972
5 1 56 -0.8803688018936349
5 2 20 -4.441268398813239E-5
5 2 10 -10.02200766017332
5 3 43 -0.600087891980041
5 3 14 -0.7957634696594952
5 4 6 0.0
5 6 64 -1.3236339476973193
5 6 35 -1.4190078793260323
5 6 12 -1.5869828815856946
5 6 28 -4.02003484762059
5 6 45 -1.3116114730419917
5 7 25 0.0
5 8 49 -0.7443972099382599
5 8 40 -0.644396162535686
5 9 0 -1.6654487340129622
5 9 18 -1.6547313557339987
5 9 54 -2.1012683699010335
5 9 63 -0.6982610054938517
5 10 61 0.0
5 11 5 0.0
5 12 2 0.0
5 13 51 0.0
5 14 9 -0.12336945377134667
5 14 46 -2.1536223761846953
5 15 53 0.0
5 16 39 -1.3682611225918377
5 16 31 -0.2937661493670295
5 17 17 -2.1847989554504754
5 17 37 -0.2500414474397934
5 17 27 -2.2188769886829594
6 0 34 0.0
6 1 22 0.0
6 2 20 -0.2625448411408443
6 2 10 -2.050858614197759
6 2 26 -2.2800048958297947
6 3 57 -1.3851584906657706
6 3 43 -0.754838199589934
6 3 14 -1.274290831097662
6 4 6 0.0
6 5 4 -1.253129632370585
6 5 59 -1.084608770810253
6 5 44 -0.9772185862824712
6 7 65 -1.3231845895735552
6 7 50 -4.01969363582153
6 7 25 -0.3344165177103734
6 8 49 -0.8596813568899838
6 8 40 -0.5504277748973418
6 9 0 -1.3652184838903656
6 9 18 -1.3652008240723175
6 9 54 -2.103044317900587
6 9 63 -1.0016810931629119
6 10 61 0.0
6 11 13 0.0
6 12 2 0.0
6 13 29 0.0
6 14 9 -0.4830902039880777
6 14 46 -0.9593918224811023
6 15 33 -0.6445841246633254
6 15 53 -0.7441895205339634
6 16 39 -0.4717350268087615
6 16 31 -0.977950235431382
6 17 17 -0.6432766872315829
6 17 37 -0.7456358823948955
7 0 58 0.0
7 1 22 0.0
7 2 20 -4.5274823942543534E-5
7 2 10 -10.002782080151283
7 3 57 -1.5619523112703537
7 3 43 -0.6001361273199142
7 3 14 -1.420733243244405
7 4 6 0.0
7 5 24 0.0
7 6 64 -1.3235842272904115
7 6 35 -1.4182338489037727
7 6 12 -1.5878116600284797
7 6 28 -4.028598807560796
7 6 45 -1.3111588792681932
7 8 49 -0.7443953580451834
7 8 40 -0.6443978381990364
7 9 0 -1.6746045638244058
7 9 18 -1.6457234325591417
7 9 54 -2.101284753388508
7 9 63 -0.6982691700538437
7 10 61 0.0
7 11 5 0.0
7 12 2 0.0
7 13 51 0.0
7 14 9 -0.12389292805867268
7 14 46 -2.149644554874141
7 15 33 -0.7975777519424392
7 15 53 -0.5985985080167072
7 16 39 -1.6024569732728502
7 16 31 -0.2248964273834893
7 17 17 -2.1848095299315844
7 17 37 -0.25004048049680455
7 17 27 -2.2188729732692294
8 0 34 -1.412920473082817
8 0 58 -0.2789619493771508
8 1 22 0.0
8 2 20 -1.3348670126361495
8 2 8 -0.7832529443242151
8 2 10 -2.68753064140311
8 2 26 -1.551920268365836
8 3 57 -1.5629904007052695
8 3 43 -0.6012605151946346
8 3 14 -1.417285278132995
8 4 6 0.0
8 5 48 -0.7447222669021004
8 5 4 -0.6441021301698787
8 6 12 -0.10328706191048334
8 6 45 -2.321442219839043
8 7 65 -4.326300402836864
8 7 25 -0.013304465537287482
8 9 0 -1.1555455242108268
8 9 18 -1.3580092127570553
8 9 54 -2.9284209844461695
8 9 63 -0.9822686208234017
8 10 61 0.0
8 11 16 -0.7220586734051181
8 11 41 -0.6650481282632174
8 12 2 0.0
8 13 51 -0.7019298294511558
8 13 29 -0.6844409955223237
8 14 46 0.0
8 15 33 -0.8068115922624727
8 15 53 -0.5910938212333061
8 16 39 -0.3473438976293077
8 16 31 -1.2260899326777508
8 17 37 0.0
9 0 62 0.0
9 1 22 0.0
9 2 20 -0.012136884670149306
9 2 10 -4.4175684479161745
9 3 57 -1.0326220956220153
9 3 43 -10.41560619118563
9 3 14 -0.4402150151584835
9 4 6 0.0
9 5 24 -0.5398261060869627
9 5 59 -0.8767833161891793
9 5 44 -6.877112512388658
9 6 35 -0.7377007024652481
9 6 28 -0.650494295846892
9 7 65 -1.6037816868698695
9 7 50 -0.22456262076980532
9 8 49 -0.8629410049339249
9 8 40 -0.5480419543341488
9 10 55 -0.8845583277946446
9 10 61 -0.5325541508796124
9 11 5 -0.4032827761478564
9 11 13 -1.1029912924853715
9 12 1 0.0
9 13 3 -0.5313073548660632
9 13 19 -0.8863338460213336
9 14 9 -0.18267973886409433
9 14 46 -1.7899704807696044
9 15 33 -0.4945050842263542
9 15 53 -0.9412821014028319
9 16 39 -2.5245932480383337
9 16 31 -0.08348039999927333
9 17 17 -1.4656782555138823
9 17 37 -0.35057634453403397
9 17 27 -2.7365018112674466
10 0 58 0.0
10 1 32 -1.1337780993371267
10 1 22 -1.333358999154003
10 1 56 -0.8804542967455323
10 2 20 -7.684999717800615E-4
10 2 10 -7.1714542570844
10 3 43 -0.6001130635326726
10 3 14 -0.7957328585750727
10 4 6 0.0
10 5 60 0.0
10 6 64 -1.323619381088889
10 6 35 -1.4190076216620127
10 6 12 -1.5869744134663357
10 6 28 -4.0200619030086155
10 6 45 -1.3116307240793321
10 7 25 0.0
10 8 49 -0.726763084195309
10 8 40 -0.6606246507599877
10 9 18 -1.7320893583340604
10 9 54 -0.8651928353612788
10 9 63 -0.9110165469427993
10 11 5 0.0
10 12 1 -0.13757706269295594
10 12 2 -2.0515710749502727
10 13 51 0.0
10 14 9 -0.09943032110391024
10 14 46 -2.3576014321680017
10 15 53 0.0
10 16 39 -5.241158082527433
10 16 31 -0.005308185777086881
10 17 17 -2.1638950025450048
10 17 37 -0.2550751904061392
10 17 27 -2.2048690544091825
11 0 34 -1.1077307594466523
11 0 58 -0.40093686429804615
11 1 22 0.0
11 2 20 -0.5941541749986755
11 2 10 -1.5709519067532391
11 2 26 -1.426602011277801
11 3 57 -1.5642720401540697
11 3 43 -0.6001845375438141
11 3 14 -1.4186136287924178
11 4 6 0.0
11 5 4 0.0
11 6 12 -0.03444050460000915
11 6 45 -3.3856927779020345
11 7 65 -1.072202846010108
11 7 25 -0.41893606655590443
11 8 49 -12.5550606004772
11 8 40 -3.5270143540154817E-6
11 9 0 -1.403511168851397
11 9 18 -1.4448956146118277
11 9 54 -2.485083522589302
11 9 63 -0.8319999527457083
11 10 61 0.0
11 12 2 0.0
11 13 51 -0.6996179369902691
11 13 29 -0.6867180257685531
11 14 9 -1.1147581533545472
11 14 46 -0.3974888934026673
11 15 33 -0.8303087309943696
11 15 53 -0.57254977149586
11 16 39 -0.34955217445148357
11 16 31 -1.2207925929645158
11 17 17 -0.5779940881933401
11 17 37 -0.8233073489850732
12 0 34 -7.78894454235239
12 0 52 -1.4767230220529295
12 0 42 -1.2863571409876715
12 0 58 -5.578914766830302
12 0 62 -0.7110081662846747
12 1 22 0.0
12 2 20 -0.03508385280319198
12 2 10 -3.367504928852899
12 3 57 -1.0312153759163696
12 3 14 -0.4409472078946178
12 4 6 0.0
12 5 24 -0.2055734560908529
12 5 44 -1.6829783541916084
12 6 28 0.0
12 7 65 -1.5519655616827863
12 7 50 -0.23804299515746385
12 8 49 -0.8653932046689126
12 8 40 -0.5462559740384001
12 9 0 0.0
12 10 55 -0.8317740800252551
12 10 61 -0.5714188459101945
12 11 5 -0.40355931771623443
12 11 13 -1.1024348002950135
12 13 3 -0.4089959497322252
12 13 19 -1.0915877872831894
12 14 9 -0.14631539315149314
12 14 46 -1.9942566077070782
12 15 33 0.0
12 16 39 -3.0235606614274606
12 16 31 -0.049849876340791056
12 17 17 -1.3847510666732983
12 17 37 -0.37742404083829223
12 17 27 -2.749050346059303
13 0 34 -6.386828723635276
13 0 52 -0.8039025893813673
13 0 42 -0.6131455160095975
13 0 58 -4.700234688742238
13 1 22 0.0
13 2 20 -0.02541988174844468
13 2 10 -3.684906682394802
13 3 57 -1.0311216233225593
13 3 14 -0.440999167366096
13 4 6 0.0
13 5 24 -0.20559588201993037
13 5 44 -1.6828800995595796
13 6 28 0.0
13 7 65 -1.551991599653032
13 7 50 -0.23803599721073002
13 8 49 -0.8629993489974613
13 8 40 -0.5479993733359705
13 9 0 -0.5347689573366171
13 9 18 -0.8814468951806373
13 9 63 -11.31560215724583
13 10 55 -0.7248810419969037
13 10 61 -0.6623894597666372
13 11 5 -0.4037006754436495
13 11 13 -1.102150521220346
13 12 2 0.0
13 14 9 -0.1589988974373319
13 14 46 -1.9173043212945369
13 15 33 0.0
13 16 39 -2.7433641888263316
13 16 31 -0.06651752879170388
13 17 17 -1.3076694317126936
13 17 37 -0.4087605218752334
13 17 27 -2.7321835399366172
14 0 58 0.0
14 1 32 -1.3624843985539634
14 1 22 -0.6630293439568955
14 1 56 -1.4753962296153587
14 2 8 0.0
14 3 43 -0.9901531377217833
14 3 14 -0.4644507438436653
14 4 6 0.0
14 5 21 0.0
14 6 64 -2.1444352070623625
14 6 35 -1.437781651258283
14 6 12 -0.9802707175302485
14 6 45 -1.308584025616695
14 7 25 0.0
14 8 49 -2.1462681516642883
14 8 36 -0.12433910982426363
14 9 0 -1.1917174223699167
14 9 18 -1.3069285876798142
14 9 54 -2.4675893067582746
14 9 63 -1.076278479889507
14 10 61 0.0
14 11 16 -0.32736205924299266
14 11 5 -1.799407229347802
14 11 41 -2.93616758991031
14 11 11 -2.801619465327267
14 12 2 0.0
14 13 51 -0.44360428679384234
14 13 29 -1.0264385422393973
14 15 53 0.0
14 16 39 -0.4160580038136829
14 16 31 -1.0777572965450197
14 17 27 -1.4269923397391926
14 17 47 -0.2744760118133456
15 0 52 0.0
15 1 32 0.0
15 2 20 -0.21704779282817868
15 2 10 -1.634199466666763
15 3 57 -1.1268333085596856
15 3 43 -1.3963754767707381
15 3 14 -0.8475817160165552
15 4 6 0.0
15 5 59 0.0
15 6 35 -0.8866020735124189
15 6 28 -0.690012723138242
15 6 45 -2.449036061430141
15 7 65 -1.5446253153117422
15 7 50 -0.9660173789836214
15 7 25 -0.9013715864283902
15 8 49 -1.5663100013083386
15 8 40 -0.23422255613252393
15 9 0 -1.1888233621892517
15 9 18 -1.1891978595909374
15 9 54 -4.276909676294183
15 9 63 -0.9753253066991386
15 10 61 0.0
15 11 5 -1.5955059285361965
15 11 13 -0.22665708812691138
15 12 2 0.0
15 13 23 0.0
15 14 9 -1.1147064859826017
15 14 46 -0.39751411235180867
15 16 39 -0.7010568431176808
15 16 31 -0.6852995901155925
15 17 17 -0.7087864108704008
15 17 37 -0.8157967003058424
15 17 27 -2.7261331763747743
16 0 58 0.0
16 1 32 -1.133794487810492
16 1 22 -1.3334737200059956
16 1 56 -0.8803686466216367
16 2 38 0.0
16 3 43 -0.600105483857986
16 3 14 -0.7957420760255185
16 4 30 0.0
16 5 21 -1.6134661867098365
16 5 60 -0.2221390131160898
16 6 64 -1.3262892066479564
16 6 35 -1.4200547232607523
16 6 12 -1.5043882134772755
16 6 28 -6.444669201830294
16 6 45 -1.312684958264947
16 7 25 0.0
16 8 49 -1.6858220547857914
16 8 36 -0.2938120517341824
16 8 40 -2.669434870388591
16 9 18 -1.7884026187602475
16 9 54 -0.889210170388347
16 9 63 -0.8632413434323651
16 10 7 0.0
16 11 5 -0.15860741564174427
16 11 11 -1.9195789617811017
16 12 1 -0.18015712075443924
16 12 2 -1.8026524838846198
16 13 51 0.0
16 14 9 0.0
16 15 53 0.0
16 17 17 -0.8292756215417051
16 17 27 -1.4271159593969187
16 17 47 -1.128140055522026
17 0 34 -1.4117895379332788
17 0 58 -0.27932610787492534
17 1 22 0.0
17 2 20 -1.3349623438289278
17 2 8 -0.7831547823941649
17 2 10 -2.68847670197253
17 2 26 -1.5517098350305882
17 3 57 -1.5629907632036455
17 3 43 -0.6012601746268981
17 3 14 -1.4172857349763412
17 4 6 0.0
17 5 48 -0.7447240350050109
17 5 4 -0.6441005313187134
17 6 12 -0.10321889188162166
17 6 45 -2.322068944682371
17 7 65 -4.326206898240894
17 7 25 -0.01330571793768949
17 8 36 0.0
17 9 0 -1.1408621563330699
17 9 18 -1.3466419477034748
17 9 54 -2.963778952454698
17 9 63 -0.9977153939261684
17 10 61 0.0
17 11 16 -0.5580189812485351
17 11 41 -0.8494309100697373
17 12 2 0.0
17 13 51 -0.7019297412127272
17 13 29 -0.684441082230989
17 14 46 0.0
17 15 33 -0.8069411426402745
17 15 53 -0.5909894206693811
17 16 39 -0.347053860593697
17 16 31 -1.226788651930434
