0 1 98 -2.311095523520511
0 1 69 -0.10441936764039014
0 2 82 0.0
0 3 64 -1.528818679765799
0 3 18 -1.230416689282628
0 3 4 -0.8518201087111616
0 3 10 -2.7426435425545885
0 4 87 0.0
0 5 70 0.0
0 6 121 0.0
0 7 0 -1.1092697718572953
0 7 92 -0.40017865931990576
0 8 42 -0.6278163547846899
0 8 110 -0.7630463123984006
0 9 119 -1.6678723857155306
0 9 73 -0.9347086225216481
0 9 106 -2.668474773970963
0 9 94 -2.8500552230233667
0 9 47 -1.2328776872752567
0 10 81 -0.12257766489741818
0 10 45 -2.1596733080487827
0 11 41 -0.07734690585228947
0 11 91 -2.597878897364928
0 12 96 -3.3841958226691227
0 12 49 -0.758006755892032
0 12 117 -4.013608343290485
0 12 23 -1.519120299384211
0 12 29 -3.3599012064633644
0 12 15 -1.975668410533621
0 12 63 -2.4405166159746066
0 13 35 -0.449126058107278
0 13 51 -1.7428297943000288
0 13 101 -1.6777706156353422
0 14 13 -0.3847934074544228
0 14 79 -1.1412835756875424
0 15 112 -1.5858822349732475
0 15 53 -1.7652302251821734
0 15 85 -2.4163583366613577
0 15 55 -0.739647154916812
0 15 9 -2.854975403235645
0 16 36 -1.0110795599297846
0 16 59 -0.45228316110957506
0 17 39 -3.3652957260409164
0 17 57 -0.5985507837974183
0 17 127 -0.8774531597623102
0 18 33 -0.6373140114669971
0 18 21 -1.7264625337334605
0 18 103 -1.2262977871605318
0 19 31 0.0
0 20 75 0.0
0 21 17 -0.3584857772135953
0 21 115 -1.4198493143750641
0 21 25 -2.8215101987739546
0 22 89 -1.339066855656489
0 22 61 -0.3039335789421645
0 23 7 -0.7215866612416822
0 23 27 -0.6654941881628574
0 24 105 0.0
0 25 3 -1.4870514737372986
0 25 67 -0.3147436122609233
0 25 109 -3.123887527470761
0 26 123 -1.3606155936645616
0 26 77 -0.543933435859966
0 26 125 -1.8137804318711643
1 0 68 0.0
1 2 82 -3.664559259768244
1 2 124 -0.025949246847848436
1 3 64 -1.4103765773476005
1 3 18 -1.2931952053827036
1 3 4 -0.9515245830627367
1 3 10 -2.3496332588986943
1 4 87 0.0
1 5 70 0.0
1 6 50 -1.459319076785956
1 6 84 -1.6472421010426903
1 6 121 -1.5364171483726698
1 6 14 -1.0219994533976087
1 7 0 -0.30044021198500337
1 7 92 -1.3489684241989919
1 8 42 -1.286242071521639
1 8 110 -0.3233882544349879
1 9 119 -2.7685578671627624
1 9 73 -1.1882203488196057
1 9 106 -2.2981418717212048
1 9 28 -1.3993531569637985
1 9 94 -1.6076760815021103
1 9 47 -2.4659291069825304
1 10 81 -1.9534001020320677
1 10 99 -2.1284121644978167
1 10 116 -1.1650162225443272
1 10 8 -1.898541011753115
1 10 24 -1.332449498264425
1 10 45 -4.294169706263907
1 11 41 -0.08331981619952175
1 11 91 -2.526439535391965
1 12 16 -2.191753844156451
1 12 49 -7.930540995469189
1 12 34 -0.326130565350882
1 12 54 -2.664787000134649
1 12 23 -7.354140252121698
1 12 63 -2.343879031128265
1 13 101 0.0
1 14 13 -1.2437170348966236
1 14 79 -0.34011364719875425
1 15 112 -0.9003219237257979
1 15 53 -0.521614947058139
1 16 36 -0.5575307438052545
1 16 59 -0.8500846991458322
1 17 39 -6.515231089947818
1 17 57 -0.0019794966746290265
1 17 127 -7.607272542889268
1 18 33 -1.3697914635327246
1 18 21 -1.0659700962867464
1 18 103 -0.9126811377006745
1 19 31 0.0
1 20 75 0.0
1 21 115 0.0
1 22 97 -0.857451176218513
1 22 89 -2.925129814474096
1 22 61 -0.6498956587976357
1 23 7 -0.7030217851123123
1 23 27 -0.6833691311556372
1 24 105 0.0
1 25 3 -5.843319789739906
1 25 67 -0.004823203544823903
1 25 109 -6.259402197717021
1 26 123 -0.039283602246797306
1 26 77 -3.256525594698384
2 0 80 0.0
2 1 98 -3.9496295085342528
2 1 114 -4.678226507838898
2 1 52 -0.036029862308917894
2 1 69 -4.986256253560577
2 3 64 -1.1231700516562428
2 3 18 -1.5381040332114944
2 3 4 -1.0095062074542172
2 3 10 -2.34793741264969
2 4 87 0.0
2 5 70 0.0
2 6 72 -1.7774064446223914
2 6 88 -1.5384659127473275
2 6 121 -0.6566784499157432
2 6 44 -2.326439939010332
2 7 0 -0.013566168659638176
2 7 92 -4.306951599979653
2 8 110 0.0
2 9 119 -2.4582848080898514
2 9 106 -1.9044575609436045
2 9 43 -1.2201640362763158
2 9 94 -1.1325928643116177
2 9 47 -1.909621188119631
2 10 83 0.0
2 11 41 -0.08527428419924603
2 11 91 -2.5042165175509177
2 12 16 -4.537009492022856
2 12 96 -2.3085610854734973
2 12 49 -5.920031716316789
2 12 117 -3.901517796292571
2 12 54 -1.8519515854733697
2 12 23 -5.221354926210882
2 12 76 -0.44651355142200855
2 12 29 -5.004164150310459
2 12 15 -5.421502810913884
2 12 63 -2.9247525895059865
2 13 35 -0.4600055020736775
2 13 51 -4.607559352412341
2 13 101 -1.0251470981283783
2 14 13 -3.6101846179070436
2 14 79 -0.02741935116415419
2 15 112 -5.892434992642292
2 15 85 -4.975654386847132
2 15 9 -4.557100141072093
2 15 122 -0.020362606191896886
2 16 36 -0.05885709191988003
2 16 59 -2.8619271543675233
2 17 39 -1.4872948135259085
2 17 57 -0.27930443305032937
2 17 127 -4.033782728497729
2 18 33 -3.575248374139232
2 18 21 -0.8587595051347505
2 18 103 -0.6009250488910929
2 19 31 0.0
2 20 75 0.0
2 21 25 0.0
2 22 61 0.0
2 23 7 -0.6984410155323579
2 23 27 -0.6878812227638382
2 24 105 0.0
2 25 3 -4.51843215462391
2 25 67 -0.29397527531788226
2 25 109 -1.4114112775293999
2 26 125 0.0
3 0 80 -2.2270967648780773
3 0 120 -0.9545650848408923
3 0 46 -0.6788905029525967
3 1 98 -2.211392058911486
3 1 114 -1.6739819178836284
3 1 52 -1.1584841844519416
3 1 69 -0.9441984166587906
3 2 82 0.0
3 4 118 -1.1486745753687952
3 4 87 -0.38134347674213154
3 5 5 -1.9135349724852828
3 5 70 -0.15964993209481798
3 6 72 0.0
3 7 0 -5.030478189556398
3 7 92 -0.006557135629396709
3 8 42 0.0
3 9 19 -2.4006203994395747
3 9 40 -0.09503807514273192
3 10 90 -1.9896726263604132
3 10 11 -1.1201286487600182
3 10 45 -2.6315482883774357
3 10 95 -0.7655995049689543
3 11 65 0.0
3 12 16 -3.4441556423106845
3 12 96 -2.530460183056473
3 12 49 -1.6388832998193292
3 12 117 -2.3524471381656675
3 12 54 -2.5112599285379673
3 12 23 -2.08600394949611
3 12 29 -1.7233498670393324
3 12 15 -2.073172856077514
3 12 63 -2.4133890320522458
3 13 35 -0.535523265835456
3 13 51 -2.582294844069629
3 13 101 -1.0816466920929737
3 14 13 -0.014474844390470495
3 14 79 -4.242571697971232
3 15 112 -1.0021274423466606
3 15 85 -0.9448935684949233
3 15 9 -1.4098437711718623
3 16 59 0.0
3 17 39 -1.7221339202651174
3 17 57 -0.5496840952090641
3 17 127 -1.4098354625173732
3 18 33 -2.8787388827533147
3 18 21 -4.791614833978366
3 18 103 -0.0666790985234025
3 19 107 -1.3406431019466847
3 19 31 -1.3827669462046275
3 19 111 -0.7185895914818354
3 20 75 0.0
3 21 25 0.0
3 22 89 -1.8714327450165458
3 22 61 -0.16712126876240527
3 23 7 -0.7049414396246606
3 23 27 -0.6814904060883458
3 24 37 -0.004646536247241018
3 24 105 -5.3739555985479734
3 25 3 -1.5641121590392424
3 25 67 -0.5008830100654532
3 25 109 -1.6888548688944114
3 26 123 -2.880577038854055
3 26 77 -0.921033277779774
3 26 125 -0.6055207234947466
4 0 86 0.0
4 1 98 -2.31665941621941
4 1 69 -0.10380885976940905
4 2 82 0.0
4 3 64 -1.525508035291098
4 3 18 -1.2315747045737775
4 3 4 -0.8549992101795236
4 3 10 -2.7276416388111624
4 5 70 0.0
4 6 121 0.0
4 7 0 -1.1096313621347282
4 7 92 -0.4000007718972408
4 8 42 -0.629199584843692
4 8 110 -0.7614651360147953
4 9 119 -1.668055506396877
4 9 73 -0.9358213413080337
4 9 106 -2.65680795764277
4 9 94 -2.850107918143775
4 9 47 -1.2340436089801632
4 10 81 -0.12263937189180986
4 10 45 -2.159200246485248
4 11 41 -0.07706544363654094
4 11 91 -2.6013855730354796
4 12 96 -3.353117111271413
4 12 49 -0.7645869073856667
4 12 117 -4.0082401779683385
4 12 23 -1.5150002839144128
4 12 29 -3.3309740270314223
4 12 15 -1.9789713350625227
4 12 63 -2.4354814017037394
4 13 35 -0.44962304365178
4 13 51 -1.737218844972938
4 13 101 -1.681351747983225
4 14 13 -0.3855666946037412
4 14 79 -1.1396378593498488
4 15 112 -1.5874186703115818
4 15 53 -1.7672386144880134
4 15 85 -2.4155689328034056
4 15 55 -0.7387093391732388
4 15 9 -2.8525552915200403
4 16 36 -1.0136514944842687
4 16 59 -0.4508152472884687
4 17 39 -3.3574647248409413
4 17 57 -0.5939818708548006
4 17 127 -0.8841814176510949
4 18 33 -0.6407705127854172
4 18 21 -1.7408280656722437
4 18 103 -1.211539403407453
4 19 31 0.0
4 20 75 0.0
4 21 17 -0.35978636183502877
4 21 115 -1.416959077638557
4 21 25 -2.818013986624971
4 22 89 -1.3269983321359848
4 22 61 -0.3082553611611227
4 23 7 -0.7181916400139972
4 23 27 -0.668714651784552
4 24 105 0.0
4 25 3 -1.4904963581913164
4 25 67 -0.31383565546185377
4 25 109 -3.1212935140247406
4 26 123 -1.3585561622019249
4 26 77 -0.5459269005210915
4 26 125 -1.8099409420578463
5 0 80 -2.5467193528168384
5 0 120 -0.9525433329750993
5 0 46 -0.6238019310176393
5 1 98 -2.259120413492555
5 1 114 -1.69445398851196
5 1 52 -1.2650952423126078
5 1 69 -0.8447942014204165
5 2 82 0.0
5 3 64 -0.2858410115143588
5 3 18 -2.4414850211139503
5 3 4 -1.835011218552722
5 3 10 -6.22733398548696
5 4 118 -0.9228144023287896
5 4 87 -0.5065000342893291
5 6 72 0.0
5 7 0 -5.839829861103686
5 7 92 -0.0029135779241550616
5 8 42 0.0
5 9 71 0.0
5 10 90 -1.5670791007696374
5 10 45 -2.4504613694352484
5 10 95 -0.3494263247398638
5 11 41 0.0
5 12 16 -3.5457806758183277
5 12 96 -2.467965143363547
5 12 49 -1.6411855851186588
5 12 117 -2.3319356638799795
5 12 54 -2.6240014177505833
5 12 23 -2.0352261124923694
5 12 29 -1.7216682315738516
5 12 15 -2.0936553118485155
5 12 63 -2.403816693826727
5 13 35 -0.5075622452188342
5 13 51 -2.641318216135036
5 13 101 -1.1184940907034715
5 14 13 -0.007351460120573092
5 14 79 -4.916529807855972
5 15 112 -1.0961879842239235
5 15 85 -0.6639467152471782
5 15 9 -1.890196704136769
5 16 59 0.0
5 17 39 -1.7211684613674543
5 17 57 -0.5498280864148133
5 17 127 -1.4102020566808764
5 18 33 -0.719561055422905
5 18 21 -5.063165674555113
5 18 103 -0.6798193192392238
5 19 107 -1.2936292576853679
5 19 31 -1.799792058623033
5 19 111 -0.5791166513059801
5 20 75 0.0
5 21 25 0.0
5 22 89 -1.7146117518865358
5 22 61 -0.19849192109224573
5 23 7 -0.7058198426606406
5 23 27 -0.6806331071785365
5 24 37 -0.0024156843389264177
5 24 105 -6.0269802608858525
5 25 3 -1.5735309433187452
5 25 67 -0.45923161276898283
5 25 109 -1.8268528051487916
5 26 123 -2.4878527439179403
5 26 77 -0.7782423651068556
5 26 125 -0.7815426793072822
6 0 120 0.0
6 1 98 -2.3558101791875425
6 1 69 -0.09961776676830644
6 2 82 0.0
6 3 64 -1.504064535642232
6 3 18 -1.261626630456741
6 3 4 -0.8603559735757855
6 3 10 -2.637073085740496
6 4 118 -5.07522606866968
6 4 87 -0.006269284384274087
6 5 70 0.0
6 7 0 -1.1455129783034117
6 7 92 -0.3828146539694295
6 8 42 0.0
6 9 73 -0.30641547165200267
6 9 47 -1.3321120379034934
6 10 81 -0.5680703386442826
6 10 45 -1.3756308415274683
6 10 95 -1.7109055111277462
6 11 41 -0.07143727421091445
6 11 91 -2.674441507392384
6 12 96 -2.9352557893821642
6 12 49 -1.3155272800935058
6 12 117 -3.7407237592376323
6 12 23 -2.0921690442264715
6 12 29 -2.615620865225959
6 12 15 -0.9469262868534457
6 12 63 -2.654413935705664
6 13 35 -0.9245729768389419
6 13 51 -0.9383340516421788
6 13 101 -1.5510743241947527
6 14 13 -0.3656572594759488
6 14 79 -1.183322606453787
6 15 112 -1.7272591571168203
6 15 53 -1.7781436117917144
6 15 85 -1.4342087660598708
6 15 55 -0.9503699825859767
6 15 9 -3.5622216789920835
6 16 36 -0.9442037660014766
6 16 59 -0.492640601526511
6 17 39 -2.8858492120945565
6 17 57 -0.4247421607516067
6 17 127 -1.2369980210660247
6 18 33 -0.696758894666547
6 18 21 -1.7014068684464294
6 18 103 -1.1413864787858847
6 19 107 -2.329482201962849
6 19 31 -0.6051575571528647
6 19 111 -1.03095700982778
6 20 75 0.0
6 21 17 -0.27413836442244616
6 21 115 -1.6816514237443907
6 21 25 -2.9242180255974644
6 22 89 -0.896329168779906
6 22 61 -0.5243581956376102
6 23 7 -1.0791740928549503
6 23 27 -0.4153277583496251
6 24 105 0.0
6 25 3 -0.4191207997264637
6 25 67 -1.1827271610621435
6 25 109 -3.3260889224432697
6 26 123 -1.1428969405413154
6 26 77 -0.6417157954839959
6 26 125 -1.8661533691329302
7 0 80 0.0
7 1 98 -1.225147525869273
7 1 114 -1.6365513688568099
7 1 52 -1.2138053064297087
7 1 69 -1.5391156792739076
7 2 82 0.0
7 3 64 -0.637831112779544
7 3 18 -2.3331502179717565
7 3 4 -1.0407766911712093
7 3 10 -3.8447052051757558
7 4 87 0.0
7 5 70 0.0
7 6 72 -0.8017291488545162
7 6 88 -1.7630911899011292
7 6 121 -1.1392122838249505
7 6 44 -2.81570648502654
7 8 110 0.0
7 9 119 -6.286974182976158
7 9 106 -5.674068796969959
7 9 43 -6.47033040051142
7 9 93 -0.008918642369934697
7 9 94 -6.782809999011765
7 9 47 -7.009850990579969
7 10 1 0.0
7 11 41 -0.004481564156041339
7 11 91 -5.410023096745022
7 12 16 -1.9527031567077737
7 12 96 -1.419135726239003
7 12 49 -3.3483712764269415
7 12 117 -1.9620101952688143
7 12 54 -1.8742880895094027
7 12 23 -3.222041020845485
7 12 29 -2.2825128713563063
7 12 15 -3.0547104744777247
7 12 63 -2.323111865190903
7 13 35 -0.41473124033544745
7 13 51 -2.919360833299273
7 13 101 -1.2534640333205878
7 14 13 -0.5322766996729968
7 14 79 -0.8849529722739375
7 15 112 -1.004308190086568
7 15 85 -2.129292930179029
7 15 9 -0.6640143050428154
7 16 36 -1.3811491621883405
7 16 59 -0.2894030385308781
7 17 39 -1.3384827418882248
7 17 57 -0.3943773995562471
7 17 127 -2.7542437988921806
7 18 33 -0.7615694592095047
7 18 21 -2.517953299124732
7 18 103 -0.7930945326167023
7 19 31 0.0
7 20 75 0.0
7 21 25 0.0
7 22 61 0.0
7 23 7 -0.6993699325976571
7 23 27 -0.6869629118165711
7 24 105 0.0
7 25 3 -1.9368979934549564
7 25 67 -0.40091336613031703
7 25 109 -1.681248090257989
7 26 123 -4.525196342349564
7 26 77 -2.765134153161735
7 26 125 -0.07666534276732084
8 0 80 -0.44329657926687027
8 0 46 -1.0269899163424154
8 1 98 -1.304463721714721
8 1 114 -1.6543175752974042
8 1 52 -1.1818874122207088
8 1 69 -1.4663763245054435
8 2 82 0.0
8 3 64 -1.3995124293616188
8 3 18 -1.381822478012807
8 3 4 -0.843077810246711
8 3 10 -2.6341709031074663
8 4 118 -1.3117005818663345
8 4 87 -0.31383659992733276
8 5 70 0.0
8 6 72 -0.9287294426862366
8 6 88 -2.380531272489182
8 6 121 -0.8568444516396244
8 6 44 -2.431057905668223
8 7 0 -0.04713400870513089
8 7 92 -3.0782349241111486
8 9 106 -1.5434043397377777
8 9 43 -0.40145688877102825
8 9 94 -2.1455530670761522
8 10 30 0.0
8 11 41 -0.046532462513574374
8 11 91 -3.090781104687248
8 12 16 -2.2083443511593677
8 12 96 -1.5804576380294881
8 12 49 -2.191946888312338
8 12 117 -1.868293302722026
8 12 54 -2.178741257027923
8 12 23 -2.4886292553497755
8 12 29 -2.2780069299552155
8 12 15 -3.3417826925529264
8 12 63 -2.4759746138758216
8 13 35 -0.48642014114179816
8 13 51 -2.931059258247072
8 13 101 -1.103114249075219
8 14 13 -1.89872251836841
8 14 79 -0.16223639586509245
8 15 112 -1.0027452232370733
8 15 85 -2.107946812572395
8 15 9 -0.6701302371685159
8 16 36 -0.6277954972522597
8 16 59 -0.7630701906358259
8 17 39 -1.7181195107845406
8 17 57 -0.5469026860614374
8 17 127 -1.4194076940803104
8 18 33 -1.7081969803847574
8 18 21 -1.2102034987043935
8 18 103 -0.6526365193553065
8 19 111 0.0
8 20 75 0.0
8 21 25 0.0
8 22 61 0.0
8 23 7 -0.7059018067835642
8 23 27 -0.6805531881523711
8 24 105 0.0
8 25 3 -2.0389383228824487
8 25 67 -0.38262135857231816
8 25 109 -1.6725797745279447
8 26 123 -4.47267040205095
8 26 77 -3.005381982373969
8 26 125 -0.06287230759493323
9 0 80 -2.554174609781685
9 0 120 -0.9522563140169411
9 0 46 -0.6229231953036243
9 1 98 -2.2577395083747334
9 1 114 -1.6939172029737952
9 1 52 -1.2662973194311762
9 1 69 -0.8445706026232411
9 2 82 0.0
9 3 64 -0.27094013930403965
9 3 18 -2.4064992195807844
9 3 4 -1.920399156290461
9 3 10 -7.324593485427969
9 4 118 -0.9264290225976005
9 4 87 -0.5041234194700426
9 5 70 0.0
9 6 72 0.0
9 7 0 -6.849608599243358
9 7 92 -0.0010604325056860465
9 8 42 0.0
9 10 90 -1.5677004363543416
9 10 45 -2.452332698511148
9 10 95 -0.3490138936770649
9 11 41 0.0
9 12 16 -3.5590149772936943
9 12 96 -2.473989467481333
9 12 49 -1.636538696408211
9 12 117 -2.3278334714303908
9 12 54 -2.6365046849147125
9 12 23 -2.0302691848023082
9 12 29 -1.7183299311958133
9 12 15 -2.082447585733525
9 12 63 -2.427875120776805
9 13 35 -0.5099462426320941
9 13 51 -2.666409767140251
9 13 101 -1.108751005770401
9 14 13 -0.0026796167358694814
9 14 79 -5.923421012876949
9 15 112 -1.0956684905920793
9 15 85 -0.6643410579938176
9 15 9 -1.8900024475083896
9 16 59 0.0
9 17 39 -1.718478724938201
9 17 57 -0.5513110248485812
9 17 127 -1.4086736171939036
9 18 33 -0.7286771341490568
9 18 21 -6.0274591313626935
9 18 103 -0.6635078508441766
9 19 107 -1.2955942292286287
9 19 31 -1.7981118824442763
9 19 111 -0.5786521067257587
9 20 75 0.0
9 21 25 0.0
9 22 89 -1.7255129103334172
9 22 61 -0.19611426648725494
9 23 7 -0.7074756431901681
9 23 27 -0.6790211259887515
9 24 37 -0.0024099042913009023
9 24 105 -6.029372955581981
9 25 3 -1.5652486953413944
9 25 67 -0.46472990471215186
9 25 109 -1.8160980943643568
9 26 123 -2.4968887261746753
9 26 77 -0.7790905948405409
9 26 125 -0.7790621325431121
10 0 80 0.0
10 1 98 -1.2085851341103488
10 1 114 -1.613876171694409
10 1 52 -1.255615771687549
10 1 69 -1.526173459595036
10 2 82 0.0
10 3 64 -1.1245548113556114
10 3 18 -1.5591246493577966
10 3 4 -0.991799009442781
10 3 10 -2.3647365729121024
10 4 87 0.0
10 5 70 0.0
10 6 72 -1.7742685556312012
10 6 88 -1.5267196775152232
10 6 121 -0.6546081208672913
10 6 44 -2.369796665924745
10 7 0 -0.0012959785861268005
10 7 92 -6.649137123550199
10 8 110 0.0
10 9 119 -2.4542723065215335
10 9 106 -1.9146893668455478
10 9 43 -1.2156563979313342
10 9 94 -1.1327093670113437
10 9 47 -1.910460933762644
10 11 41 -0.08242573095588783
10 11 91 -2.5367874200536633
10 12 16 -1.7960615320574902
10 12 96 -1.1915365871365224
10 12 49 -3.2162536077057617
10 12 117 -1.8962734589733257
10 12 54 -1.7815819001290651
10 12 23 -3.34270569639405
10 12 29 -3.833699248674582
10 12 15 -4.014493836718282
10 12 63 -2.3364703193763408
10 13 35 -0.46082785722262115
10 13 51 -3.0613487929705157
10 13 101 -1.1319180543869602
10 14 13 -5.869898363367786
10 14 79 -0.0028271528891830127
10 15 112 -1.001961900309815
10 15 85 -2.60523944195677
10 15 9 -0.5816842520467715
10 16 36 -0.02782624347509102
10 16 59 -3.5956565531402753
10 17 39 -1.2077752085774267
10 17 57 -0.45514017414720137
10 17 127 -2.7063589176021043
10 18 33 -5.062087307730299
10 18 21 -0.7497023170033199
10 18 103 -0.651697256549654
10 19 31 0.0
10 20 75 0.0
10 21 25 0.0
10 22 61 0.0
10 23 7 -0.7046546797827223
10 23 27 -0.6817705987715127
10 24 105 0.0
10 25 3 -2.3082559761445802
10 25 67 -0.49445298994070336
10 25 109 -1.2355974897696944
10 26 123 -4.311976333661283
10 26 77 -3.6463669376627386
10 26 125 -0.0402937533806045
11 0 80 -2.2364784108429117
11 0 120 -0.9545799808139264
11 0 46 -0.6768957048354272
11 1 98 -2.2163725671565504
11 1 114 -1.6741066166647978
11 1 52 -1.158447556654307
11 1 69 -0.94276977056444
11 2 82 0.0
11 3 64 0.0
11 4 118 -1.150826330719769
11 4 87 -0.38034609487325344
11 5 5 -2.0893517354437208
11 5 70 -0.13212363403762464
11 6 72 0.0
11 7 0 -5.071596222445395
11 7 92 -0.006292154148223821
11 8 42 0.0
11 9 19 -2.746919098213324
11 9 40 -0.06627348706018019
11 10 90 -1.9854936055889374
11 10 11 -1.133306187991298
11 10 45 -2.6298982031318645
11 10 95 -0.7579324101202132
11 12 16 -3.444548399823149
11 12 96 -2.5311861858181337
11 12 49 -1.638577395461787
11 12 117 -2.3527197674674936
11 12 54 -2.509168176715795
11 12 23 -2.0879462649072744
11 12 29 -1.7235821289862416
11 12 15 -2.073862479662616
11 12 63 -2.410755802167396
11 13 35 -0.5350707966827697
11 13 51 -2.5847704308534745
11 13 101 -1.0818767671098755
11 14 13 -0.01402951351726787
11 14 79 -4.273598615569788
11 15 112 -1.0021993332691759
11 15 85 -0.942399570528198
11 15 9 -1.4137184299329362
11 16 59 0.0
11 17 39 -1.7224416648551308
11 17 57 -0.5495196128116314
11 17 127 -1.4099991035706947
11 18 33 -2.3792696740939085
11 18 21 -4.759560899496907
11 18 103 -0.10668090439820634
11 19 107 -1.3342716171826754
11 19 31 -1.3900496146300123
11 19 111 -0.7182862810949702
11 20 75 0.0
11 21 25 0.0
11 22 89 -1.870377778660609
11 22 61 -0.16731328428484807
11 23 7 -0.7049987698326948
11 23 27 -0.6814344078642375
11 24 37 -0.004883152389246569
11 24 105 -5.324404868916051
11 25 3 -1.564809887117906
11 25 67 -0.5005696577477382
11 25 109 -1.6890928354809018
11 26 123 -2.882450323100953
11 26 77 -0.9201799835022381
11 26 125 -0.6059511105523182
12 0 48 -0.15309777415070114
12 0 126 -1.9522509707002884
12 1 100 -0.07102475593146865
12 1 69 -7.674514716147636
12 1 62 -2.686827246643023
12 2 82 -3.3938835782753665
12 2 124 -0.034154708357503706
12 3 64 -1.4434311421261743
12 3 18 -1.3038193243393268
12 3 4 -0.9240425500162122
12 3 10 -2.3488423499880198
12 4 22 -0.254426844367544
12 4 87 -1.4932595993177475
12 5 70 0.0
12 6 2 -1.2680118489795307
12 6 50 -1.7482215026949492
12 6 121 -1.5102904742392655
12 6 14 -1.1279986895525937
12 7 0 -0.36329464056462607
12 7 92 -1.18869515654615
12 8 42 -1.2672186385870048
12 8 110 -0.3307479760918983
12 9 119 -2.1192076599036
12 9 73 -1.0991358529612194
12 9 106 -2.355838698995078
12 9 28 -1.6652943530046693
12 9 94 -2.194580303935366
12 9 47 -1.8880933007047431
12 10 81 -1.9517865839821098
12 10 99 -2.259004560950883
12 10 116 -1.4579465175816382
12 10 38 -2.5202857174268414
12 10 24 -1.3313050295587252
12 10 108 -1.8093553242375802
12 10 45 -4.383372703552024
12 11 41 -0.08319426878069318
12 11 91 -2.527885582465426
12 13 35 0.0
12 14 13 -1.0690449821563035
12 14 79 -0.420583192342116
12 15 112 -1.1181442052467139
12 15 53 -0.9732398100217737
12 15 85 -6.817034877388609
12 15 55 -1.2248352680127859
12 15 9 -7.939995704461715
12 16 36 -0.5577368987173278
12 16 59 -0.8498085501145233
12 17 57 0.0
12 18 33 -1.1579003608384286
12 18 21 -1.2373616511463001
12 18 103 -0.9270832692479846
12 19 31 0.0
12 20 75 0.0
12 21 17 -0.9751120498851804
12 21 115 -0.4734497066694234
12 22 97 -0.6148658026424559
12 22 89 -3.0098669278988357
12 22 61 -0.8916266350596826
12 23 7 -0.706270865592376
12 23 27 -0.6801934979859738
12 24 105 0.0
12 25 67 0.0
12 26 123 -1.252671861496076
12 26 77 -0.33650868174519255
13 0 48 -0.5761339484386686
13 0 68 -1.0630211492260482
13 0 126 -2.3803071743041526
13 1 100 -0.03517448432801565
13 1 62 -3.3649700271211826
13 2 82 -3.114183036285322
13 2 124 -0.04543132785195978
13 3 64 -1.4064437627558597
13 3 18 -1.322632691607942
13 3 4 -0.9203255119304695
13 3 10 -2.406117744496355
13 4 22 -0.5452044825888811
13 4 87 -0.8668418035768025
13 5 70 0.0
13 6 2 -1.5082805196214306
13 6 50 -1.8119317985264105
13 6 84 -2.5655662040007616
13 6 121 -1.4714361357795587
13 6 14 -1.1747364166139327
13 7 0 -0.2838481852918136
13 7 92 -1.3978850116589285
13 8 42 -1.4010115425913576
13 8 110 -0.2828240872312086
13 9 119 -2.2127285725888144
13 9 73 -1.0544493784290168
13 9 106 -2.3585375845358665
13 9 28 -2.066032286484713
13 9 94 -2.203810819188528
13 9 47 -1.5578587596942883
13 10 81 -2.005262912567261
13 10 99 -2.259290333848624
13 10 116 -1.7746942151909175
13 10 38 -2.895694350080481
13 10 8 -1.8999788157849158
13 10 24 -1.3321232547489932
13 10 108 -2.2072667633257312
13 10 45 -4.368863617587858
13 11 41 -0.08241963178087086
13 11 91 -2.536858411099415
13 12 34 0.0
13 14 13 -1.2201515241608496
13 14 79 -0.34982054028553417
13 15 112 -1.3246897571592342
13 15 53 -0.434955324521603
13 15 55 -2.443906980644616
13 16 36 -0.5600127793651213
13 16 59 -0.8467687835210187
13 17 57 0.0
13 18 33 -1.257415375008073
13 18 21 -1.2074891374326868
13 18 103 -0.8754728972825531
13 19 31 0.0
13 20 75 0.0
13 21 17 -2.35400316555159
13 21 115 -0.09980723792419763
13 22 97 -0.8778825892203109
13 22 89 -2.9774354683873394
13 22 61 -0.628456237604818
13 23 7 -0.7027046564449978
13 23 27 -0.6836801859300025
13 24 105 0.0
13 25 67 0.0
13 26 123 -0.20210108288843287
13 26 77 -1.6983365480916222
14 0 80 -0.7098570939057319
14 0 46 -0.6767119055211576
14 1 98 -1.3505851800175568
14 1 114 -1.7395169108646469
14 1 52 -1.053388372596609
14 1 69 -1.5299238926346135
14 2 82 0.0
14 3 64 -0.64930478981502
14 3 18 -2.375305862383556
14 3 4 -1.0345672557208099
14 3 10 -3.532731277729511
14 4 118 -1.0864581240290097
14 4 87 -0.4115980394707599
14 5 70 0.0
14 6 72 -0.6082997864598632
14 6 88 -2.168728518569674
14 6 121 -1.248267838907259
14 6 44 -2.9113883808075056
14 7 0 -1.0146172680854297
14 7 92 -0.4502655677275583
14 8 42 -1.3339739602739935
14 8 110 -0.3057487290997871
14 9 12 0.0
14 10 78 -0.001684501752080411
14 10 95 -6.387127587644242
14 11 41 -0.008128554252316128
14 11 91 -4.8164337240487995
14 12 16 -2.2546404003955005
14 12 96 -1.7305648963413818
14 12 49 -2.8472405623145614
14 12 117 -1.9842417254642866
14 12 54 -2.0246842044309012
14 12 23 -2.667995530777963
14 12 29 -2.138076767965239
14 12 15 -2.461181571467826
14 12 63 -2.1389932779048273
14 13 35 -0.4723905451634305
14 13 51 -2.8252256200631094
14 13 101 -1.148239288976252
14 15 112 -1.004702704216598
14 15 85 -1.5977578211294965
14 15 9 -0.8404951578096473
14 16 36 -1.8625205727897212
14 16 59 -0.1687509438374025
14 17 39 -1.669125427214023
14 17 57 -0.3866888571370801
14 17 127 -2.022790511896512
14 18 33 -0.8864353061148654
14 18 21 -2.3842548163791157
14 18 103 -0.7017437360269337
14 19 107 -2.981076969390724
14 19 31 -0.05207060797892124
14 20 75 0.0
14 21 25 0.0
14 22 61 0.0
14 23 7 -0.6919210944448398
14 23 27 -0.6943747718078238
14 24 105 0.0
14 25 3 -1.7752245315217239
14 25 67 -0.43750766946210035
14 25 109 -1.687880510482208
14 26 123 -4.217903028024255
14 26 77 -2.1907075707864965
14 26 125 -0.1353239549848867
15 0 80 -1.7697517668545726
15 0 68 -0.18678182063933768
15 1 114 -0.5214040901403945
15 1 52 -0.9006299380221646
15 2 82 -4.026211863859592
15 2 124 -0.018002872837931137
15 3 64 -1.4509540543614559
15 3 18 -1.260416450291701
15 3 4 -0.9085674794666151
15 3 10 -2.538102216688439
15 4 22 -0.3056824380794126
15 4 87 -1.3341593398553124
15 5 70 0.0
15 6 50 -1.2549296772790735
15 6 84 -2.47507274230611
15 6 72 -3.376388613375364
15 6 88 -3.5854725312764195
15 6 121 -1.3776492340202968
15 6 44 -4.326738209130197
15 6 14 -1.192466532016484
15 7 0 -0.5254446877815159
15 7 92 -0.8947552083924395
15 8 110 0.0
15 9 119 -1.9959695626332152
15 9 106 -2.3827323965213685
15 9 43 -2.1038200645638723
15 9 28 -1.2315399792848598
15 9 94 -2.039602098096023
15 9 47 -1.4788161831136102
15 10 99 -1.313593519574402
15 10 8 -1.0108659915163
15 10 24 -1.001728524908246
15 11 41 -0.06213366659816853
15 11 91 -2.8093732821606645
15 12 16 -1.0917804257129349
15 12 96 -7.0078907508923605
15 12 49 -7.984886429228651
15 12 117 -7.302881366269122
15 12 54 -1.2764927541025675
15 12 76 -1.487496140237895
15 12 63 -1.8482607481940256
15 13 35 -3.304137798509188
15 13 101 -0.037422433328357894
15 14 13 -0.839735013648193
15 14 79 -0.5653256964524374
15 16 36 -0.6421541414876925
15 16 59 -0.7468808905144344
15 17 39 -7.478088578231907
15 17 57 -0.0011868836842283109
15 17 127 -7.384432913197177
15 18 33 -1.1583114483483294
15 18 21 -1.1735779330727567
15 18 103 -0.9762382584444924
15 19 31 0.0
15 20 75 0.0
15 21 113 0.0
15 22 61 0.0
15 23 7 -0.7020943837609763
15 23 27 -0.6842793204300592
15 24 105 0.0
15 25 3 -5.630387328225397
15 25 67 -0.004679626098145652
15 25 109 -6.8293988527910425
15 26 123 0.0
16 0 80 -1.1168974373272742
16 0 120 -1.5288446842969508
16 0 46 -0.7854371537305641
16 1 98 -1.3699996728630566
16 1 114 -1.750566260147393
16 1 52 -1.0388110419642158
16 1 69 -1.5216916644222593
16 2 82 0.0
16 3 58 0.0
16 4 118 -1.1530653895817777
16 4 87 -0.3793115736172891
16 5 5 -1.4140765670869144
16 5 70 -0.278590252009674
16 6 72 -0.06403452138915872
16 6 44 -2.780179360040776
16 7 0 -2.6051052709009794
16 7 92 -0.07676804613863629
16 8 42 0.0
16 9 32 -2.120601529872956
16 9 19 -2.3966792934369767
16 9 40 -0.2369625317894618
16 10 20 -0.9674932019919686
16 10 104 -0.5502836744977442
16 10 90 -5.170204889035803
16 10 11 -3.5139603730605264
16 10 95 -4.864307863116507
16 11 65 0.0
16 12 16 -2.4584671885527607
16 12 96 -2.047250046262568
16 12 49 -2.1017375258905173
16 12 117 -2.03419668868745
16 12 54 -2.3019858060146015
16 12 23 -2.3734649787779354
16 12 29 -1.8447118101673445
16 12 15 -2.4546586649660105
16 12 63 -2.3524631627421213
16 13 35 -0.5131436388558298
16 13 51 -2.9356939160315125
16 13 101 -1.0547044967523689
16 14 13 -0.12337465194734083
16 14 79 -2.153582787698525
16 15 112 -1.0021366304900963
16 15 85 -1.6028257365228171
16 15 9 -0.8403048762257918
16 17 39 -1.634473282212497
16 17 57 -0.46519940394424103
16 17 127 -1.731972553226393
16 18 103 0.0
16 19 107 -2.6953430564032783
16 19 31 -0.4792309158463855
16 19 111 -1.160845265642304
16 20 75 0.0
16 21 25 0.0
16 22 89 -4.617894853651906
16 22 61 -0.00992262631799434
16 23 7 -0.7023046795788462
16 23 27 -0.684072780922276
16 24 37 0.0
16 25 3 -2.283667306369829
16 25 67 -0.34401552284384523
16 25 109 -1.665097090340021
16 26 123 -4.102324961924686
16 26 77 -2.420255555305134
16 26 125 -0.11141557200158675
17 0 48 -0.7882953021889779
17 0 126 -0.6062708721145171
17 1 100 -0.0877460444105858
17 1 69 -7.095547635338473
17 1 62 -2.4867754625031475
17 2 82 -2.782480885264056
17 2 124 -0.06388250992570753
17 3 64 -1.3859505743421077
17 3 18 -1.405200825101817
17 3 4 -0.8890689986843787
17 3 10 -2.3691737016520293
17 4 22 -1.0660122434087482
17 4 87 -0.42217252722065607
17 5 70 0.0
17 6 2 -0.6534069777665057
17 6 50 -2.3717677847668677
17 6 121 -1.4068254534675895
17 6 14 -1.955493598819792
17 7 0 -0.2263574385395993
17 7 92 -1.5966846689848224
17 8 42 -1.5286459082003014
17 8 110 -0.24440431191402334
17 9 119 -2.24106735336514
17 9 73 -0.9128509564188231
17 9 106 -2.408138908765269
17 9 28 -2.2744598469139534
17 9 94 -2.637649856468872
17 9 47 -1.4787932571245628
17 10 81 -2.0400658595591326
17 10 99 -2.2615118319377263
17 10 116 -2.1848900394462625
17 10 38 -1.5327645090675415
17 10 24 -1.6645542574715266
17 10 108 -1.4469097946676226
17 10 45 -4.359268333297717
17 11 41 -0.058635558409191865
17 11 91 -2.8655884955813233
17 12 56 0.0
17 13 35 0.0
17 14 13 -1.520511901208434
17 14 79 -0.2466680409785716
17 15 112 -1.0199969865944518
17 15 53 -1.0563400556592926
17 15 85 -6.664718760407909
17 15 55 -1.2381276647104702
17 15 9 -7.649744711293704
17 16 36 -0.5416054734623152
17 16 59 -0.8718275731998752
17 18 33 -1.7413462172281071
17 18 21 -0.9737719749019713
17 18 103 -0.8050627129730132
17 19 31 0.0
17 20 75 0.0
17 21 17 -0.8085056783873991
17 21 115 -0.589730536515025
17 22 97 -1.8045053790357157
17 22 89 -2.9583811227064287
17 22 61 -0.243931509952845
17 23 7 -0.7068132498476228
17 23 27 -0.6796653576274116
17 24 105 0.0
17 25 67 0.0
17 26 123 -0.7324237949860247
17 26 77 -0.6553550949254827
18 0 80 -1.1170683344529817
18 0 120 -1.5204876087911923
18 0 46 -0.7893123443910788
18 1 98 -1.37046145624913
18 1 114 -1.748999686497333
18 1 52 -1.0409004356516132
18 1 69 -1.5190221827916026
18 2 82 0.0
18 3 58 0.0
18 4 118 -1.1543968932273185
18 4 87 -0.3786979769398167
18 5 5 -1.7027793558806643
18 5 70 -0.20110871928982432
18 6 72 -0.07118763187424614
18 6 44 -2.6778188568495684
18 7 0 -1.8714536785169467
18 7 92 -0.16711746105636402
18 8 42 0.0
18 9 32 -1.243185095277548
18 9 19 -2.3989336467023983
18 9 40 -0.47687310653342857
18 10 20 -0.9555440932194489
18 10 104 -0.5650290714492003
18 10 90 -4.91681091154884
18 10 11 -3.4402088083774816
18 10 95 -4.87003300889315
18 11 65 0.0
18 12 16 -2.4864618815419215
18 12 96 -1.9865302767064428
18 12 49 -2.140145323426717
18 12 117 -2.0535517060230055
18 12 54 -2.2850876590421065
18 12 23 -2.370964034098564
18 12 29 -1.894023619677892
18 12 15 -2.4892982120975358
18 12 63 -2.252650319815378
18 13 35 -0.4983944304653536
18 13 51 -2.9099063475954408
18 13 101 -1.0846682628802344
18 14 13 -0.2665397178944123
18 14 79 -1.4525434781415583
18 15 112 -1.003036101450038
18 15 85 -1.5962549533553694
18 15 9 -0.8426181082591794
18 16 102 0.0
18 17 39 -1.6722226750837088
18 17 57 -0.4416729270373132
18 17 127 -1.7766089054043082
18 19 107 -2.6909097864691494
18 19 31 -0.478091004157668
18 19 111 -1.1640631786798858
18 20 75 0.0
18 21 25 0.0
18 22 89 -3.9393404720725753
18 22 61 -0.019652905034296293
18 23 7 -0.6956112874014331
18 23 27 -0.6906891306191905
18 24 37 0.0
18 25 3 -2.2886724930284754
18 25 67 -0.3416822828709158
18 25 109 -1.6711798857731388
18 26 123 -3.9410007155307203
18 26 77 -2.1634371086791235
18 26 125 -0.14428405741120764
19 0 80 0.0
19 1 98 -1.2748392467493135
19 1 114 -1.67267922191977
19 1 52 -1.1543320317032426
19 1 69 -1.5254981861583063
19 2 82 0.0
19 3 64 -1.4587328048428683
19 3 18 -1.3696881351084518
19 3 4 -0.8265373060535608
19 3 10 -2.5806968095843352
19 4 118 -0.7037094872147023
19 4 87 -0.6826952711926683
19 5 70 0.0
19 6 72 -0.9276056161252989
19 6 88 -2.612750023610881
19 6 121 -0.8132557107416731
19 6 44 -2.433197861014503
19 7 0 -0.027486455302060942
19 7 92 -3.607773678579907
19 8 110 0.0
19 9 106 -1.6466205036429589
19 9 43 -0.4107927793819685
19 9 94 -2.1506389442440246
19 9 47 -3.5839474793578385
19 10 30 0.0
19 11 41 -0.05614658378142214
19 11 91 -2.9077313843065444
19 12 16 -2.0591726171733646
19 12 96 -1.540115107931159
19 12 49 -2.5323229795224953
19 12 117 -1.8641187822834087
19 12 54 -2.0816215878583044
19 12 23 -2.574225747519642
19 12 29 -2.275952279930791
19 12 15 -3.3679860166681106
19 12 63 -2.4594901462907273
19 13 35 -0.46654107759397023
19 13 51 -2.9305746768014487
19 13 101 -1.1411050740483148
19 14 13 -2.4346891101506873
19 14 79 -0.0917041722569466
19 15 112 -1.0021026222695302
19 15 85 -2.1910225152940783
19 15 9 -0.6518308048698264
19 16 36 -0.6326319370593799
19 16 59 -0.7575617540671578
19 17 39 -1.394055815411183
19 17 57 -0.4810804081350417
19 17 127 -2.011277310516784
19 18 33 -1.7006090072794064
19 18 21 -1.2171268084327511
19 18 103 -0.6513374023952542
19 20 75 0.0
19 21 25 0.0
19 22 61 0.0
19 23 7 -0.7099752566067119
19 23 27 -0.6765976084349031
19 24 105 0.0
19 25 3 -2.09827499898112
19 25 67 -0.37171206258865214
19 25 109 -1.6724874626033135
19 26 123 -4.493630734348086
19 26 77 -3.1343358435101614
19 26 125 -0.05626207368710694
20 0 120 0.0
20 1 98 -2.3189604019578147
20 1 69 -0.10355747961051305
20 2 82 0.0
20 3 64 -1.4879722519377296
20 3 18 -1.276315842010091
20 3 4 -0.8702986871243603
20 3 10 -2.573345464107932
20 4 118 -4.455122122961814
20 4 87 -0.01168692772696954
20 5 70 0.0
20 6 74 0.0
20 7 0 -1.1089860772551576
20 7 92 -0.4003182925037743
20 8 42 0.0
20 9 73 -0.34411538602954395
20 9 47 -1.2339068310975405
20 10 81 -0.5528390543263294
20 10 45 -1.3874908693119614
20 10 95 -1.7430561278843228
20 11 41 -0.08091899526479142
20 11 91 -2.5544933671876495
20 12 96 -2.855468492169146
20 12 49 -1.3331487390623005
20 12 117 -3.6799450637586917
20 12 23 -2.060687108237056
20 12 29 -2.572463894965506
20 12 15 -0.9794139250731163
20 12 63 -2.598887893276987
20 13 35 -0.8695450605790521
20 13 51 -0.9870015928780093
20 13 101 -1.569422762016313
20 14 13 -0.39500479482329937
20 14 79 -1.1198670055205913
20 15 112 -1.7158644966579721
20 15 53 -1.7927145700412528
20 15 85 -1.4483346288072678
20 15 55 -0.9439890466713187
20 15 9 -3.5182842414210853
20 16 36 -0.9402022295580506
20 16 59 -0.49519647576819037
20 17 39 -2.8708843953989733
20 17 57 -0.41485126832883
20 17 127 -1.2626169307013075
20 18 33 -0.7683113450054222
20 18 21 -1.7149814250367377
20 18 103 -1.0321580897313014
20 19 107 -2.2944383693653774
20 19 31 -0.6179401576592136
20 19 111 -1.021294811596356
20 21 17 -0.2742073638324414
20 21 115 -1.6881718780848
20 21 25 -2.900996493870823
20 22 89 -0.9269142041957883
20 22 61 -0.5038054942814246
20 23 7 -0.14671798800165303
20 23 27 -1.9917052149254277
20 24 105 0.0
20 25 3 -0.5216223646964393
20 25 67 -1.0023815547640316
20 25 109 -3.2330041458722802
20 26 123 -1.1253451422647816
20 26 77 -0.651247728956534
20 26 125 -1.8703822891804944
21 0 80 -1.767493293837055
21 0 68 -0.18724626228524252
21 1 114 -0.26428716234282906
21 1 52 -1.4599539831270183
21 2 82 -3.9311864436850534
21 2 124 -0.01981541524522762
21 3 64 -1.4492280128151227
21 3 18 -1.2646181258834834
21 3 4 -0.9075301756196374
21 3 10 -2.533485611472226
21 4 22 -0.3061310914496307
21 4 87 -1.3329056125471297
21 5 70 0.0
21 6 50 -1.1993635581930786
21 6 84 -2.4226307599535923
21 6 72 -3.3598157108988755
21 6 88 -3.5417657138303276
21 6 121 -1.3782940375731307
21 6 44 -4.302959960922419
21 6 14 -1.2705198186425495
21 7 0 -0.5215850435282862
21 7 92 -0.9003655962991671
21 8 110 0.0
21 9 119 -1.9956553435783357
21 9 106 -2.3786107128151963
21 9 43 -2.101542388064239
21 9 28 -1.2437602904478302
21 9 94 -2.018704320805891
21 9 47 -1.478396669336078
21 10 99 -1.3110593267570176
21 10 8 -1.0128737244378485
21 10 24 -1.0015986438064308
21 11 41 -0.06695882498356313
21 11 91 -2.7369700086176354
21 12 16 -0.7844241059834388
21 12 96 -6.9375170520183955
21 12 49 -7.97068466590389
21 12 117 -7.205894878414167
21 12 54 -1.076181478753885
21 12 63 -1.6061210606436693
21 13 35 -3.8875754316746955
21 13 101 -0.02070791381001911
21 14 13 -0.8472724531559648
21 14 79 -0.559634843782488
21 15 112 0.0
21 16 36 -0.6418157705286072
21 16 59 -0.7472567542495143
21 17 39 -7.479522775562414
21 17 57 -0.0011991849576974047
21 17 127 -7.363557088401211
21 18 33 -1.155354223072011
21 18 21 -1.1746309123318792
21 18 103 -0.9778442140647889
21 19 31 0.0
21 20 75 0.0
21 22 61 0.0
21 23 7 -0.7020207705717677
21 23 27 -0.6843516390847316
21 24 105 0.0
21 25 3 -5.597854524116429
21 25 67 -0.00483979972943941
21 25 109 -6.792374362156908
21 26 123 -0.025349015641758073
21 26 77 -3.687663114504915
22 0 80 0.0
22 1 98 -1.2117122274790708
22 1 114 -1.6180733198566553
22 1 52 -1.2475487013568252
22 1 69 -1.528666805545659
22 2 82 0.0
22 3 64 -1.1211839701376427
22 3 18 -1.5547832631873229
22 3 4 -0.9975591931525112
22 3 10 -2.3634752200477416
22 4 87 0.0
22 5 70 0.0
22 6 72 -1.7761714685485663
22 6 88 -1.5252554063285866
22 6 121 -0.6550489176475923
22 6 44 -2.367306635786058
22 7 0 -0.0045965328002004835
22 7 92 -5.384750384840257
22 8 110 0.0
22 9 119 -2.457579580516699
22 9 106 -1.9103695602736728
22 9 43 -1.217691749842782
22 9 94 -1.1325931308293753
22 9 47 -1.9090357302948953
22 10 60 0.0
22 11 41 -0.08282608704931484
22 11 91 -2.532139426064936
22 12 16 -1.8148308371318205
22 12 96 -1.197522385717642
22 12 49 -3.2377348980784024
22 12 117 -1.898068917565839
22 12 54 -1.7785482215796167
22 12 23 -3.3070097055539076
22 12 29 -3.813481220000205
22 12 15 -3.9271372753640845
22 12 63 -2.314628828290059
22 13 35 -0.4612130354423963
22 13 51 -3.047215323152193
22 13 101 -1.1332327022371935
22 14 13 -4.664642797442157
22 14 79 -0.00946728707569965
22 15 112 -1.0022732376541592
22 15 85 -2.5515905908737073
22 15 9 -0.5887901964444869
22 16 36 -0.032495804175453794
22 16 59 -3.442848203695785
22 17 39 -1.2065636243309559
22 17 57 -0.45342425670303804
22 17 127 -2.72833826614392
22 18 33 -4.327415109633316
22 18 21 -0.7962835868665321
22 18 103 -0.6240010244284241
22 19 31 0.0
22 20 75 0.0
22 21 25 0.0
22 23 7 -0.7026853068050025
22 23 27 -0.6836991712967525
22 24 105 0.0
22 25 3 -2.3122260069606915
22 25 67 -0.4920894933999546
22 25 109 -1.2392138488240823
22 26 123 -4.6114754861736795
22 26 77 -3.365188957012187
22 26 125 -0.045512803520697254
23 0 120 0.0
23 1 98 -2.311875216489786
23 1 69 -0.1043335871714818
23 2 82 0.0
23 3 64 -1.4849524170339217
23 3 18 -1.2767559176407501
23 3 4 -0.8712188262813814
23 3 10 -2.575642505194291
23 4 118 -4.373008746454664
23 4 87 -0.012693455514189418
23 5 70 0.0
23 6 26 -0.439032858648733
23 6 74 -1.034679066232743
23 7 0 -1.1062941843874583
23 7 92 -0.401646176834298
23 8 42 0.0
23 9 73 -0.3430516436511865
23 9 47 -1.2365013824036204
23 10 81 -0.5534247583019032
23 10 45 -1.3847906882304577
23 10 95 -1.7449912184615683
23 11 41 -0.0811868755432129
23 11 91 -2.551320491109661
23 12 96 -2.8565767249417156
23 12 49 -1.335267800344586
23 12 117 -3.6672647751551435
23 12 23 -2.0581803383740906
23 12 29 -2.5706741331339606
23 12 15 -0.9816127142223513
23 12 63 -2.5899404465417972
23 13 35 -0.8679603223579715
23 13 51 -0.9874719789651031
23 13 101 -1.5717769751692103
23 14 13 -0.39890737108070756
23 14 79 -1.1118582018403287
23 15 112 -1.715515305882184
23 15 53 -1.7953977494917615
23 15 85 -1.4498469029487155
23 15 55 -0.9425071904727377
23 15 9 -3.512853780455544
23 16 36 -0.9433428396182852
23 16 59 -0.4931890813840582
23 17 39 -2.866924914502847
23 17 57 -0.41182776670807236
23 17 127 -1.2705112231094333
23 18 33 -0.778169420463643
23 18 21 -1.7198380528406871
23 18 103 -1.01705371577328
23 19 107 -2.297756049701562
23 19 31 -0.6146908265827182
23 19 111 -1.0252469965400406
23 20 6 0.0
23 21 17 -0.2746613803716064
23 21 115 -1.6886080351585355
23 21 25 -2.8932825561524886
23 22 89 -0.926941980996727
23 22 61 -0.5037873006887982
23 24 105 0.0
23 25 3 -0.5216307591352493
23 25 67 -1.002916775926603
23 25 109 -3.2279115465259416
23 26 123 -1.121814616084263
23 26 77 -0.6530039480617944
23 26 125 -1.871895418363896
24 0 80 0.0
24 1 98 -1.2555624750616332
24 1 114 -1.660210010177608
24 1 52 -1.1717607606107985
24 1 69 -1.536352606710528
24 2 82 0.0
24 3 10 -5.058937897951355
24 3 58 -0.0063725644513011334
24 4 87 0.0
24 5 5 -0.09040995701695467
24 5 70 -2.448265293680869
24 6 72 -0.7582581804392893
24 6 88 -1.7953414721095173
24 6 121 -1.1693138548332906
24 6 44 -2.9028328636018323
24 7 0 -0.4306661156724084
24 7 92 -1.05003907576508
24 8 110 0.0
24 9 19 -0.025244747802061047
24 9 119 -5.897034077828697
24 9 106 -4.749204921072121
24 9 43 -4.723865743144632
24 9 94 -5.8408196354825455
24 9 47 -6.356537834120124
24 10 104 0.0
24 11 65 -0.028632035179932794
24 11 41 -3.6984698729843983
24 11 91 -5.6651473809855535
24 12 16 -1.9338909081357043
24 12 96 -1.4844822979073757
24 12 49 -3.3302376696580156
24 12 117 -1.921640095527013
24 12 54 -2.0335759004585086
24 12 23 -3.272241668173506
24 12 29 -1.9790442692525927
24 12 15 -2.973629213312967
24 12 63 -2.4243260890293397
24 13 35 -0.44788015480117965
24 13 51 -2.8821999569961805
24 13 101 -1.1874194462391614
24 14 13 -0.7521579680682787
24 14 79 -0.6374254758386816
24 15 112 -1.0057071904411037
24 15 85 -1.927322587768627
24 15 9 -0.7160539565142439
24 16 36 0.0
24 17 39 -1.2485334178542202
24 17 57 -0.4385014657701412
24 17 127 -2.687182599024565
24 18 33 -2.202874989999023
24 18 21 -4.129606194150205
24 18 103 -0.13533218047441012
24 19 31 0.0
24 20 75 0.0
24 21 25 0.0
24 22 61 0.0
24 23 7 -0.6996057572808912
24 23 27 -0.686730049515324
24 25 3 -1.685628163941661
24 25 67 -0.48704860617551743
24 25 109 -1.6082643303922373
24 26 123 -4.387773076738102
24 26 77 -2.703704217602974
24 26 125 -0.08271379378502626
25 0 48 -0.7879291437631013
25 0 126 -0.6065761973061732
25 1 100 -0.09938210047140482
25 1 69 -6.928980113486359
25 1 62 -2.368465188264903
25 2 82 -2.7720341106393374
25 2 124 -0.06457550618323596
25 3 64 -1.3883137541954618
25 3 18 -1.402167142225144
25 3 4 -0.8886309690654177
25 3 10 -2.3727622142776457
25 4 22 -1.0646546906083187
25 4 87 -0.4228863501786815
25 5 70 0.0
25 6 2 -0.6533101010895043
25 6 50 -2.356388075639322
25 6 121 -1.4102079203635036
25 6 14 -1.9602373928849697
25 7 0 -0.230145715538228
25 7 92 -1.5819094954992583
25 8 42 -1.5243625409111992
25 8 110 -0.2455934572162136
25 9 119 -2.2416621999031756
25 9 73 -0.913108138939878
25 9 106 -2.4068341070335215
25 9 28 -2.2746980958001033
25 9 94 -2.635049757249194
25 9 47 -1.4792881094982742
25 10 81 -2.0411725767086315
25 10 99 -2.261660928713311
25 10 116 -2.186174094144598
25 10 38 -1.532292062860229
25 10 24 -1.6664113253000514
25 10 108 -1.4446896376158513
25 10 45 -4.356936589065492
25 11 41 -0.058484270120812545
25 11 91 -2.868097069769849
25 12 56 0.0
25 13 35 0.0
25 14 13 -1.4971352517151444
25 14 79 -0.2533067824461557
25 15 112 -1.0166456499512
25 15 53 -1.0530280393388842
25 15 85 -6.444349325121931
25 15 55 -1.2476566408448464
25 15 9 -7.510523486811744
25 16 36 -0.5418955484297813
25 16 59 -0.8714241384599255
25 17 66 0.0
25 18 33 -1.7324519122348867
25 18 21 -0.9859719954696587
25 18 103 -0.7983447732177199
25 19 31 0.0
25 20 75 0.0
25 21 17 -0.8145635810288524
25 21 115 -0.584889448186904
25 22 97 -1.8021526688050398
25 22 89 -2.950118352806357
25 22 61 -0.24497634791732986
25 23 7 -0.7060069561221581
25 23 27 -0.6804506813495527
25 24 105 0.0
25 26 123 -0.7177466562294823
25 26 77 -0.6691383388756931
26 0 48 -0.47471360614471203
26 0 80 -1.559304377456883
26 0 68 -1.785849866215235
26 1 114 -0.5735775227354609
26 1 52 -0.8289803591417441
26 2 124 0.0
26 3 64 -1.278993902742013
26 3 18 -1.394772293996464
26 3 4 -1.0022301074159365
26 3 10 -2.2374210888113217
26 4 22 -0.5104669484365045
26 4 87 -0.9168289861987875
26 5 70 0.0
26 6 50 -1.2928966692261223
26 6 84 -2.4879123660206086
26 6 72 -3.171952579019589
26 6 88 -2.7426973334758675
26 6 121 -1.5794961535935783
26 6 44 -3.5246941041495905
26 6 14 -1.202026699069822
26 7 0 -0.04334668720509465
26 7 92 -3.1601200542545778
26 8 110 0.0
26 9 119 -2.4447597479736607
26 9 106 -2.046276129946339
26 9 43 -1.549475825103069
26 9 28 -1.8299649702294247
26 9 94 -1.2788375675547492
26 9 47 -2.018168065068794
26 10 99 -5.199699173503666
26 10 83 -0.02636847459490379
26 10 8 -4.552175591237309
26 10 24 -4.609037823021363
26 11 41 -0.10230184974124351
26 11 91 -2.3305424180273877
26 12 16 -1.607955607914715
26 12 117 -5.623724609627064
26 12 54 -1.3582555484058216
26 12 76 -0.9188803269037835
26 12 63 -1.9659860688332353
26 13 35 -2.656306732808528
26 13 101 -0.07279333789757143
26 14 13 -2.6588194176182607
26 14 79 -0.07260386558730586
26 15 122 0.0
26 16 36 -0.16442371782283083
26 16 59 -1.8863941854001194
26 17 39 -4.730859487885705
26 17 57 -0.011617320351055066
26 17 127 -5.9030098890836
26 18 33 -2.708341914241011
26 18 21 -0.7624828407530592
26 18 103 -0.7617557287199334
26 19 31 0.0
26 20 75 0.0
26 21 113 0.0
26 22 97 -2.2999882196565977
26 22 61 -0.10564947386152572
26 23 7 -0.6985915944057149
26 23 27 -0.6877322479208381
26 24 105 0.0
26 25 3 -4.6194564391117945
26 25 67 -0.026816210220306468
26 25 109 -4.098250475850389
