0 1 98 -1.7173726064581347
0 1 69 -0.19788676102173045
0 2 82 0.0
0 3 64 -0.7251265808686792
0 3 18 -2.1328244797700155
0 3 4 -1.2599407282260562
0 3 10 -2.1753906631773505
0 4 87 0.0
0 5 70 0.0
0 6 121 0.0
0 7 0 -1.1152717430981172
0 7 92 -0.39723831460148284
0 8 42 -0.7868365763361662
0 8 110 -0.6074884665135147
0 9 119 -2.423347739942117
0 9 73 -0.7652571670083221
0 9 106 -3.3570200420061096
0 9 94 -3.846873847439767
0 9 47 -0.9416700641509462
0 10 81 -0.15491454218928083
0 10 45 -1.941339187674238
0 11 41 -0.06150476808225011
0 11 91 -2.819235348204416
0 12 96 -2.228692132332494
0 12 49 -1.5233117973009997
0 12 117 -1.9916753724253946
0 12 23 -1.6266769205327574
0 12 29 -1.7975639200378202
0 12 15 -2.3539681618472184
0 12 63 -2.5182540369617024
0 13 35 -0.3162221043217923
0 13 51 -3.3769105104286967
0 13 101 -1.4399075973047566
0 14 13 -0.3355616454800933
0 14 79 -1.2550430806142008
0 15 112 -0.6627773278519344
0 15 53 -1.968877065976081
0 15 85 -2.960490898569485
0 15 55 -1.9966637536068839
0 15 9 -1.8490439812500483
0 16 36 -2.075238049149596
0 16 59 -0.13413333655597043
0 17 39 -3.2034386980788363
0 17 57 -0.15492103309513072
0 17 127 -2.2740470484306896
0 18 33 -0.7838732819904562
0 18 21 -1.9546853959076835
0 18 103 -0.9119076769131165
0 19 31 0.0
0 20 75 0.0
0 21 17 -1.064550552985397
0 21 115 -1.251866352375263
0 21 25 -0.9965614323310277
0 22 89 -1.8001735086045925
0 22 61 -0.18064721120939503
0 23 7 -0.784169102275701
0 23 27 -0.6097234530154892
0 24 105 0.0
0 25 3 -2.1024905977553714
0 25 67 -0.16791918594779318
0 25 109 -3.428793843807873
0 26 123 -1.0509473769265802
0 26 77 -0.7955089658961533
0 26 125 -1.6142386028600222
1 0 68 0.0
1 2 82 -0.44339724284308024
1 2 124 -1.0268094874381068
1 3 64 -0.8505796185161235
1 3 18 -2.1624248788140186
1 3 4 -1.3029296992377704
1 3 10 -1.6817269341764831
1 4 87 0.0
1 5 70 0.0
1 6 50 -1.7589934939293772
1 6 84 -1.3549319687506038
1 6 121 -1.3535101999487018
1 6 14 -1.1664035485239284
1 7 0 -0.2456141707595824
1 7 92 -1.5242881369427272
1 8 42 -1.5222053492688332
1 8 110 -0.24619480464609117
1 9 119 -3.387124603907304
1 9 73 -1.2775151330848593
1 9 106 -1.8661585118533934
1 9 28 -1.7965697900089068
1 9 94 -1.1199222924863075
1 9 47 -3.2045704815684086
1 10 81 -1.4903184164305807
1 10 99 -1.7186040563958882
1 10 116 -2.182948378087953
1 10 8 -1.508942253488542
1 10 24 -1.4133726413002183
1 10 45 -4.005836905836269
1 11 41 -0.06482485881058403
1 11 91 -2.7683034668416715
1 12 16 -2.265094922987027
1 12 49 -5.598531419089256
1 12 34 -0.5668499883513611
1 12 54 -1.7583123230024533
1 12 23 -7.610947211549353
1 12 63 -1.8816640750026603
1 13 101 0.0
1 14 13 -1.42954917280245
1 14 79 -0.2736698156515929
1 15 112 -0.6930225009944115
1 15 53 -0.6932718756724113
1 16 36 -0.5677650125414637
1 16 59 -0.8365345139954921
1 17 39 -3.328536315989333
1 17 57 -0.14512606322642918
1 17 127 -2.310201884297189
1 18 33 -1.575955763324999
1 18 21 -1.1315516282292384
1 18 103 -0.7536240191818776
1 19 31 0.0
1 20 75 0.0
1 21 115 0.0
1 22 97 -3.187824508030122
1 22 89 -2.584854858132779
1 22 61 -0.12405479324118257
1 23 7 -0.6933625149608779
1 23 27 -0.6929318925179343
1 24 105 0.0
1 25 3 -3.846579532248687
1 25 67 -0.05388137399377947
1 25 109 -3.470455855313817
1 26 123 -0.32160178490079183
1 26 77 -1.2909363044940165
2 0 80 0.0
2 1 98 -2.111810988733184
2 1 114 -1.6157727092285243
2 1 52 -0.7360878690615331
2 1 69 -1.6031564478791154
2 3 64 -1.0248686072401967
2 3 18 -2.127582056572178
2 3 4 -1.1282377846485758
2 3 10 -1.6173269874655838
2 4 87 0.0
2 5 70 0.0
2 6 72 -0.7799441868881851
2 6 88 -2.289815270290674
2 6 121 -1.017713141535851
2 6 44 -2.5400466720502752
2 7 0 -1.475389795144577E-4
2 7 92 -8.82149191778548
2 8 110 0.0
2 9 119 -3.0282404512853045
2 9 106 -1.8158074778948787
2 9 43 -0.9187341522282846
2 9 94 -1.173618248130262
2 9 47 -2.5179714457095104
2 10 83 0.0
2 11 41 -0.06531263451597441
2 11 91 -2.7610483616500594
2 12 16 -2.4378902806327543
2 12 96 -1.9769581005704828
2 12 49 -2.1898406639208674
2 12 117 -2.1674766357756723
2 12 54 -2.289402015661604
2 12 23 -2.621719158665486
2 12 76 -1.4359991550433744
2 12 29 -3.425400884937306
2 12 15 -4.284093385571333
2 12 63 -2.4128491618672956
2 13 35 -0.40319590021479834
2 13 51 -5.134522605455656
2 13 101 -1.1210758731655257
2 14 13 -8.364789420672047
2 14 79 -2.3295320852913937E-4
2 15 112 -1.4004991250292282
2 15 85 -2.9547367781247
2 15 9 -1.9475402166055604
2 15 122 -0.5819470953923271
2 16 36 -0.4214107345618076
2 16 59 -1.067464132647896
2 17 39 -2.4786145200386414
2 17 57 -0.11772611977645041
2 17 127 -3.6044946590984765
2 18 33 -5.759916417104567
2 18 21 -1.103845338830912
2 18 103 -0.40758472458711087
2 19 31 0.0
2 20 75 0.0
2 21 25 0.0
2 22 61 0.0
2 23 7 -0.6945310129779217
2 23 27 -0.6917652604880683
2 24 105 0.0
2 25 3 -3.9523131271535497
2 25 67 -0.09397169331834675
2 25 109 -2.6524084820148905
2 26 125 0.0
3 0 80 -1.1050219092616327
3 0 120 -1.0889842396407736
3 0 46 -1.1019031225362257
3 1 98 -1.7396334962915219
3 1 114 -1.3312918687184627
3 1 52 -1.1865751951359855
3 1 69 -1.3664348805563813
3 2 82 0.0
3 4 118 -2.4478324080115024
3 4 87 -0.09045092763797281
3 5 5 -1.57287095920951
3 5 70 -0.23249810617506278
3 6 72 0.0
3 7 0 -8.141238824103437
3 7 92 -2.91318563870713E-4
3 8 42 0.0
3 9 19 -2.6939594535197138
3 9 40 -0.07000699196890121
3 10 90 -1.7921200466253009
3 10 11 -1.6080524043955349
3 10 45 -2.5266424993516736
3 10 95 -0.5920552020111852
3 11 65 0.0
3 12 16 -2.494059459857748
3 12 96 -2.6904449756291666
3 12 49 -1.6912439454528585
3 12 117 -1.9745785648147007
3 12 54 -2.525809924063572
3 12 23 -2.0897541494052416
3 12 29 -1.8035336925920455
3 12 15 -2.508738432609293
3 12 63 -2.5682765632093574
3 13 35 -0.3293726010630703
3 13 51 -3.4955075759253247
3 13 101 -1.3851281413933259
3 14 13 -1.0390127937545613E-4
3 14 79 -9.172121296597066
3 15 112 -0.6091475515142492
3 15 85 -2.05691750461363
3 15 9 -1.113710792030568
3 16 59 0.0
3 17 39 -2.159487900528592
3 17 57 -0.20475779356278126
3 17 127 -2.6625346387165143
3 18 33 -6.6372434945784935
3 18 21 -9.915433591494066
3 18 103 -0.0013609669888545372
3 19 107 -1.9852438661421912
3 19 31 -0.9695141760051144
3 19 111 -0.7269405302367987
3 20 75 0.0
3 21 25 0.0
3 22 89 -2.8202457155898553
3 22 61 -0.06144070927397147
3 23 7 -0.7107292147179333
3 23 27 -0.6758689406960373
3 24 37 -0.14047873920437043
3 24 105 -2.032116367323169
3 25 3 -2.3844033558196056
3 25 67 -0.1869037410918737
3 25 109 -2.546792971489921
3 26 123 -1.3505147915424718
3 26 77 -0.7876278730605575
3 26 125 -1.251866588667987
4 0 86 0.0
4 1 98 -1.7173729395553903
4 1 69 -0.19788668813194898
4 2 82 0.0
4 3 64 -0.7251394540142433
4 3 18 -2.1327437905595583
4 3 4 -1.2599177752008255
4 3 10 -2.1754773094773743
4 5 70 0.0
4 6 121 0.0
4 7 0 -1.1153003737933038
4 7 92 -0.3972243514101719
4 8 42 -0.7868352185083191
4 8 110 -0.6074896014076666
4 9 119 -2.4217101551479865
4 9 73 -0.7653928547538762
4 9 106 -3.3580145320215777
4 9 94 -3.847525940286812
4 9 47 -0.9417561867636841
4 10 81 -0.1549149200205195
4 10 45 -1.9413369327515506
4 11 41 -0.06175187128397622
4 11 91 -2.8153480531963524
4 12 96 -2.2287087560198318
4 12 49 -1.5233551318338063
4 12 117 -1.9917398149302334
4 12 23 -1.6264475282836905
4 12 29 -1.7975883970334454
4 12 15 -2.354034497338679
4 12 63 -2.5184365906147526
4 13 35 -0.31615141950187686
4 13 51 -3.3780741943549137
4 13 101 -1.4399574144256244
4 14 13 -0.3355432720833082
4 14 79 -1.2550891623854477
4 15 112 -0.6627415095526525
4 15 53 -1.9689185218745813
4 15 85 -2.9605154746259252
4 15 55 -1.9966734889804154
4 15 9 -1.849108024173964
4 16 36 -2.075950807683785
4 16 59 -0.1340310651119425
4 17 39 -3.203100094857449
4 17 57 -0.154933092133081
4 17 127 -2.2740803729454675
4 18 33 -0.7836550051625156
4 18 21 -1.954660701215412
4 18 103 -0.9121645330438239
4 19 31 0.0
4 20 75 0.0
4 21 17 -1.0645475122589565
4 21 115 -1.251851206974244
4 21 25 -0.9965760062348198
4 22 89 -1.8001401039498877
4 22 61 -0.18065382521171067
4 23 7 -0.7602372695600267
4 23 27 -0.6302765692964708
4 24 105 0.0
4 25 3 -2.1027903715882883
4 25 67 -0.16784101597444914
4 25 109 -3.4297033041208356
4 26 123 -1.0510786661312277
4 26 77 -0.795357878391377
4 26 125 -1.6143506566830714
5 0 80 -2.092970904103204
5 0 120 -0.7208280695330644
5 0 46 -0.940761659049151
5 1 98 -1.734931243364487
5 1 114 -1.4950672707672772
5 1 52 -1.075744320161773
5 1 69 -1.353593565234632
5 2 82 0.0
5 3 64 -0.23649281138233472
5 3 18 -2.8330416313709605
5 3 4 -1.8854193778025925
5 3 10 -11.573417019146936
5 4 118 -2.4274914990375063
5 4 87 -0.09239816913687378
5 6 72 0.0
5 7 0 -8.821370742665314
5 7 92 -1.4755685997037992E-4
5 8 42 0.0
5 9 71 0.0
5 10 90 -1.5013135545832224
5 10 45 -1.9344381604364584
5 10 95 -0.45782638386004415
5 11 41 0.0
5 12 16 -2.63327029966593
5 12 96 -2.3104496431282353
5 12 49 -1.6284367107883455
5 12 117 -2.5492784911405466
5 12 54 -2.4826867317569525
5 12 23 -2.0111125803932532
5 12 29 -1.797678886118846
5 12 15 -2.361716255204352
5 12 63 -2.5604938940710507
5 13 35 -0.296369293311151
5 13 51 -3.3680868574434997
5 13 101 -1.5049350947261497
5 14 13 -7.259660027095886E-5
5 14 79 -9.530628763534459
5 15 112 -0.6093491024147365
5 15 85 -2.0557773463050446
5 15 9 -1.1138212155188072
5 16 59 0.0
5 17 39 -2.150903288107436
5 17 57 -0.22432108795050176
5 17 127 -2.470264510659838
5 18 33 -0.8916335786594931
5 18 21 -9.937422023686844
5 18 103 -0.5276900211057803
5 19 107 -1.8779306479297366
5 19 31 -1.259165018726294
5 19 111 -0.5741154431747507
5 20 75 0.0
5 21 25 0.0
5 22 89 -1.8036675045138162
5 22 61 -0.17995687182116876
5 23 7 -0.7181048805158405
5 23 27 -0.6687972301380838
5 24 37 -0.12483011318269169
5 24 105 -2.1425674282917067
5 25 3 -2.34021174731606
5 25 67 -0.19276905559308194
5 25 109 -2.538049850821443
5 26 123 -1.1624254434348256
5 26 77 -0.695956249431513
5 26 125 -1.6677250577119564
6 0 120 0.0
6 1 98 -1.7172104739760512
6 1 69 -0.19792224306533415
6 2 82 0.0
6 3 64 -0.7134818565101768
6 3 18 -2.1386421497197152
6 3 4 -1.268398423134255
6 3 10 -2.1985116449001194
6 4 118 -3.449510500680363
6 4 87 -0.032276506896512014
6 5 70 0.0
6 7 0 -1.0630302390574051
6 7 92 -0.42374245904630525
6 8 42 0.0
6 9 73 -0.2859236432694965
6 9 47 -1.3915882775772517
6 10 81 -0.5191435358903609
6 10 45 -1.9263109659003945
6 10 95 -1.3498258765126048
6 11 41 -0.05305487097377743
6 11 91 -2.9628387536918255
6 12 96 -2.151457548726002
6 12 49 -1.52391349176745
6 12 117 -2.0327946948422255
6 12 23 -1.6749656402280575
6 12 29 -1.7976197535286051
6 12 15 -2.35322197302306
6 12 63 -2.444274559659051
6 13 35 -0.30945217758780097
6 13 51 -3.3623352880930146
6 13 101 -1.4631888039574927
6 14 13 -0.3649984979395554
6 14 79 -1.1848164433445643
6 15 112 -0.6649098043659307
6 15 53 -1.957582475614241
6 15 85 -2.9606676368586635
6 15 55 -1.9991887089203433
6 15 9 -1.8499103272124153
6 16 36 -1.845071160843062
6 16 59 -0.17199198230791873
6 17 39 -2.356125445925557
6 17 57 -0.22109995494500395
6 17 127 -2.267443050238663
6 18 33 -0.8237782081795688
6 18 21 -1.8717921943857725
6 18 103 -0.8980050419137166
6 19 107 -2.848703857135653
6 19 31 -0.6627380171319045
6 19 111 -0.8518087738694032
6 20 75 0.0
6 21 17 -1.0645593256440595
6 21 115 -1.276527607976002
6 21 25 -0.9778582949143628
6 22 89 -1.804688249954864
6 22 61 -0.17975573870996375
6 23 7 -0.8644484025714951
6 23 27 -0.54694319390704
6 24 105 0.0
6 25 3 -2.0969054558252602
6 25 67 -0.20532453317875288
6 25 109 -2.768101863143639
6 26 123 -1.050174805430992
6 26 77 -0.8913051132804638
6 26 125 -1.4271027453208898
7 0 80 0.0
7 1 98 -1.7368926543887764
7 1 114 -1.52416499448531
7 1 52 -0.9426449830759666
7 1 69 -1.530005370099933
7 2 82 0.0
7 3 64 -1.1146497543893297
7 3 18 -2.502960524891368
7 3 4 -0.7915674745799897
7 3 10 -1.9878214752087602
7 4 87 0.0
7 5 70 0.0
7 6 72 -0.7637907376407684
7 6 88 -0.7722768287170103
7 6 121 -3.053653248749518
7 6 44 -3.6906119270471818
7 8 110 0.0
7 9 119 -9.87728025276757
7 9 106 -9.152896290788036
7 9 43 -9.472252880309243
7 9 93 -6.921101974216755E-4
7 9 94 -7.777918427924405
7 9 47 -10.157363160234697
7 10 1 0.0
7 11 41 -1.492790865111705E-4
7 11 91 -8.809767578797109
7 12 16 -2.4957323485982994
7 12 96 -1.8920188180591357
7 12 49 -2.2750197461443866
7 12 117 -1.883232521621832
7 12 54 -2.3299042431455685
7 12 23 -2.5580865347122805
7 12 29 -1.8246437892490572
7 12 15 -2.403265977294749
7 12 63 -2.459833455745374
7 13 35 -0.33105074205641466
7 13 51 -3.553853482961611
7 13 101 -1.3735080139805826
7 14 13 -1.2766750740412856
7 14 79 -0.32706523101718227
7 15 112 -0.609098706686686
7 15 85 -2.057223342618015
7 15 9 -1.113672626424939
7 16 36 -0.5912042475096346
7 16 59 -0.8066745975710936
7 17 39 -2.1732346326198617
7 17 57 -0.15627792014083466
7 17 127 -3.4779813641931514
7 18 33 -1.1005293074109266
7 18 21 -1.3433798782871484
7 18 103 -0.9005578827500682
7 19 31 0.0
7 20 75 0.0
7 21 25 0.0
7 22 61 0.0
7 23 7 -0.7493962548498799
7 23 27 -0.6398942803968979
7 24 105 0.0
7 25 3 -2.3939178602310682
7 25 67 -0.17946628485923483
7 25 109 -2.617124902600231
7 26 123 -1.0823636066167512
7 26 77 -1.895098149227903
7 26 125 -0.6715762850362282
8 0 80 -0.6051050377955006
8 0 46 -0.7896956834055793
8 1 98 -1.7218495480474536
8 1 114 -1.2899023734014612
8 1 52 -1.2431386050496076
8 1 69 -1.356775558621895
8 2 82 0.0
8 3 64 -0.7787393836297362
8 3 18 -2.2209271765055445
8 3 4 -1.408578261995567
8 3 10 -1.6712247206181372
8 4 118 -2.4214317451297456
8 4 87 -0.09298671614719482
8 5 70 0.0
8 6 72 -0.787607986052458
8 6 88 -2.2848001442428996
8 6 121 -1.0103782217186925
8 6 44 -2.5358718146410975
8 7 0 -0.07835588812771144
8 7 92 -2.585416300006771
8 9 106 -1.9919136751847635
8 9 43 -0.5636893424441598
8 9 94 -1.2226109050033678
8 10 30 0.0
8 11 41 -0.05696118537683842
8 11 91 -2.893730607056302
8 12 16 -2.4628420779149867
8 12 96 -1.849298821171098
8 12 49 -1.7777838643589083
8 12 117 -1.9139430063045448
8 12 54 -2.2700442490232127
8 12 23 -2.2434667163960094
8 12 29 -2.320315539786779
8 12 15 -3.183642102326563
8 12 63 -2.3873222240393446
8 13 35 -0.32453224168826467
8 13 51 -3.3772096141259675
8 13 101 -1.4147267325571669
8 14 13 -2.388490413726975
8 14 79 -0.09625554889795561
8 15 112 -0.6091578436658923
8 15 85 -2.057221847184398
8 15 9 -1.1135752687724458
8 16 36 -0.4259128807027987
8 16 59 -1.0589298849063968
8 17 39 -2.1577825237731276
8 17 57 -0.18052361568593414
8 17 127 -3.0040487762227683
8 18 33 -2.49982442833354
8 18 21 -1.135058458464284
8 18 103 -0.5166806371682702
8 19 111 0.0
8 20 75 0.0
8 21 25 0.0
8 22 61 0.0
8 23 7 -0.6941955518331023
8 23 27 -0.692099907218175
8 24 105 0.0
8 25 3 -2.8088968707066213
8 25 67 -0.1489305506873072
8 25 109 -2.549770283452165
8 26 123 -1.145369786790039
8 26 77 -1.8061038608143345
8 26 125 -0.6585511145899096
9 0 80 -2.0985599576427942
9 0 120 -0.7195894146884049
9 0 46 -0.940545126120577
9 1 98 -1.7200051359387867
9 1 114 -1.5000724681107866
9 1 52 -1.080321826137465
9 1 69 -1.3534999125034721
9 2 82 0.0
9 3 64 -0.22204390519687292
9 3 18 -2.823222609381237
9 3 4 -1.9682855323015036
9 3 10 -11.566489106491218
9 4 118 -2.424131743457363
9 4 87 -0.09272399837500665
9 5 70 0.0
9 6 72 0.0
9 7 0 -8.868120755670747
9 7 92 -1.4081686408731108E-4
9 8 42 0.0
9 10 90 -1.5013060706137034
9 10 45 -1.9344236057490771
9 10 95 -0.45783234438785486
9 11 41 0.0
9 12 16 -2.5449465076869675
9 12 96 -2.5900136106065768
9 12 49 -1.628317559715715
9 12 117 -2.496226563321723
9 12 54 -2.3523869914685465
9 12 23 -2.0102428228633262
9 12 29 -1.797411993547018
9 12 15 -2.355450857237386
9 12 63 -2.5488308002720697
9 13 35 -0.29453595877068045
9 13 51 -3.362165547803228
9 13 101 -1.512026670781733
9 14 13 -7.312513077024835E-5
9 14 79 -9.523375026446635
9 15 112 -0.6095048800940219
9 15 85 -2.055683414642661
9 15 9 -1.1135998973056418
9 16 59 0.0
9 17 39 -2.1500511408236926
9 17 57 -0.22466857247216684
9 17 127 -2.4681570748671513
9 18 33 -0.9047626725194091
9 18 21 -9.935370376394296
9 18 103 -0.5186668466366928
9 19 107 -1.8779280405827092
9 19 31 -1.2591803960883778
9 19 111 -0.5741083999454675
9 20 75 0.0
9 21 25 0.0
9 22 89 -1.8069495291451725
9 22 61 -0.17931103837561793
9 23 7 -0.7222488202540299
9 23 27 -0.6648685517712961
9 24 37 -0.12483304358174074
9 24 105 -2.142545388193551
9 25 3 -2.3261464519809074
9 25 67 -0.19429318063520937
9 25 109 -2.5394202401571095
9 26 123 -1.1727088882624772
9 26 77 -0.6945973480816022
9 26 125 -1.6544497729955354
10 0 80 0.0
10 1 98 -1.7232715152084639
10 1 114 -1.5745162563317805
10 1 52 -0.8862718865664159
10 1 69 -1.5983920647655805
10 2 82 0.0
10 3 64 -0.9651074431625307
10 3 18 -2.12770976445848
10 3 4 -1.1983160532941899
10 3 10 -1.6182459558183502
10 4 87 0.0
10 5 70 0.0
10 6 72 -0.7746610158694307
10 6 88 -2.2803674583396343
10 6 121 -1.028947164181192
10 6 44 -2.5318678934500602
10 7 0 -3.624892163487273E-5
10 7 92 -10.225119049516241
10 8 110 0.0
10 9 119 -3.0150475999271884
10 9 106 -1.8159200821762491
10 9 43 -0.9189447214455649
10 9 94 -1.1736893039304663
10 9 47 -2.524422978940271
10 11 41 -0.06537554147392848
10 11 91 -2.760116769400553
10 12 16 -2.4609100465627063
10 12 96 -1.8479947225809001
10 12 49 -2.583582274995449
10 12 117 -1.8572300826750667
10 12 54 -2.2688172338969212
10 12 23 -2.5863828166135794
10 12 29 -1.800673232084255
10 12 15 -2.415048102814786
10 12 63 -2.3837356998764587
10 13 35 -0.3231629562938567
10 13 51 -3.395381525569691
10 13 101 -1.4162738812714024
10 14 13 -9.276874923503954
10 14 79 -9.356743607918576E-5
10 15 112 -0.608873753803003
10 15 85 -2.0590739592707648
10 15 9 -1.1133256394463251
10 16 36 -0.42136462053344304
10 16 59 -1.067552123922482
10 17 39 -2.144559484101031
10 17 57 -0.17068607698044783
10 17 127 -3.2240344787336976
10 18 33 -5.850280795602969
10 18 21 -1.103567528706277
10 18 103 -0.40731396055091734
10 19 31 0.0
10 20 75 0.0
10 21 25 0.0
10 22 61 0.0
10 23 7 -0.693724614345458
10 23 27 -0.692570080011796
10 24 105 0.0
10 25 3 -2.8758286153594126
10 25 67 -0.14735909030667255
10 25 109 -2.5176791802963954
10 26 123 -0.9336550239543855
10 26 77 -2.540642141465832
10 26 125 -0.6385264510747626
11 0 80 -1.1023089986634482
11 0 120 -1.090717489565146
11 0 46 -1.102857446240116
11 1 98 -1.7400653726099984
11 1 114 -1.3321457109771015
11 1 52 -1.1854133586376299
11 1 69 -1.3666451867555824
11 2 82 0.0
11 3 64 0.0
11 4 118 -2.447457850034885
11 4 87 -0.09048639348362368
11 5 5 -5.2945380176055705
11 5 70 -0.005031569641191365
11 6 72 0.0
11 7 0 -7.957345784258183
11 7 92 -3.501423688022882E-4
11 8 42 0.0
11 9 19 -6.834908586792467
11 9 40 -0.0010761444674642709
11 10 90 -1.7919631757991763
11 10 11 -1.6083198421416862
11 10 45 -2.526535259211627
11 10 95 -0.5920211365791239
11 12 16 -2.494002632297951
11 12 96 -2.6952187248561166
11 12 49 -1.6896529737322554
11 12 117 -1.9744615067698732
11 12 54 -2.525995776753454
11 12 23 -2.088378164003352
11 12 29 -1.8034583001498246
11 12 15 -2.509234516968123
11 12 63 -2.5698272318613706
11 13 35 -0.32875967560156055
11 13 51 -3.494653667180163
11 13 101 -1.3869955922457178
11 14 13 -1.089107363598915E-4
11 14 79 -9.125036398595565
11 15 112 -0.6091495838994694
11 15 85 -2.056902021616471
11 15 9 -1.1137134546480905
11 16 59 0.0
11 17 39 -2.1595148071802797
11 17 57 -0.20484781402050356
11 17 127 -2.6614394570145716
11 18 33 -2.5296698482367534
11 18 21 -9.928781622456581
11 18 103 -0.08309260217406243
11 19 107 -1.9850973336653739
11 19 31 -0.9696497990107149
11 19 111 -0.726875767089221
11 20 75 0.0
11 21 25 0.0
11 22 89 -2.8189627077257122
11 22 61 -0.0615220656931113
11 23 7 -0.7121750580346571
11 23 27 -0.6744746129340823
11 24 37 -0.14183535328973468
11 24 105 -2.0231679756230756
11 25 3 -2.3824677149472926
11 25 67 -0.1871078375456574
11 25 109 -2.54691099797035
11 26 123 -1.3487060500510857
11 26 77 -0.7864188798179118
11 26 125 -1.2554377041356513
12 0 48 -0.4282487638247579
12 0 126 -1.054545513198238
12 1 100 -0.32374203380113514
12 1 69 -2.089742331411585
12 1 62 -1.8783365092723134
12 2 82 -0.6802563247786452
12 2 124 -0.7062063829981587
12 3 64 -0.9092483876301688
12 3 18 -2.1349992980097565
12 3 4 -1.2644962078144792
12 3 10 -1.6268540733520587
12 4 22 -1.6288039191584405
12 4 87 -0.21836008776752022
12 5 70 0.0
12 6 2 -1.3407419428383474
12 6 50 -2.017482588390135
12 6 121 -1.096188705776649
12 6 14 -1.3048377894682401
12 7 0 -0.2635451390008255
12 7 92 -1.4624108611923188
12 8 42 -1.4218028754784233
12 8 110 -0.2761206694006959
12 9 119 -3.042242835151956
12 9 73 -1.2208095486280792
12 9 106 -1.8881457961559591
12 9 28 -1.8030807697474862
12 9 94 -1.1848814408086783
12 9 47 -3.342287897793909
12 10 81 -1.4283577678088062
12 10 99 -2.104130635004653
12 10 116 -1.8597272788254113
12 10 38 -2.1286301919090267
12 10 24 -1.6024348086944264
12 10 108 -1.95927723284802
12 10 45 -3.850691706928443
12 11 41 -0.06496438388592067
12 11 91 -2.766222448805408
12 13 35 0.0
12 14 13 -1.364097080187334
12 14 79 -0.29519202621794677
12 15 112 -0.7726744168742157
12 15 53 -1.7780075201907863
12 15 85 -3.9764700322793396
12 15 55 -1.4301634558020355
12 15 9 -2.1961771550973017
12 16 36 -0.6292182054451382
12 16 59 -0.7614438826720941
12 17 57 0.0
12 18 33 -1.4916033072888042
12 18 21 -1.117210572453207
12 18 103 -0.8034148331256556
12 19 31 0.0
12 20 75 0.0
12 21 17 -0.8758176496319342
12 21 115 -0.5387473521904599
12 22 97 -2.1690272618347954
12 22 89 -2.583317468997427
12 22 61 -0.21048868608109506
12 23 7 -0.6934799876979486
12 23 27 -0.6928144841456845
12 24 105 0.0
12 25 67 0.0
12 26 123 -0.6899572452024946
12 26 77 -0.696347324177354
13 0 48 -0.7070627660992337
13 0 68 -1.4145278531993872
13 0 126 -1.332301493240365
13 1 100 -0.09706645668250803
13 1 62 -2.380500094746495
13 2 82 -0.5692541082065956
13 2 124 -0.8345895928630446
13 3 64 -0.854277139295248
13 3 18 -2.1606487794304594
13 3 4 -1.2974738689114769
13 3 10 -1.682342864489303
13 4 22 -2.179127618468146
13 4 87 -0.12006835765477282
13 5 70 0.0
13 6 2 -2.206869514907232
13 6 50 -1.9747137019195613
13 6 84 -3.25085984267373
13 6 121 -0.826139515870254
13 6 14 -1.2921573472896095
13 7 0 -0.2609269532206129
13 7 92 -1.4711430814388826
13 8 42 -1.456151889514688
13 8 110 -0.26544015760969814
13 9 119 -2.995117785234121
13 9 73 -1.3377694148117405
13 9 106 -1.887624756353914
13 9 28 -2.101840016070151
13 9 94 -1.1826877237549507
13 9 47 -2.2309853593611675
13 10 81 -1.430382909116541
13 10 99 -2.0518766435132854
13 10 116 -1.8621653281604837
13 10 38 -2.5388225884292965
13 10 8 -2.813822114826773
13 10 24 -1.4443157737282866
13 10 108 -2.5139845524496214
13 10 45 -3.8553541882282745
13 11 41 -0.06362176896862186
13 11 91 -2.786441822597034
13 12 34 0.0
13 14 13 -1.3819617031205358
13 14 79 -0.2891304733888794
13 15 112 -0.677251078399931
13 15 53 -1.295558444906909
13 15 55 -1.522143907490765
13 16 36 -0.599980463864187
13 16 59 -0.7958941320149814
13 17 57 0.0
13 18 33 -1.4964262678371423
13 18 21 -1.124654661106151
13 18 103 -0.7956087820899161
13 19 31 0.0
13 20 75 0.0
13 21 17 -1.0721009126092513
13 21 115 -0.41898911101310476
13 22 97 -2.1948714254074697
13 22 89 -2.599000743403578
13 22 61 -0.20545186860532633
13 23 7 -0.693469173964529
13 23 27 -0.6928252908017417
13 24 105 0.0
13 25 67 0.0
13 26 123 -0.4898483871829215
13 26 77 -0.9486054825965302
14 0 80 -0.875603524926973
14 0 46 -0.5389002350166396
14 1 98 -1.7611840420824172
14 1 114 -1.4011741131563396
14 1 52 -1.1042936083343802
14 1 69 -1.384670906145703
14 2 82 0.0
14 3 64 -0.4167672968856377
14 3 18 -2.562533500399466
14 3 4 -1.8675989264244248
14 3 10 -2.214369103406367
14 4 118 -2.5362831947137727
14 4 87 -0.08246906486167374
14 5 70 0.0
14 6 72 -0.6534638349069195
14 6 88 -7.293566648278818
14 6 121 -0.7904932781945762
14 6 44 -3.670705684721317
14 7 0 -0.8388362176099065
14 7 92 -0.5660093409552479
14 8 42 -2.054728550342361
14 8 110 -0.1371122087336823
14 9 12 0.0
14 10 78 -1.9991912118786411E-4
14 10 95 -8.517697625161572
14 11 41 -6.834231600552123E-5
14 11 91 -9.591015593356529
14 12 16 -2.6002035392862184
14 12 96 -2.012063794602209
14 12 49 -1.6725244735691938
14 12 117 -1.9759517926400547
14 12 54 -2.6132812817854814
14 12 23 -2.1380960667163555
14 12 29 -1.8951219275585158
14 12 15 -2.692096531346251
14 12 63 -2.875004907510101
14 13 35 -0.3564237290845755
14 13 51 -4.020876619013352
14 13 101 -1.2662493750717738
14 15 112 -0.6091046336105771
14 15 85 -2.057222308110076
14 15 9 -1.1136632125303196
14 16 36 -0.6518208493662256
14 16 59 -0.7362552756630664
14 17 39 -2.240845767006387
14 17 57 -0.2015489806936899
14 17 127 -2.574814377185487
14 18 33 -1.0447514836494278
14 18 21 -1.357285373451921
14 18 103 -0.9393999372013005
14 19 107 -4.019023261727888
14 19 31 -0.018133939361677964
14 20 75 0.0
14 21 25 0.0
14 22 61 0.0
14 23 7 -0.7175025919758502
14 23 27 -0.6693708787028835
14 24 105 0.0
14 25 3 -2.8107851138616464
14 25 67 -0.13755632898623485
14 25 109 -2.683011334837348
14 26 123 -1.148002701819615
14 26 77 -1.7371613518729647
14 26 125 -0.6798147902037589
15 0 80 -0.2980500523057818
15 0 68 -1.3558201984686928
15 1 114 -0.692982730974176
15 1 52 -0.6933116571938287
15 2 82 -0.8175972165992135
15 2 124 -0.5824848840181974
15 3 64 -0.9487590751537963
15 3 18 -2.1322292444254156
15 3 4 -1.2137510915416698
15 3 10 -1.6239158075539084
15 4 22 -1.94419928776929
15 4 87 -0.15443610816541428
15 5 70 0.0
15 6 50 -3.4588660912296736
15 6 84 -2.6127690815726825
15 6 72 -1.394045808581855
15 6 88 -3.978579525996357
15 6 121 -0.725289637591955
15 6 44 -2.886382610023327
15 6 14 -2.4252091159651994
15 7 0 -0.2820730541687168
15 7 92 -1.4033126897074992
15 8 110 0.0
15 9 119 -2.40511344223144
15 9 106 -1.8691328325757541
15 9 43 -1.8849361160831126
15 9 28 -1.7972144594930235
15 9 94 -1.2394551181184632
15 9 47 -1.9082032057031781
15 10 99 -1.7524156739179244
15 10 8 -1.1307715309167834
15 10 24 -0.685454428366963
15 11 41 -0.06458315030247123
15 11 91 -2.7719195236675955
15 12 16 -1.2191968323913691
15 12 96 -2.211514650068206
15 12 49 -2.576578328811529
15 12 117 -3.023715580881426
15 12 54 -1.2988137908510107
15 12 76 -3.083173117137024
15 12 63 -1.886014332675907
15 13 35 -0.4056869180697858
15 13 101 -1.0981688162893013
15 14 13 -1.3052786245822912
15 14 79 -0.3162146014161911
15 16 36 -0.6918079691179778
15 16 59 -0.6944881878945479
15 17 39 -2.676748673317684
15 17 57 -0.12055077764135383
15 17 127 -3.10596047111606
15 18 33 -1.447853669015563
15 18 21 -1.1023815044682184
15 18 103 -0.8373723187186054
15 19 31 0.0
15 20 75 0.0
15 21 113 0.0
15 22 61 0.0
15 23 7 -0.6934320968828169
15 23 27 -0.692862345391263
15 24 105 0.0
15 25 3 -3.470017240078263
15 25 67 -0.07312382643166682
15 25 109 -3.2340458653922313
15 26 123 0.0
16 0 80 -1.0247332728038034
16 0 120 -0.9823483145690475
16 0 46 -1.3217169531418025
16 1 98 -1.7260301929449675
16 1 114 -1.4629394824618227
16 1 52 -1.0066073783679395
16 1 69 -1.4916591055623267
16 2 82 0.0
16 3 58 0.0
16 4 118 -2.6231465863253725
16 4 87 -0.07534242555867372
16 5 5 -2.50613798575016
16 5 70 -0.0851034221307491
16 6 72 -0.03939708420720436
16 6 44 -3.2536973411566126
16 7 0 -4.42068921034918
16 7 92 -0.012098837676970673
16 8 42 0.0
16 9 32 -3.698003882282601
16 9 19 -3.3313618087397314
16 9 40 -0.062425897452904965
16 10 20 -1.1323984140262284
16 10 104 -0.6802799014409531
16 10 90 -4.530820381880455
16 10 11 -2.300546967954806
16 10 95 -2.8085970286261563
16 11 65 0.0
16 12 16 -2.470731958855124
16 12 96 -1.8585474480130335
16 12 49 -2.291203559435501
16 12 117 -1.914958714066902
16 12 54 -2.2748075075065883
16 12 23 -2.519169921951706
16 12 29 -1.802763884254196
16 12 15 -2.3887848353515273
16 12 63 -2.6428430507604572
16 13 35 -0.32190588958700067
16 13 51 -4.037334962902247
16 13 101 -1.3563893200514474
16 14 13 -0.003386970860890504
16 14 79 -5.689512315852839
16 15 112 -0.6091955645350998
16 15 85 -2.05703868856313
16 15 9 -1.113584096415895
16 17 39 -2.1572495037783828
16 17 57 -0.16759053495292628
16 17 127 -3.2530224252004993
16 18 103 0.0
16 19 107 -3.7202465374274425
16 19 31 -0.27509684329021855
16 19 111 -1.5312117521079682
16 20 75 0.0
16 21 25 0.0
16 22 89 -4.649511917561354
16 22 61 -0.009612320603885754
16 23 7 -0.6948130823040333
16 23 27 -0.6914840494295479
16 24 37 0.0
16 25 3 -2.579526872571029
16 25 67 -0.16583343388558272
16 25 109 -2.563913473442699
16 26 123 -1.26621143179937
16 26 77 -1.2285607414651252
16 26 125 -0.8547515981189847
17 0 48 -0.4283203199027438
17 0 126 -1.0544116691238357
17 1 100 -0.3237003949778665
17 1 69 -2.0899008215974364
17 1 62 -1.87840532023208
17 2 82 -0.6784568399044608
17 2 124 -0.7080565489131408
17 3 64 -0.894556925614238
17 3 18 -2.142127165623681
17 3 4 -1.2817670596078299
17 3 10 -1.6283146920168654
17 4 22 -1.6289919571047544
17 4 87 -0.2183142053036023
17 5 70 0.0
17 6 2 -1.3146837306722214
17 6 50 -2.0208951512138724
17 6 121 -1.1110955714008968
17 6 14 -1.3104232536891782
17 7 0 -0.26295769572781846
17 7 92 -1.464361504124259
17 8 42 -1.4257453882791271
17 8 110 -0.27487017354304194
17 9 119 -3.1100418172430593
17 9 73 -1.2175235610558433
17 9 106 -1.8898774226968653
17 9 28 -1.8144588075934796
17 9 94 -1.1859717416797155
17 9 47 -3.2195482273683362
17 10 81 -1.4322057179133723
17 10 99 -2.257500921897579
17 10 116 -1.863477579240518
17 10 38 -1.9625503893424556
17 10 24 -1.6120502970450272
17 10 108 -1.9634790636229724
17 10 45 -3.8571802577875682
17 11 41 -0.0648679608202344
17 11 91 -2.7676601064941426
17 12 56 0.0
17 13 35 0.0
17 14 13 -1.3707654285723665
17 14 79 -0.2929124379901392
17 15 112 -0.7720116109242513
17 15 53 -1.7780693708418769
17 15 85 -3.9849876096309904
17 15 55 -1.430306449933013
17 15 9 -2.1970988093947956
17 16 36 -0.6070414314368657
17 16 59 -0.7873716884281027
17 18 33 -1.4775143040584091
17 18 21 -1.1274775701849185
17 18 103 -0.8030811250272561
17 19 31 0.0
17 20 75 0.0
17 21 17 -0.8758260711874464
17 21 115 -0.5387413404335479
17 22 97 -2.180065685932867
17 22 89 -2.5877851214142034
17 22 61 -0.20852651529978863
17 23 7 -0.6953688633745777
17 23 27 -0.6909304226802196
17 24 105 0.0
17 25 67 0.0
17 26 123 -0.6882823923726824
17 26 77 -0.6980357506523779
18 0 80 -1.0248459469767348
18 0 120 -0.9823167490019958
18 0 46 -1.3216096519661993
18 1 98 -1.726166378860291
18 1 114 -1.4626060413706443
18 1 52 -1.0069154506013507
18 1 69 -1.4913943170253208
18 2 82 0.0
18 3 58 0.0
18 4 118 -2.6241225279897953
18 4 87 -0.07526609506166045
18 5 5 -2.84287086402671
18 5 70 -0.06002411241547834
18 6 72 -0.03931669504683906
18 6 44 -3.2556999798763497
18 7 0 -4.489330219282113
18 7 92 -0.011291673365767797
18 8 42 0.0
18 9 32 -1.043227574226164
18 9 19 -3.7575182107668392
18 9 40 -0.4710558902691912
18 10 20 -1.1062701758709461
18 10 104 -0.6902529612976686
18 10 90 -4.5922179048909015
18 10 11 -2.3142257221722926
18 10 95 -2.83382960985965
18 11 65 0.0
18 12 16 -2.4715543179632986
18 12 96 -1.8584306032664453
18 12 49 -2.283261179798788
18 12 117 -1.9148990963969643
18 12 54 -2.275182709658811
18 12 23 -2.5290529907428083
18 12 29 -1.8028008291252422
18 12 15 -2.3879703340618703
18 12 63 -2.642874186835177
18 13 35 -0.3223175786069768
18 13 51 -4.024327227697842
18 13 101 -1.3561280713714787
18 14 13 -0.0035283537591283397
18 14 79 -5.648687532162317
18 15 112 -0.6091693926810958
18 15 85 -2.0570837223001104
18 15 9 -1.1136099068201095
18 16 102 0.0
18 17 39 -2.157516333769211
18 17 57 -0.16759419162446254
18 17 127 -3.2521447001481043
18 19 107 -3.8366810886961527
18 19 31 -0.26486631071079636
18 19 111 -1.5552981745024692
18 20 75 0.0
18 21 25 0.0
18 22 89 -4.939755897550465
18 22 61 -0.007182074503743129
18 23 7 -0.6948212470272774
18 23 27 -0.6914759119080737
18 24 37 0.0
18 25 3 -2.5778582230858205
18 25 67 -0.16584702482414287
18 25 109 -2.565409234523198
18 26 123 -1.2665057145924825
18 26 77 -1.3300549943385165
18 26 125 -0.7902691950428715
19 0 80 0.0
19 1 98 -1.7260609388401236
19 1 114 -1.5694605576196117
19 1 52 -0.8921676272721377
19 1 69 -1.5891850459447558
19 2 82 0.0
19 3 64 -0.7510319342292258
19 3 18 -2.256394440001279
19 3 4 -1.4146407100699565
19 3 10 -1.7126877049662852
19 4 118 -1.104959968862844
19 4 87 -0.4023063142381658
19 5 70 0.0
19 6 72 -0.7798199475291339
19 6 88 -2.345458840552147
19 6 121 -0.9955221973410908
19 6 44 -2.5746854054132595
19 7 0 -0.0788552832081334
19 7 92 -2.5793095297518196
19 8 110 0.0
19 9 106 -1.9108283934783183
19 9 43 -0.5724079875938659
19 9 94 -1.2454080439561963
19 9 47 -9.835956606871447
19 10 30 0.0
19 11 41 -0.05414249168043023
19 11 91 -2.9430850797087316
19 12 16 -2.483009531094073
19 12 96 -1.88722772218339
19 12 49 -2.305688958221952
19 12 117 -1.917314021186547
19 12 54 -2.2987499936591567
19 12 23 -2.0734316202563106
19 12 29 -1.8234254296744488
19 12 15 -2.6951689338878175
19 12 63 -2.7616814227429165
19 13 35 -0.33358886733158155
19 13 51 -3.7384359233566844
19 13 101 -1.347610412362836
19 14 13 -2.4341309354122838
19 14 79 -0.09175779605906373
19 15 112 -0.609105506985328
19 15 85 -2.057389971241078
19 15 9 -1.1135965124941938
19 16 36 -0.4328798958240093
19 16 59 -1.0459393616346127
19 17 39 -2.1721760570022144
19 17 57 -0.16657182791891845
19 17 127 -3.231237871189103
19 18 33 -2.507922708019578
19 18 21 -1.1418096288449204
19 18 103 -0.5119563027497136
19 20 75 0.0
19 21 25 0.0
19 22 61 0.0
19 23 7 -0.7037541652739789
19 23 27 -0.6826515241458766
19 24 105 0.0
19 25 3 -2.8858577480857805
19 25 67 -0.14115981764984648
19 25 109 -2.579095450180158
19 26 123 -0.9647047070600919
19 26 77 -2.3782623077347322
19 26 125 -0.6420877070241952
20 0 120 0.0
20 1 98 -1.7172081395284144
20 1 69 -0.19792275400104697
20 2 82 0.0
20 3 64 -0.7089488251904009
20 3 18 -2.142051563290404
20 3 4 -1.2715255972780937
20 3 10 -2.207079475356382
20 4 118 -3.4652702673662925
20 4 87 -0.03176372242287525
20 5 70 0.0
20 6 74 0.0
20 7 0 -1.0631930136814487
20 7 92 -0.42365657874660384
20 8 42 0.0
20 9 73 -0.2850548534445921
20 9 47 -1.3942176874446488
20 10 81 -0.5191644621865872
20 10 45 -1.9261569504095184
20 10 95 -1.3498643976533287
20 11 41 -0.05190235099222889
20 11 91 -2.9842301254321946
20 12 96 -2.1512428106487063
20 12 49 -1.5239834026198997
20 12 117 -2.0325129984246115
20 12 23 -1.6750698101278176
20 12 29 -1.7978114976882384
20 12 15 -2.353225654858723
20 12 63 -2.4442171731077127
20 13 35 -0.309470250884537
20 13 51 -3.3643606117542944
20 13 101 -1.4628286999712987
20 14 13 -0.36494243818741134
20 14 79 -1.1849437154981526
20 15 112 -0.6641027298127045
20 15 53 -1.9590094483133655
20 15 85 -2.9614342081946488
20 15 55 -2.000037099291196
20 15 9 -1.8502879811063522
20 16 36 -1.8363277567912755
20 16 59 -0.17364139601500775
20 17 39 -2.349861131641623
20 17 57 -0.22138382730455455
20 17 127 -2.2710033429539895
20 18 33 -0.8245408551078748
20 18 21 -1.8719853587807898
20 18 103 -0.8971114032564573
20 19 107 -2.8761022009738535
20 19 31 -0.6624472373872323
20 19 111 -0.8484966132779747
20 21 17 -1.064564028035652
20 21 115 -1.2765019056986724
20 21 25 -0.9778730494842377
20 22 89 -1.8052474797309166
20 22 61 -0.1796456492531824
20 23 7 -0.06037035385161305
20 23 27 -2.8372904488626225
20 24 105 0.0
20 25 3 -2.098661901741363
20 25 67 -0.20474695524724992
20 25 109 -2.772170911755904
20 26 123 -1.0514549833758222
20 26 77 -0.8916274998427846
20 26 125 -1.4246898015919889
21 0 80 -0.29805902501222403
21 0 68 -1.3557943580445835
21 1 114 -0.6929176061967669
21 1 52 -0.6933768076396145
21 2 82 -0.8176133568129721
21 2 124 -0.582472125653325
21 3 64 -0.9541472473585529
21 3 18 -2.129678703459303
21 3 4 -1.2078308539981748
21 3 10 -1.6238448507306964
21 4 22 -1.9440117674369486
21 4 87 -0.1544674274340753
21 5 70 0.0
21 6 50 -3.4468433073211053
21 6 84 -2.6039652703584997
21 6 72 -1.385623413045962
21 6 88 -3.952432442093049
21 6 121 -0.7347768838040861
21 6 44 -2.8801494937765617
21 6 14 -2.418447185773812
21 7 0 -0.2818607844033254
21 7 92 -1.4039643539936417
21 8 110 0.0
21 9 119 -2.4059475815231988
21 9 106 -1.8683930472133352
21 9 43 -1.8864947794940823
21 9 28 -1.7971188910831155
21 9 94 -1.2387863885070274
21 9 47 -1.9082838075009723
21 10 99 -1.7522303404684043
21 10 8 -1.1310026379702096
21 10 24 -0.6853701672998473
21 11 41 -0.06452113671428776
21 11 91 -2.7728495248617286
21 12 16 -1.2135876227774263
21 12 96 -2.1510915345621275
21 12 49 -2.200242386410568
21 12 117 -3.018241634701574
21 12 54 -1.2933770602351038
21 12 63 -1.8805422324863623
21 13 35 -0.5413874826517455
21 13 101 -0.8721309378914096
21 14 13 -1.305761683632311
21 14 79 -0.316034999368426
21 15 112 0.0
21 16 36 -0.699029782083108
21 16 59 -0.6872989817585878
21 17 39 -3.7344280875320535
21 17 57 -0.09501291035886025
21 17 127 -2.706771357436984
21 18 33 -1.4490935661038589
21 18 21 -1.100428666804728
21 18 103 -0.8381993817235058
21 19 31 0.0
21 20 75 0.0
21 22 61 0.0
21 23 7 -0.6933158156289535
21 23 27 -0.6929785739239291
21 24 105 0.0
21 25 3 -3.1803232031832573
21 25 67 -0.0767353107568487
21 25 109 -3.432910234577556
21 26 123 -3.90248402837864E-5
21 26 77 -10.15133169658901
22 0 80 0.0
22 1 98 -1.7242079112572681
22 1 114 -1.5636133914729655
22 1 52 -0.8955458926322074
22 1 69 -1.5900126979040754
22 2 82 0.0
22 3 64 -0.9648898874708337
22 3 18 -2.1277807520603824
22 3 4 -1.1985619307530395
22 3 10 -1.6182472551946518
22 4 87 0.0
22 5 70 0.0
22 6 72 -0.827011289979582
22 6 88 -1.8217548082776454
22 6 121 -1.127368802014128
22 6 44 -2.563696341358892
22 7 0 -3.7731955676501594E-5
22 7 92 -10.185022057786078
22 8 110 0.0
22 9 119 -3.01327955760544
22 9 106 -1.8158793874338843
22 9 43 -0.9189300923187894
22 9 94 -1.1736795786524883
22 9 47 -2.525700274839511
22 10 60 0.0
22 11 41 -0.06536381196102398
22 11 91 -2.7602904020823944
22 12 16 -2.4655650099504096
22 12 96 -1.856384172781395
22 12 49 -2.483062877146877
22 12 117 -1.860290133236506
22 12 54 -2.2808057704977656
22 12 23 -2.627142915188661
22 12 29 -1.8174270485006503
22 12 15 -2.3917665348044235
22 12 63 -2.3937096307501093
22 13 35 -0.3242792787575554
22 13 51 -3.427436957380422
22 13 101 -1.408614976990477
22 14 13 -9.314648437197425
22 14 79 -9.009882917872853E-5
22 15 112 -0.6090877149514886
22 15 85 -2.0574366444225407
22 15 9 -1.1136078165714873
22 16 36 -0.4213599800351806
22 16 59 -1.0675609792211194
22 17 39 -2.150830302123254
22 17 57 -0.1660531544838862
22 17 127 -3.3073981232241105
22 18 33 -5.823379901736374
22 18 21 -1.1032875166887948
22 18 103 -0.40757155482687507
22 19 31 0.0
22 20 75 0.0
22 21 25 0.0
22 23 7 -0.7075884865235805
22 23 27 -0.678911460507238
22 24 105 0.0
22 25 3 -2.739516133330163
22 25 67 -0.15528470341888803
22 25 109 -2.5354379493301296
22 26 123 -0.9443651582001686
22 26 77 -2.474352875761118
22 26 125 -0.6408277678541868
23 0 120 0.0
23 1 98 -1.7172106842168868
23 1 69 -0.1979221970504299
23 2 82 0.0
23 3 64 -0.7091819218686873
23 3 18 -2.1410752426880255
23 3 4 -1.2708448518698772
23 3 10 -2.2088163710307716
23 4 118 -3.4626144875445277
23 4 87 -0.0318495515273377
23 5 70 0.0
23 6 26 -0.3897726449663516
23 6 74 -1.1307558756349845
23 7 0 -1.063045032119288
23 7 92 -0.4237346533075598
23 8 42 0.0
23 9 73 -0.28524910560431826
23 9 47 -1.393628980537373
23 10 81 -0.5191653856565226
23 10 45 -1.926160913962069
23 10 95 -1.3498600509450236
23 11 41 -0.05199206257728729
23 11 91 -2.9825476163482194
23 12 96 -2.1512408657682336
23 12 49 -1.5239768600541603
23 12 117 -2.0324848195055396
23 12 23 -1.6750288384135856
23 12 29 -1.7977724534301693
23 12 15 -2.3533598784789604
23 12 63 -2.4442946775012886
23 13 35 -0.3094873868828672
23 13 51 -3.364187697468914
23 13 101 -1.4628002251875851
23 14 13 -0.3650096669989219
23 14 79 -1.1847910890764681
23 15 112 -0.6642491709374426
23 15 53 -1.9586946652171027
23 15 85 -2.961412663896766
23 15 55 -1.9998917998555328
23 15 9 -1.8502230788035654
23 16 36 -1.8350960459679437
23 16 59 -0.17387513518146222
23 17 39 -2.3519774447712853
23 17 57 -0.22123450540201312
23 17 127 -2.2702094534397497
23 18 33 -0.8254162384393634
23 18 21 -1.8726839550409926
23 18 103 -0.8959078211046958
23 19 107 -2.8839751554330215
23 19 31 -0.6620526852431026
23 19 111 -0.8479396850259068
23 20 6 0.0
23 21 17 -1.0645629725739854
23 21 115 -1.2765056739792562
23 21 25 -0.977871221867008
23 22 89 -1.8053569075769376
23 22 61 -0.1796241160068662
23 24 105 0.0
23 25 3 -2.0983893334015753
23 25 67 -0.20498304397708644
23 25 109 -2.7696323504603226
23 26 123 -1.0512048650246304
23 26 77 -0.891657482612665
23 26 125 -1.4250020798568166
24 0 80 0.0
24 1 98 -1.7248525238617165
24 1 114 -1.571718143850054
24 1 52 -0.8896511664370815
24 1 69 -1.59300564441007
24 2 82 0.0
24 3 10 -2.9057656941355514
24 3 58 -0.05626022584557036
24 4 87 0.0
24 5 5 -0.617071807587484
24 5 70 -0.7754900920000969
24 6 72 -0.7549015788953143
24 6 88 -2.2940094273075706
24 6 121 -0.9828366928191105
24 6 44 -2.903446578032737
24 7 0 -2.241364986279172E-4
24 7 92 -8.403367388981069
24 8 110 0.0
24 9 19 -0.43303162016722685
24 9 119 -4.467010390628595
24 9 106 -2.5549289564959046
24 9 43 -1.8483203683213039
24 9 94 -2.498929010480805
24 9 47 -3.7895298814710108
24 10 104 0.0
24 11 65 -0.3958798206214067
24 11 41 -1.1574164994067078
24 11 91 -4.372845076125049
24 12 16 -2.4715438036177217
24 12 96 -1.8722775833169802
24 12 49 -2.40618745208699
24 12 117 -1.8653870477748888
24 12 54 -2.301682117836189
24 12 23 -2.5411532983991996
24 12 29 -1.8078610548277343
24 12 15 -2.457785343404516
24 12 63 -2.427205609008903
24 13 35 -0.32098693425750524
24 13 51 -3.5499768532012763
24 13 101 -1.4030663632698497
24 14 13 -7.1218322610142515
24 14 79 -8.076122671078089E-4
24 15 112 -0.6091011708766778
24 15 85 -2.057387754626091
24 15 9 -1.1136045563492794
24 16 36 0.0
24 17 39 -2.158445792610484
24 17 57 -0.1675668891403867
24 17 127 -3.2499678475628704
24 18 33 -3.735270062670984
24 18 21 -2.8779440685428073
24 18 103 -0.0835088077500693
24 19 31 0.0
24 20 75 0.0
24 21 25 0.0
24 22 61 0.0
24 23 7 -0.6941118283308291
24 23 27 -0.6921834624376717
24 25 3 -2.961087788850952
24 25 67 -0.1394629485860746
24 25 109 -2.545776142271798
24 26 123 -0.9444969312514967
24 26 77 -2.4583026841834013
24 26 125 -0.6433199102433769
25 0 48 -0.42832077532135193
25 0 126 -1.054410817361355
25 1 100 -0.3237003167277817
25 1 69 -2.089905564874384
25 1 62 -1.8784018515788987
25 2 82 -0.6784174241371678
25 2 124 -0.7080971504386087
25 3 64 -0.8946818869460424
25 3 18 -2.142088327238011
25 3 4 -1.281622265197119
25 3 10 -1.628282441435294
25 4 22 -1.6289876228925413
25 4 87 -0.21831526275831992
25 5 70 0.0
25 6 2 -1.314678701136871
25 6 50 -2.020886620958892
25 6 121 -1.1110992349626228
25 6 14 -1.3104279820864997
25 7 0 -0.2629572768910609
25 7 92 -1.4643628966660156
25 8 42 -1.425726298387744
25 8 110 -0.2748762128924842
25 9 119 -3.110052944491269
25 9 73 -1.2175245695945878
25 9 106 -1.88987379951337
25 9 28 -1.8144600751357514
25 9 94 -1.1859700037543572
25 9 47 -3.219550153921832
25 10 81 -1.4322150114121879
25 10 99 -2.2575065982200258
25 10 116 -1.8634803554148902
25 10 38 -1.9625563502138845
25 10 24 -1.6120493128135844
25 10 108 -1.9634536357604164
25 10 45 -3.8571653286275716
25 11 41 -0.064868875787291
25 11 91 -2.7676464540625547
25 12 56 0.0
25 13 35 0.0
25 14 13 -1.3707672074506507
25 14 79 -0.29291183259335507
25 15 112 -0.772014427128255
25 15 53 -1.778067830668699
25 15 85 -3.984899026281535
25 15 55 -1.430309567638578
25 15 9 -2.197097550691498
25 16 36 -0.60607317352727
25 16 59 -0.7885325215940214
25 17 66 0.0
25 18 33 -1.4767303316969376
25 18 21 -1.1279443435426535
25 18 103 -0.8031432930499612
25 19 31 0.0
25 20 75 0.0
25 21 17 -0.8758261572702206
25 21 115 -0.5387412789835061
25 22 97 -2.1801612851299534
25 22 89 -2.5877718222387354
25 22 61 -0.2085144363173436
25 23 7 -0.6953224728904396
25 23 27 -0.6909766098571113
25 24 105 0.0
25 26 123 -0.6882899805818674
25 26 77 -0.698028088128998
26 0 48 -2.0237981657089406
26 0 80 -0.4227902558959127
26 0 68 -1.5481952213438823
26 1 114 -0.6933560444276711
26 1 52 -0.6929383603072253
26 2 124 0.0
26 3 64 -0.9466740753081445
26 3 18 -2.134680374359309
26 3 4 -1.216626958830113
26 3 10 -1.62221670748697
26 4 22 -2.22775699874891
26 4 87 -0.11403120571672044
26 5 70 0.0
26 6 50 -6.291031986385333
26 6 84 -2.9581179728506823
26 6 72 -1.3886437637616074
26 6 88 -3.9506430165610045
26 6 121 -0.5652014144735028
26 6 44 -2.8807782705416902
26 6 14 -2.9329794334129375
26 7 0 -0.06519349504423587
26 7 92 -2.7628152467561264
26 8 110 0.0
26 9 119 -2.4030813929813544
26 9 106 -1.8678648082624834
26 9 43 -1.8849024301873587
26 9 28 -2.0109672620846064
26 9 94 -1.1357830565977156
26 9 47 -1.9089596662340098
26 10 99 -2.584732963604629
26 10 83 -0.6301445974911406
26 10 8 -1.9487034730279666
26 10 24 -1.3878542343403542
26 11 41 -0.06491134166028682
26 11 91 -2.767013029836122
26 12 16 -1.9115864947714927
26 12 117 -3.017648429292495
26 12 54 -1.6811871798566613
26 12 76 -0.6805718855035671
26 12 63 -2.200407215237607
26 13 35 -0.4159463784415658
26 13 101 -1.0779736712530583
26 14 13 -2.4463480651432077
26 14 79 -0.0905915613241257
26 15 122 0.0
26 16 36 -0.42224257965576484
26 16 59 -1.0658788927689193
26 17 39 -2.4668263738514766
26 17 57 -0.15189471416315142
26 17 127 -2.881198081953591
26 18 33 -3.014589250150642
26 18 21 -1.131399799837831
26 18 103 -0.4646537669947481
26 19 31 0.0
26 20 75 0.0
26 21 113 0.0
26 22 97 -3.1644987397410986
26 22 61 -0.04315315476211589
26 23 7 -0.6932004363617728
26 23 27 -0.6930939275941476
26 24 105 0.0
26 25 3 -3.444058520465739
26 25 67 -0.1101879726913645
26 25 109 -2.6255568889612007
