0 1 98 -1.2375250856884241
0 1 69 -0.3426330037488847
0 2 82 0.0
0 3 64 -1.2819944797944038
0 3 18 -1.4225959729956594
0 3 4 -0.8458222763143384
0 3 10 -2.952193003871728
0 4 87 0.0
0 5 70 0.0
0 6 121 0.0
0 7 0 -1.4556942032850544
0 7 92 -0.2655793379591917
0 8 42 -0.663283477556845
0 8 110 -0.7239302504473417
0 9 119 -1.8882666717706786
0 9 73 -1.1054289674622728
0 9 106 -2.419450326906003
0 9 94 -2.946654555815647
0 9 47 -0.9778691967283608
0 10 81 -0.11619689840549467
0 10 45 -2.2100050676370326
0 11 41 -0.013290590411595143
0 11 91 -4.327336917217281
0 12 96 -2.701576596933254
0 12 49 -1.2850405174745612
0 12 117 -2.587165249863844
0 12 23 -1.605940388678992
0 12 29 -1.9246489611824407
0 12 15 -1.881312541015635
0 12 63 -2.500910179438187
0 13 35 -0.38305024632488344
0 13 51 -2.778762043877995
0 13 101 -1.3621638477042213
0 14 13 -0.26542527568325547
0 14 79 -1.4562008440069045
0 15 112 -0.7921079884736683
0 15 53 -1.7980739737750875
0 15 85 -2.273158860350286
0 15 55 -1.6808953904293127
0 15 9 -2.382713172457602
0 16 36 -1.6729627186287062
0 16 59 -0.20787344500187185
0 17 39 -3.089865154365418
0 17 57 -0.24328741194440212
0 17 127 -1.7693380839830746
0 18 33 -0.6394125735563169
0 18 21 -1.829610163667585
0 18 103 -1.1650033264268866
0 19 31 0.0
0 20 75 0.0
0 21 17 -0.7706380209200661
0 21 115 -1.2070872034199613
0 21 25 -1.4345811656011696
0 22 89 -1.7105502189501534
0 22 61 -0.19938589297848947
0 23 7 -0.6968403209916866
0 23 27 -0.6894676292433308
0 24 105 0.0
0 25 3 -2.2721276318186447
0 25 67 -0.12530660502417135
0 25 109 -4.221199064111958
0 26 123 -1.0113088895806488
0 26 77 -1.109644857694494
0 26 125 -1.1822719509986632
1 0 68 0.0
1 2 82 -1.033734655130082
1 2 124 -0.43955380551827733
1 3 64 -1.3744759064678664
1 3 18 -1.4044756373281733
1 3 4 -1.1427123593510047
1 3 10 -1.7005702784545105
1 4 87 0.0
1 5 70 0.0
1 6 50 -1.5200089541027382
1 6 84 -1.4967087891186073
1 6 121 -1.5035971720646601
1 6 14 -1.093340105319661
1 7 0 -0.249064137928186
1 7 92 -1.5119935314027129
1 8 42 -1.432505815141866
1 8 110 -0.2727409280296298
1 9 119 -3.545178354793097
1 9 73 -1.0452617298694522
1 9 106 -1.978573193318552
1 9 28 -1.6551793576343916
1 9 94 -1.3425225143149857
1 9 47 -3.5395429647102374
1 10 81 -1.5503491767027822
1 10 99 -1.9024351042540775
1 10 116 -1.8701210644444362
1 10 8 -1.6055887012959358
1 10 24 -1.312049277524167
1 10 45 -4.2351760019211
1 11 41 -0.05531030099673227
1 11 91 -2.9223237988518656
1 12 16 -1.99082734433801
1 12 49 -5.958393325840442
1 12 34 -0.5493914599009447
1 12 54 -1.865633852495172
1 12 23 -6.956644093659151
1 12 63 -2.057428022064897
1 13 101 0.0
1 14 13 -1.5112081251652438
1 14 79 -0.24928638185300842
1 15 112 -1.028551545472324
1 15 53 -0.4424265074538936
1 16 36 -0.32687452172733944
1 16 59 -1.2771681690951258
1 17 39 -5.228373224937304
1 17 57 -0.016988046308865242
1 17 127 -4.466946667496677
1 18 33 -1.9228544098863882
1 18 21 -0.695424051950338
1 18 103 -1.0357838151680319
1 19 31 0.0
1 20 75 0.0
1 21 115 0.0
1 22 97 -2.0461924950885533
1 22 89 -3.9994376545736916
1 22 61 -0.15964299624694325
1 23 7 -0.6939646916260191
1 23 27 -0.6923303372723353
1 24 105 0.0
1 25 3 -4.846901264389401
1 25 67 -0.027419368241167398
1 25 109 -3.953147314282374
1 26 123 -0.008052355571094726
1 26 77 -4.825814088930948
2 0 80 0.0
2 1 98 -3.1356429137405484
2 1 114 -2.6720432158880776
2 1 52 -0.24417249316998024
2 1 69 -2.262741193283219
2 3 64 -1.2791392919090279
2 3 18 -1.443669228976351
2 3 4 -1.1932628422189333
2 3 10 -1.7013721737674357
2 4 87 0.0
2 5 70 0.0
2 6 72 -0.9492843131864893
2 6 88 -2.2132843929966066
2 6 121 -0.8664982304080884
2 6 44 -2.4862680585162495
2 7 0 -0.0026486956342756866
2 7 92 -5.935012029142632
2 8 110 0.0
2 9 119 -2.402190175090935
2 9 106 -1.6866512616656288
2 9 43 -1.050073311386244
2 9 94 -1.2985467014330159
2 9 47 -2.2876787125749156
2 10 83 0.0
2 11 41 -0.05505762970346032
2 11 91 -2.926777341633157
2 12 16 -2.3322518595117887
2 12 96 -2.441226576641542
2 12 49 -2.838191332808639
2 12 117 -2.8151637205136413
2 12 54 -2.208322164342857
2 12 23 -2.7697447647191975
2 12 76 -0.9247978122657582
2 12 29 -3.798383131282116
2 12 15 -3.7496695568403187
2 12 63 -2.4969493323245655
2 13 35 -0.7668716093492429
2 13 51 -4.7536902823175575
2 13 101 -0.6407134697708278
2 14 13 -5.175850065203217
2 14 79 -0.00566744044778288
2 15 112 -2.662686177330297
2 15 85 -3.6773998858731063
2 15 9 -2.434359375431724
2 15 122 -0.20175285433027965
2 16 36 -0.01200009766379366
2 16 59 -4.428834539319214
2 17 39 -1.8271517759958296
2 17 57 -0.2089922076845069
2 17 127 -3.5853367511241325
2 18 33 -5.269355262529828
2 18 21 -1.4356954516378346
2 18 103 -0.27851984320421813
2 19 31 0.0
2 20 75 0.0
2 21 25 0.0
2 22 61 0.0
2 23 7 -0.7010239490447481
2 23 27 -0.6853319709873945
2 24 105 0.0
2 25 3 -4.680083581205076
2 25 67 -0.06278049703655897
2 25 109 -2.9647732007694914
2 26 125 0.0
3 0 80 -1.2982165137602797
3 0 120 -1.0474066596118485
3 0 46 -0.9778064077425485
3 1 98 -1.8776594951386052
3 1 114 -1.553884837547767
3 1 52 -0.9238914777470087
3 1 69 -1.4327317302408602
3 2 82 0.0
3 4 118 -1.8990028139515729
3 4 87 -0.16218703323055686
3 5 5 -1.6646416142575766
3 5 70 -0.2098059851200126
3 6 72 0.0
3 7 0 -6.879121887015672
3 7 92 -0.0010295771009717284
3 8 42 0.0
3 9 19 -4.6429400885258145
3 9 40 -0.009676006773708655
3 10 90 -1.8508113423884096
3 10 11 -1.443865954869418
3 10 45 -2.230068290789317
3 10 95 -0.6944366254457046
3 11 65 0.0
3 12 16 -3.6677358015240267
3 12 96 -2.0916342747029133
3 12 49 -1.5879468986527325
3 12 117 -2.135093349891256
3 12 54 -3.0910251192058147
3 12 23 -1.9338633884828638
3 12 29 -1.9231036542649
3 12 15 -1.8846692523449604
3 12 63 -3.2107449852617775
3 13 35 -0.5980773249144916
3 13 51 -2.5581052724026687
3 13 101 -0.9870329584265266
3 14 13 -0.0020384706498564487
3 14 79 -6.196574495905397
3 15 112 -0.7090884870238001
3 15 85 -1.765003457292289
3 15 9 -1.0884998020756993
3 16 59 0.0
3 17 39 -1.6192123873037032
3 17 57 -0.4436992520459912
3 17 127 -1.8307893035178822
3 18 33 -2.029697153754762
3 18 21 -6.473277701084364
3 18 103 -0.14262340892486364
3 19 107 -1.8371412668641418
3 19 31 -1.075424163513706
3 19 111 -0.6939977667344461
3 20 75 0.0
3 21 25 0.0
3 22 89 -2.9472089666984878
3 22 61 -0.05391355781841945
3 23 7 -0.6950110929704993
3 23 27 -0.6912867358563658
3 24 37 -0.00554445184272921
3 24 105 -5.197728464250714
3 25 3 -2.112088080750312
3 25 67 -0.2952102434974428
3 25 109 -2.005151820040129
3 26 123 -1.5672015213484944
3 26 77 -1.10913173128799
3 26 125 -0.7732156727224685
4 0 86 0.0
4 1 98 -1.2375414469898487
4 1 69 -0.34262631775233715
4 2 82 0.0
4 3 64 -1.2841245204482397
4 3 18 -1.4236662851580049
4 3 4 -0.843561465615145
4 3 10 -2.95455337206462
4 5 70 0.0
4 6 121 0.0
4 7 0 -1.455054024314408
4 7 92 -0.26577415296615775
4 8 42 -0.663499943321519
4 8 110 -0.7237003018096637
4 9 119 -1.886601168763382
4 9 73 -1.1055589707512228
4 9 106 -2.4217477085952797
4 9 94 -2.946835463034053
4 9 47 -0.9778573804038562
4 10 81 -0.11619451388478386
4 10 45 -2.210024420051339
4 11 41 -0.014103755270152665
4 11 91 -4.268357775327162
4 12 96 -2.702305594051809
4 12 49 -1.2851890553191094
4 12 117 -2.5852149581757633
4 12 23 -1.605812983014
4 12 29 -1.924897528077997
4 12 15 -1.88144000969774
4 12 63 -2.5012365784020134
4 13 35 -0.3830551884665616
4 13 51 -2.7783927675238536
4 13 101 -1.3622402741732997
4 14 13 -0.26561999058309543
4 14 79 -1.455560571104457
4 15 112 -0.7921990062907841
4 15 53 -1.7978811328193853
4 15 85 -2.272876530093354
4 15 55 -1.680924100240473
4 15 9 -2.3828698069057044
4 16 36 -1.6727666578817024
4 16 59 -0.20791875174863364
4 17 39 -3.0912451457466186
4 17 57 -0.24320799859642506
4 17 127 -1.7693352017841053
4 18 33 -0.6367916607346428
4 18 21 -1.8274257437130954
4 18 103 -1.1705829007602824
4 19 31 0.0
4 20 75 0.0
4 21 17 -0.7705837310337478
4 21 115 -1.207070700639036
4 21 25 -1.434707349669726
4 22 89 -1.7105096445887935
4 22 61 -0.19939484605136443
4 23 7 -0.6975429013031984
4 23 27 -0.6887706976442682
4 24 105 0.0
4 25 3 -2.2695045138771652
4 25 67 -0.12569001854643003
4 25 109 -4.216617687500261
4 26 123 -1.0118248781309858
4 26 77 -1.1097648516314806
4 26 125 -1.1815311650611167
5 0 80 -1.4727639098405676
5 0 120 -1.0492476948635845
5 0 46 -0.8662917210785092
5 1 98 -1.822813964607629
5 1 114 -1.4441544349641555
5 1 52 -1.0120882865008338
5 1 69 -1.4311876998318582
5 2 82 0.0
5 3 64 -0.16663527268640893
5 3 18 -3.8332457109005773
5 3 4 -2.028556787823805
5 3 10 -8.024845664136391
5 4 118 -1.8964532132003318
5 4 87 -0.16263664125386196
5 6 72 0.0
5 7 0 -7.600548065609602
5 7 92 -5.003023587252356E-4
5 8 42 0.0
5 9 71 0.0
5 10 90 -1.5544597413596173
5 10 45 -1.853617625321697
5 10 95 -0.4588229730565813
5 11 41 0.0
5 12 16 -3.527889838845879
5 12 96 -2.5660218248110582
5 12 49 -1.5863810999262287
5 12 117 -2.6093931226691023
5 12 54 -2.944918625551114
5 12 23 -1.9326516135088811
5 12 29 -1.54938662366578
5 12 15 -1.883069903210815
5 12 63 -2.924758051912218
5 13 35 -0.3835576229384259
5 13 51 -2.809322669921007
5 13 101 -1.353550715935611
5 14 13 -0.0010787766757082062
5 14 79 -6.83246692736966
5 15 112 -0.8130270671415126
5 15 85 -1.5091728889777436
5 15 9 -1.09245008719699
5 16 59 0.0
5 17 39 -1.9003460913516206
5 17 57 -0.37515283210235073
5 17 127 -1.8121730807772627
5 18 33 -1.6176990995342757
5 18 21 -7.031633622376741
5 18 103 -0.2221915744166971
5 19 107 -1.7173294508375023
5 19 31 -1.3403246606046564
5 19 111 -0.5821527592645633
5 20 75 0.0
5 21 25 0.0
5 22 89 -2.1193765173241825
5 22 61 -0.12795438961321126
5 23 7 -0.6961152771455981
5 23 27 -0.690187867507688
5 24 37 -0.004076174666283914
5 24 105 -5.504633707197204
5 25 3 -1.6192089717219673
5 25 67 -0.39956784121360955
5 25 109 -2.0300047128860816
5 26 123 -1.5684684792307608
5 26 77 -0.8966217441824781
5 26 125 -0.9579191209084357
6 0 120 0.0
6 1 98 -1.2373875453413263
6 1 69 -0.3426892152904732
6 2 82 0.0
6 3 64 -1.278367118230948
6 3 18 -1.426491058578242
6 3 4 -0.8662670889819635
6 3 10 -2.799510643411398
6 4 118 -2.2453323070697895
6 4 87 -0.11192909243535287
6 5 70 0.0
6 7 0 -0.6369488126492103
6 7 92 -0.7526928512668933
6 8 42 0.0
6 9 73 -0.40982551488479596
6 9 47 -1.0899481033467002
6 10 81 -0.5508519107265123
6 10 45 -1.9609176264510688
6 10 95 -1.26297197512312
6 11 41 -0.01151258947627343
6 11 91 -4.4700648775893885
6 12 96 -2.1629990840487294
6 12 49 -1.584313774071238
6 12 117 -2.425460959421211
6 12 23 -1.9135748962085721
6 12 29 -1.8824410184911682
6 12 15 -1.5086065944579534
6 12 63 -2.6520524886610235
6 13 35 -0.3828879505318333
6 13 51 -2.5464729602307328
6 13 101 -1.4281454254560422
6 14 13 -0.6393019674210765
6 14 79 -0.7500575259773457
6 15 112 -0.7510026512243186
6 15 53 -1.8009119181772422
6 15 85 -1.9623924851692227
6 15 55 -2.0394903931093387
6 15 9 -2.382258395038787
6 16 36 -1.1972644284358676
6 16 59 -0.3595637958462426
6 17 39 -2.0181769485386876
6 17 57 -0.36107029432667787
6 17 127 -1.7709428263039169
6 18 33 -0.860784462288118
6 18 21 -1.5200540954306887
6 18 103 -1.0259111796998723
6 19 107 -2.4661030605870686
6 19 31 -0.608076068021782
6 19 111 -0.9923955376278718
6 20 75 0.0
6 21 17 -0.8229949056917093
6 21 115 -1.1839402058605137
6 21 25 -1.367217313674995
6 22 89 -1.4640988705893248
6 22 61 -0.2630367019547512
6 23 7 -0.7369185376734164
6 23 27 -0.6512116780953631
6 24 105 0.0
6 25 3 -1.320451862946337
6 25 67 -0.45396687694728716
6 25 109 -2.323996593486869
6 26 123 -1.0006797972086607
6 26 77 -1.111135002664969
6 26 125 -1.1934106663013055
7 0 80 0.0
7 1 98 -1.7671202131212331
7 1 114 -1.675444516655922
7 1 52 -0.7912295181218051
7 1 69 -1.667789122113053
7 2 82 0.0
7 3 64 -1.294645758335684
7 3 18 -1.5155649451343751
7 3 4 -1.1054443349757221
7 3 10 -1.7415000664154534
7 4 87 0.0
7 5 70 0.0
7 6 72 -0.5732379948759113
7 6 88 -2.413569997446817
7 6 121 -1.1897934950650009
7 6 44 -3.1576996209638084
7 8 110 0.0
7 9 119 -7.7738447235380095
7 9 106 -6.563799850260305
7 9 43 -7.615261823881358
7 9 93 -0.002732795580329004
7 9 94 -8.352117901935717
7 9 47 -8.684499831067933
7 10 1 0.0
7 11 41 -9.87176631565064E-4
7 11 91 -6.921155124233545
7 12 16 -2.339961011386462
7 12 96 -1.8371124297200474
7 12 49 -2.752486863242374
7 12 117 -1.9925428055583183
7 12 54 -2.3517203003096667
7 12 23 -2.597225840199379
7 12 29 -1.8970949223289824
7 12 15 -1.9462744812724717
7 12 63 -2.503715842736923
7 13 35 -0.3897007332417277
7 13 51 -3.0330259481541586
7 13 101 -1.292546069230823
7 14 13 -0.6774971823051078
7 14 79 -0.7090460004779335
7 15 112 -0.7098309876520222
7 15 85 -1.8268577661416794
7 15 9 -1.0574100282650467
7 16 36 -0.1880913477458173
7 16 59 -1.7633995519876684
7 17 39 -1.6254626763742646
7 17 57 -0.2818181081223743
7 17 127 -3.020670321151892
7 18 33 -1.660106271378534
7 18 21 -1.5152241269669184
7 18 103 -0.5274254758855415
7 19 31 0.0
7 20 75 0.0
7 21 25 0.0
7 22 61 0.0
7 23 7 -0.6952552598346493
7 23 27 -0.6910435359365121
7 24 105 0.0
7 25 3 -2.56061173485276
7 25 67 -0.23616461764897062
7 25 109 -2.016715695167698
7 26 123 -1.5480205307217367
7 26 77 -2.2157625121986726
7 26 125 -0.38822287841778674
8 0 80 -0.7029577392027261
8 0 46 -0.6834319346637915
8 1 98 -1.7731872295325588
8 1 114 -1.6596933458612695
8 1 52 -0.8168273023063092
8 1 69 -1.6185769904870826
8 2 82 0.0
8 3 64 -1.1954973221461214
8 3 18 -1.542649822536419
8 3 4 -1.1963167113921849
8 3 10 -1.7074525556917322
8 4 118 -1.9010160224406427
8 4 87 -0.16183296638064687
8 5 70 0.0
8 6 72 -0.9043413391260636
8 6 88 -2.2129047612198405
8 6 121 -0.910659654714253
8 6 44 -2.4823060749559667
8 7 0 -0.020508808122638462
8 7 92 -3.8971376992538307
8 9 106 -1.8054256741620054
8 9 43 -0.5268433097506003
8 9 94 -1.4059682610111757
8 10 30 0.0
8 11 41 -0.054993218081813934
8 11 91 -2.927916010587752
8 12 16 -2.335920352017413
8 12 96 -1.7355561626290494
8 12 49 -2.027992957158915
8 12 117 -1.9901977904335177
8 12 54 -2.3476447448733713
8 12 23 -2.3299700929912537
8 12 29 -2.0702357677449466
8 12 15 -2.855857914433231
8 12 63 -2.499166058073792
8 13 35 -0.44633143404273756
8 13 51 -2.681442073244819
8 13 101 -1.2324956775606297
8 14 13 -3.2095855535357383
8 14 79 -0.04121096848804463
8 15 112 -0.7094859682877886
8 15 85 -1.8261809692187512
8 15 9 -1.058212501381842
8 16 36 -0.11310525750286754
8 16 59 -2.2354560637656626
8 17 39 -1.6285582942871482
8 17 57 -0.3424160000186554
8 17 127 -2.3672837542249088
8 18 33 -4.453728801049266
8 18 21 -1.4463659417451293
8 18 103 -0.2837689148252841
8 19 111 0.0
8 20 75 0.0
8 21 25 0.0
8 22 61 0.0
8 23 7 -0.6958759994806488
8 23 27 -0.6904257878318047
8 24 105 0.0
8 25 3 -2.5148763077553857
8 25 67 -0.24283168052124046
8 25 109 -2.0045303630013347
8 26 123 -1.5469614131023581
8 26 77 -2.2216337353926234
8 26 125 -0.387613947981567
9 0 80 -1.472292971718465
9 0 120 -1.0492357809459119
9 0 46 -0.8665585281156559
9 1 98 -1.822983159223037
9 1 114 -1.4444867471437168
9 1 52 -1.0118646082783878
9 1 69 -1.431085531247976
9 2 82 0.0
9 3 64 -0.15171569728495027
9 3 18 -4.5763495947815125
9 3 4 -2.0376412482972084
9 3 10 -8.878921735796123
9 4 118 -1.8956494027299793
9 4 87 -0.16277866863743282
9 5 70 0.0
9 6 72 0.0
9 7 0 -8.170761362773561
9 7 92 -2.8284261527208485E-4
9 8 42 0.0
9 10 90 -1.5544582169665373
9 10 45 -1.8536070283517505
9 10 95 -0.4588261095396335
9 11 41 0.0
9 12 16 -3.530478442147331
9 12 96 -2.573925965903539
9 12 49 -1.5860453946244681
9 12 117 -2.604255467967826
9 12 54 -2.941291692835698
9 12 23 -1.9323841476337693
9 12 29 -1.5475990087172689
9 12 15 -1.8826419479150578
9 12 63 -2.933022834662293
9 13 35 -0.38307114965916894
9 13 51 -2.8200347285825154
9 13 101 -1.3523500938455366
9 14 13 -4.061903218507503E-4
9 14 79 -7.808891823457191
9 15 112 -0.8137885296119666
9 15 85 -1.5094018142585353
9 15 9 -1.0912933161371368
9 16 59 0.0
9 17 39 -1.8971689944376877
9 17 57 -0.3766384088783999
9 17 127 -1.8088453368128607
9 18 33 -1.6086138970856412
9 18 21 -8.049580234461612
9 18 103 -0.22374886809027963
9 19 107 -1.7178056891704856
9 19 31 -1.340104926970808
9 19 111 -0.5821027118496728
9 20 75 0.0
9 21 25 0.0
9 22 89 -2.1196969825185494
9 22 61 -0.1279106537056303
9 23 7 -0.6950267047213697
9 23 27 -0.6912711823834561
9 24 37 -0.004276499635323785
9 24 105 -5.45675793401697
9 25 3 -1.6148311304337397
9 25 67 -0.40193535261569985
9 25 109 -2.024561424133741
9 26 123 -1.5685202835658525
9 26 77 -0.8945659312184643
9 26 125 -0.9600813446645419
10 0 80 0.0
10 1 98 -1.730768282229962
10 1 114 -1.6507931832974323
10 1 52 -0.7902964983521391
10 1 69 -1.7302287942840306
10 2 82 0.0
10 3 64 -1.3113727825255908
10 3 18 -1.4293705756871862
10 3 4 -1.1752772723221216
10 3 10 -1.7017882474181927
10 4 87 0.0
10 5 70 0.0
10 6 72 -0.9053579073874498
10 6 88 -2.2095020106288006
10 6 121 -0.9108963143283286
10 6 44 -2.4807076197162585
10 7 0 -2.26188580609906E-4
10 7 92 -8.394254571313795
10 8 110 0.0
10 9 119 -2.427405208849394
10 9 106 -1.6870947503478624
10 9 43 -1.0501293674527656
10 9 94 -1.2984579434485175
10 9 47 -2.2649695453795893
10 11 41 -0.05517407630937351
10 11 91 -2.924722268680559
10 12 16 -2.333651248501375
10 12 96 -1.5319084400849015
10 12 49 -2.742348162459091
10 12 117 -1.6746374610847676
10 12 54 -2.345114299333563
10 12 23 -2.7162529859138336
10 12 29 -2.1117424516583463
10 12 15 -2.6616453546426335
10 12 63 -2.4971094306831847
10 13 35 -0.48471212299467237
10 13 51 -2.7742506716366253
10 13 101 -1.1340447135900196
10 14 13 -7.229762930437008
10 14 79 -7.2495536200424E-4
10 15 112 -0.7094528852398192
10 15 85 -1.840696403001448
10 15 9 -1.0515954688927893
10 16 36 -0.005062363486689043
10 16 59 -5.288451926435389
10 17 39 -1.6142246529002475
10 17 57 -0.2913021997206249
10 17 127 -2.924989650143609
10 18 33 -7.692910889256723
10 18 21 -1.4167728075203547
10 18 103 -0.2783278048039828
10 19 31 0.0
10 20 75 0.0
10 21 25 0.0
10 22 61 0.0
10 23 7 -0.6959282046352347
10 23 27 -0.6903738691354528
10 24 105 0.0
10 25 3 -2.713708278873935
10 25 67 -0.22613605283417862
10 25 109 -1.9943661322933788
10 26 123 -1.5454886947961264
10 26 77 -2.2285389368307342
10 26 125 -0.3869770254481933
11 0 80 -1.2982420656313771
11 0 120 -1.0473938000882959
11 0 46 -0.9777998561535135
11 1 98 -1.8761736265887496
11 1 114 -1.5540357885605631
11 1 52 -0.9243999413038436
11 1 69 -1.432705427195715
11 2 82 0.0
11 3 64 0.0
11 4 118 -1.8990634150274557
11 4 87 -0.16217636296204083
11 5 5 -1.938458514972309
11 5 70 -0.15539803521794865
11 6 72 0.0
11 7 0 -6.921172531885806
11 7 92 -9.871594388023983E-4
11 8 42 0.0
11 9 19 -5.030243039353194
11 9 40 -0.006558682790599502
11 10 90 -1.8507952417826898
11 10 11 -1.4439070078723142
11 10 45 -2.230045686680307
11 10 95 -0.6944271556066421
11 12 16 -3.6682049689942393
11 12 96 -2.0918410050873364
11 12 49 -1.5879313205643915
11 12 117 -2.1349534760883615
11 12 54 -3.091365757937184
11 12 23 -1.9338806380703168
11 12 29 -1.9231390950478946
11 12 15 -1.8847141964618663
11 12 63 -3.209561326806104
11 13 35 -0.5966690406184989
11 13 51 -2.5588583928221165
11 13 101 -0.9889576547177277
11 14 13 -0.0019640815657262565
11 14 79 -6.233712419550594
11 15 112 -0.7091007977911777
11 15 85 -1.7649301991134745
11 15 9 -1.0885190563130256
11 16 59 0.0
11 17 39 -1.6195125450322674
11 17 57 -0.4438927034186787
11 17 127 -1.8296447854471243
11 18 33 -1.6649000975424406
11 18 21 -6.503199662246224
11 18 103 -0.21159572970454782
11 19 107 -1.837101405875719
11 19 31 -1.075461524661828
11 19 111 -0.6939849624081
11 20 75 0.0
11 21 25 0.0
11 22 89 -2.9471494862325245
11 22 61 -0.05391685274516096
11 23 7 -0.6952373581293109
11 23 27 -0.6910613627218231
11 24 37 -0.005604530633402048
11 24 105 -5.186980923195134
11 25 3 -2.112216810528042
11 25 67 -0.29512773472164516
11 25 109 -2.0054923911008085
11 26 123 -1.5672144647869901
11 26 77 -1.1091460960297463
11 26 125 -0.773199555781178
12 0 48 -0.3457501799136891
12 0 126 -1.2299378645255394
12 1 100 -0.3204842490841967
12 1 69 -3.3048972747324004
12 1 62 -1.4375896224992248
12 2 82 -1.0335631161589534
12 2 124 -0.4396485101350654
12 3 64 -1.4692171730483938
12 3 18 -1.4044286582414804
12 3 4 -1.0566403726195963
12 3 10 -1.7329316380752267
12 4 22 -1.1552348010330467
12 4 87 -0.3783124552446469
12 5 70 0.0
12 6 2 -1.8197084768945375
12 6 50 -1.6741133989413304
12 6 121 -1.2373023769094185
12 6 14 -1.020854992975056
12 7 0 -0.23174145107690255
12 7 92 -1.5757670190539577
12 8 42 -1.35074452720106
12 8 110 -0.29981851679614663
12 9 119 -2.3366714979977323
12 9 73 -1.0503369844437724
12 9 106 -2.208126790971727
12 9 28 -1.8449867561475535
12 9 94 -1.4026111543660096
12 9 47 -3.227823052526404
12 10 81 -1.551131248224203
12 10 99 -2.0952349948081963
12 10 116 -1.754580265370748
12 10 38 -2.366356312047966
12 10 24 -1.506390291099638
12 10 108 -1.8230455210176362
12 10 45 -4.205925308072189
12 11 41 -0.05529670724063784
12 11 91 -2.9225628674191686
12 13 35 0.0
12 14 13 -1.5448752691755518
12 14 79 -0.23995721132301662
12 15 112 -0.6952132629551883
12 15 53 -1.579753528559465
12 15 85 -5.611868729178825
12 15 55 -1.4070703342954816
12 15 9 -3.0684690231135283
12 16 36 -0.35488592485260245
12 16 59 -1.2081596711493168
12 17 57 0.0
12 18 33 -1.5328432057521628
12 18 21 -0.8038812877758397
12 18 103 -1.0891846352127224
12 19 31 0.0
12 20 75 0.0
12 21 17 -1.0403184296940158
12 21 115 -0.435937948794607
12 22 97 -2.0667467984250347
12 22 89 -4.050558212638876
12 22 61 -0.15549612943316277
12 23 7 -0.6941777322510737
12 23 27 -0.6921176898123417
12 24 105 0.0
12 25 67 0.0
12 26 123 -0.5173671120974408
12 26 77 -0.9065580394945906
13 0 48 -0.715899636309095
13 0 68 -1.065311004078184
13 0 126 -1.7919967436688737
13 1 100 -0.0688096736076308
13 1 62 -2.7106185016193813
13 2 82 -1.0337951619071641
13 2 124 -0.43952040646434387
13 3 64 -1.412280531269225
13 3 18 -1.4107732448494474
13 3 4 -1.106967946330738
13 3 10 -1.7043060696769197
13 4 22 -1.070290257402012
13 4 87 -0.41993271774387336
13 5 70 0.0
13 6 2 -1.807454409873325
13 6 50 -1.7191027826054206
13 6 84 -2.461874186713567
13 6 121 -0.8698250697869996
13 6 14 -1.8812333020466667
13 7 0 -0.18463877899633183
13 7 92 -1.7802532231245045
13 8 42 -1.4876514802629668
13 8 110 -0.256057534351335
13 9 119 -2.29178749904489
13 9 73 -1.3123804507545356
13 9 106 -2.2058205579823063
13 9 28 -1.9666665906256935
13 9 94 -1.4736098142558722
13 9 47 -1.8934183377763936
13 10 81 -1.5523393574321553
13 10 99 -2.0702825668082476
13 10 116 -1.8397785640610762
13 10 38 -3.0522475834651446
13 10 8 -2.2788982009344454
13 10 24 -1.4295240126617053
13 10 108 -2.3098625190666433
13 10 45 -4.2065337832982825
13 11 41 -0.05184009685908925
13 11 91 -2.985399434634752
13 12 34 0.0
13 14 13 -1.76027958669947
13 14 79 -0.1887382225405418
13 15 112 -0.5284645364556187
13 15 53 -1.2982314270171957
13 15 55 -1.9843034293270163
13 16 36 -0.2532958500580772
13 16 59 -1.4971731756585274
13 17 57 0.0
13 18 33 -2.087945744730641
13 18 21 -0.7079237601504214
13 18 103 -0.9586960392686573
13 19 31 0.0
13 20 75 0.0
13 21 17 -1.4375013577589784
13 21 115 -0.27117965164829466
13 22 97 -2.093484313554764
13 22 89 -4.048673616413072
13 22 61 -0.15163999057996477
13 23 7 -0.6946715298012224
13 23 27 -0.6916251514230769
13 24 105 0.0
13 25 67 0.0
13 26 123 -0.29387210615828896
13 26 77 -1.3679508912581135
14 0 80 -0.8624141175459958
14 0 46 -0.5484266850323746
14 1 98 -1.7742495691285531
14 1 114 -1.6760037777539727
14 1 52 -0.8019903736741952
14 1 69 -1.6356097357015478
14 2 82 0.0
14 3 64 -0.8497074675629473
14 3 18 -1.66060834468449
14 3 4 -1.25617446384055
14 3 10 -2.3259004118548163
14 4 118 -1.2431984842373252
14 4 87 -0.3403237923936465
14 5 70 0.0
14 6 72 -0.9024147000403236
14 6 88 -2.8505204456753415
14 6 121 -0.7051795007455385
14 6 44 -3.156446093500218
14 7 0 -0.5948087122139576
14 7 92 -0.8022214350431189
14 8 42 -2.5918865189398357
14 8 110 -0.07783035739510315
14 9 12 0.0
14 10 78 -3.4107094686071463E-4
14 10 95 -7.983590577637816
14 11 41 -0.0015946963765359448
14 11 91 -6.441869162632179
14 12 16 -2.341232060876532
14 12 96 -1.7931211747314468
14 12 49 -2.912383611698509
14 12 117 -1.939319499712013
14 12 54 -2.3531261144368525
14 12 23 -2.3875403592501954
14 12 29 -1.6723071204432165
14 12 15 -2.4919547572444225
14 12 63 -2.504515896084959
14 13 35 -0.38906498955689856
14 13 51 -3.040916438052632
14 13 101 -1.292735887958749
14 15 112 -0.709817760754869
14 15 85 -1.828376617269099
14 15 9 -1.0567258846266991
14 16 36 -0.36277070820068147
14 16 59 -1.189892216227336
14 17 39 -1.6361500007154641
14 17 57 -0.2735931773467222
14 17 127 -3.1093436966718695
14 18 33 -1.6333935109503255
14 18 21 -1.5393156719496126
14 18 103 -0.5272830921803237
14 19 107 -4.594932638116105
14 19 31 -0.010154281971391416
14 20 75 0.0
14 21 25 0.0
14 22 61 0.0
14 23 7 -0.6940978373266299
14 23 27 -0.692197426683278
14 24 105 0.0
14 25 3 -3.178264319738673
14 25 67 -0.19105685097457675
14 25 109 -2.0230122131627617
14 26 123 -1.6946628305115774
14 26 77 -1.9561662696799316
14 26 125 -0.3931323908081579
15 0 80 -0.47709140383804477
15 0 68 -0.9691268019830185
15 1 114 -0.4745694468972961
15 1 52 -0.9732655795917438
15 2 82 -1.3765853894378681
15 2 124 -0.29093945752584155
15 3 64 -1.5681207283739633
15 3 18 -1.3071739884979703
15 3 4 -0.944616098119482
15 3 10 -2.0238099735965567
15 4 22 -0.9270186122361856
15 4 87 -0.5037371121480152
15 5 70 0.0
15 6 50 -2.5465217667746196
15 6 84 -2.5406847272351305
15 6 72 -1.948572896387963
15 6 88 -3.6892756693765456
15 6 121 -0.7376317517354396
15 6 44 -3.10396848508889
15 6 14 -1.882227777645634
15 7 0 -0.24807614399766806
15 7 92 -1.515494692923992
15 8 110 0.0
15 9 119 -1.9779998951971116
15 9 106 -2.1969044449554938
15 9 43 -1.6828996083302687
15 9 28 -1.7462364611054413
15 9 94 -1.4838793678863074
15 9 47 -1.8110168501014212
15 10 99 -1.7644585157814676
15 10 8 -1.0887304901708301
15 10 24 -0.7091202767897413
15 11 41 -0.049035557903830775
15 11 91 -3.039627166582218
15 12 16 -1.2292287995492979
15 12 96 -4.177034087310201
15 12 49 -4.43979468651815
15 12 117 -4.5710446746031606
15 12 54 -1.1058971262088524
15 12 76 -1.7908765147127403
15 12 63 -1.7587230509119351
15 13 35 -0.8174913332066306
15 13 101 -0.5825685908738295
15 14 13 -1.2853425029893364
15 14 79 -0.32373192483927254
15 16 36 -0.5133531118087212
15 16 59 -0.9125114374612294
15 17 39 -2.6049828983150833
15 17 57 -0.19659700076141973
15 17 127 -2.2578607094176597
15 18 33 -1.3244788234327542
15 18 21 -0.905979025364383
15 18 103 -1.1089279555261948
15 19 31 0.0
15 20 75 0.0
15 21 113 0.0
15 22 61 0.0
15 23 7 -0.6946098006828004
15 23 27 -0.6916866965707421
15 24 105 0.0
15 25 3 -4.095807584464776
15 25 67 -0.07048633100248297
15 25 109 -2.9677821222006218
15 26 123 0.0
16 0 80 -1.188406972582343
16 0 120 -1.2785624911839697
16 0 46 -0.8750133659403642
16 1 98 -1.775007580914971
16 1 114 -1.6827091802764964
16 1 52 -0.8007704099690869
16 1 69 -1.6313504135890173
16 2 82 0.0
16 3 58 0.0
16 4 118 -2.0744878969109077
16 4 87 -0.1342410635744698
16 5 5 -2.308882947214081
16 5 70 -0.10466319614131246
16 6 72 -0.043591088474940684
16 6 44 -3.154618913494502
16 7 0 -1.4844043687839066
16 7 92 -0.2570071201697793
16 8 42 0.0
16 9 32 -3.193723773512828
16 9 19 -3.589012643972548
16 9 40 -0.07111415686761302
16 10 20 -1.5598631462812464
16 10 104 -0.2669215532370197
16 10 90 -6.311283381892822
16 10 11 -3.9159076096185452
16 10 95 -6.047455000783982
16 11 65 0.0
16 12 16 -2.3394950962481706
16 12 96 -2.083282564292813
16 12 49 -2.5396665454306406
16 12 117 -1.9913765814138236
16 12 54 -2.350945495692406
16 12 23 -2.1938677164462517
16 12 29 -1.8785104542037632
16 12 15 -2.1018382522031
16 12 63 -2.502378581576587
16 13 35 -0.3854288729118351
16 13 51 -3.1018315963540615
16 13 101 -1.2914411507470407
16 14 13 -0.35180232953805834
16 14 79 -1.2154354279773514
16 15 112 -0.7094579253304301
16 15 85 -1.8242238358263585
16 15 9 -1.0591616066806486
16 17 39 -1.6292410772849757
16 17 57 -0.28089229549799477
16 17 127 -3.019778803394801
16 18 103 0.0
16 19 107 -4.479193406949751
16 19 31 -0.10573028936494248
16 19 111 -2.4192292915254976
16 20 75 0.0
16 21 25 0.0
16 22 89 -6.073995783817486
16 22 61 -0.002304610263322317
16 23 7 -0.6941077424544527
16 23 27 -0.692187540459222
16 24 37 0.0
16 25 3 -2.5982635889658376
16 25 67 -0.23492944829861226
16 25 109 -2.002697467981425
16 26 123 -1.6317647140982054
16 26 77 -2.014940669363388
16 26 125 -0.3988556481917811
17 0 48 -0.5393453719996932
17 0 126 -0.8749805219645275
17 1 100 -0.22455511611266363
17 1 69 -3.303616136321349
17 1 62 -1.8055840610105873
17 2 82 -1.0330960429546732
17 2 124 -0.4399065035170363
17 3 64 -1.354563826757841
17 3 18 -1.4062442921609384
17 3 4 -1.152348023496059
17 3 10 -1.7093463050788336
17 4 22 -1.9043831976781007
17 4 87 -0.16124264440079522
17 5 70 0.0
17 6 2 -0.937485921283238
17 6 50 -2.514559534611274
17 6 121 -0.9862354308369077
17 6 14 -1.867482421067447
17 7 0 -0.179577604541717
17 7 92 -1.8055933188794282
17 8 42 -2.0017650246585936
17 8 110 -0.1451374821119878
17 9 119 -2.4387773036308302
17 9 73 -1.024431588283248
17 9 106 -2.2063270466353573
17 9 28 -1.9229168423801952
17 9 94 -1.6481820838216137
17 9 47 -2.253333918198145
17 10 81 -1.7464009366088549
17 10 99 -2.1187545546088167
17 10 116 -1.9933109781125922
17 10 38 -1.6197650156334804
17 10 24 -1.5127839951829891
17 10 108 -1.994205230830923
17 10 45 -4.2123251574246865
17 11 41 -0.04048399481534992
17 11 91 -3.227022281319312
17 12 56 0.0
17 13 35 0.0
17 14 13 -1.728346954422686
17 14 79 -0.1955012829137332
17 15 112 -0.5651666685770188
17 15 53 -1.6576599969907653
17 15 85 -5.590778720957881
17 15 55 -1.7034457364835631
17 15 9 -2.893845624717698
17 16 36 -0.2601486869435154
17 16 59 -1.4737579815460802
17 18 33 -2.068922439203528
17 18 21 -0.8729010554347842
17 18 103 -0.7853934795652145
17 19 31 0.0
17 20 75 0.0
17 21 17 -1.4234318277589377
17 21 115 -0.27560320693089
17 22 97 -2.0503552993529746
17 22 89 -4.079967781656098
17 22 61 -0.15735251335246467
17 23 7 -0.6940139615432529
17 23 27 -0.6922811502353013
17 24 105 0.0
17 25 67 0.0
17 26 123 -0.4948800878877872
17 26 77 -0.9406961526564319
18 0 80 -1.1884634077329805
18 0 120 -1.2789196808511272
18 0 46 -0.8747336137562584
18 1 98 -1.7752952546449663
18 1 114 -1.6796214673388972
18 1 52 -0.8021259423083265
18 1 69 -1.6309306631553473
18 2 82 0.0
18 3 58 0.0
18 4 118 -1.9970650027897952
18 4 87 -0.14587361736865118
18 5 5 -2.3737482213469834
18 5 70 -0.09775726671507895
18 6 72 -0.04359609149323082
18 6 44 -3.1545066318306128
18 7 0 -1.0966193440907488
18 7 92 -0.4064630718140016
18 8 42 0.0
18 9 32 -1.5923648818530762
18 9 19 -3.2289581564903664
18 9 40 -0.2784483739461768
18 10 20 -1.413859290675534
18 10 104 -0.3092603002403205
18 10 90 -6.253862374339173
18 10 11 -3.963786523609216
18 10 95 -6.269405823655839
18 11 65 0.0
18 12 16 -2.341734678939019
18 12 96 -2.0748348484764545
18 12 49 -2.5761474848091215
18 12 117 -1.9930539245452359
18 12 54 -2.353180492153456
18 12 23 -2.1581750579605417
18 12 29 -1.8848350212907654
18 12 15 -2.1056082574615576
18 12 63 -2.504832671842965
18 13 35 -0.38773846749172314
18 13 51 -3.0837648203696455
18 13 101 -1.2887189197036293
18 14 13 -0.55989792600797
18 14 79 -0.8469218000729563
18 15 112 -0.7095309720731982
18 15 85 -1.8209593379580589
18 15 9 -1.0605804581711418
18 16 102 0.0
18 17 39 -1.6344192758672356
18 17 57 -0.27925643539346845
18 17 127 -3.024369270213543
18 19 107 -4.479667390677031
18 19 31 -0.11279892444360613
18 19 111 -2.35038399797614
18 20 75 0.0
18 21 25 0.0
18 22 89 -5.301185606527735
18 22 61 -0.004998149311492166
18 23 7 -0.6938800969105098
18 23 27 -0.6924148009823721
18 24 37 0.0
18 25 3 -2.6257617105962776
18 25 67 -0.23043769050959953
18 25 109 -2.014182170619904
18 26 123 -1.7911363109958829
18 26 77 -1.8076177076547675
18 26 125 -0.40169477321631797
19 0 80 0.0
19 1 98 -1.7664067593528539
19 1 114 -1.6435936320386413
19 1 52 -0.7896198647910928
19 1 69 -1.7051104423614691
19 2 82 0.0
19 3 64 -1.207742642138204
19 3 18 -1.530459505866215
19 3 4 -1.1933831179735266
19 3 10 -1.706505989782271
19 4 118 -0.662967126205624
19 4 87 -0.7242664908993908
19 5 70 0.0
19 6 72 -0.9041431547517617
19 6 88 -2.2128462448859505
19 6 121 -0.9108598410242594
19 6 44 -2.482379289328378
19 7 0 -0.009809216151682234
19 7 92 -4.629333510468164
19 8 110 0.0
19 9 106 -1.8071921872016214
19 9 43 -0.5667999528801179
19 9 94 -1.407746052644416
19 9 47 -3.735825495663254
19 10 30 0.0
19 11 41 -0.040356268471713565
19 11 91 -3.2301188195132435
19 12 16 -2.337904613600247
19 12 96 -1.9318283064733837
19 12 49 -2.885244911748832
19 12 117 -1.9922998187750536
19 12 54 -2.3494643258977344
19 12 23 -1.9364243143788247
19 12 29 -1.9264722104041883
19 12 15 -2.3117340458306717
19 12 63 -2.5013371413943846
19 13 35 -0.3859405523049788
19 13 51 -2.9558482163864053
19 13 101 -1.3161917594941168
19 14 13 -3.913743808011417
19 14 79 -0.02016761971163943
19 15 112 -0.7095380138764669
19 15 85 -1.8262315895272057
19 15 9 -1.058115260883852
19 16 36 -0.10053297935183513
19 16 59 -2.3471148577000176
19 17 39 -1.617137972802557
19 17 57 -0.3004690671541865
19 17 127 -2.7958444199480987
19 18 33 -4.455532222851294
19 18 21 -1.4435690302987785
19 18 103 -0.2846171746527376
19 20 75 0.0
19 21 25 0.0
19 22 61 0.0
19 23 7 -0.6960649187467217
19 23 27 -0.690237930808269
19 24 105 0.0
19 25 3 -2.554927885367228
19 25 67 -0.23911356969831363
19 25 109 -2.002653078368016
19 26 123 -1.5470842575561474
19 26 77 -2.2229459866275127
19 26 125 -0.38736592501079353
20 0 120 0.0
20 1 98 -1.2373119603174978
20 1 69 -0.34272011086877124
20 2 82 0.0
20 3 64 -1.2148711797709475
20 3 18 -1.4283882528186866
20 3 4 -0.9075282368959027
20 3 10 -2.8128038498753156
20 4 118 -2.2539719361452186
20 4 87 -0.11091079653866642
20 5 70 0.0
20 6 74 0.0
20 7 0 -0.6851627841093152
20 7 92 -0.7011958410509853
20 8 42 0.0
20 9 73 -0.40942061030540505
20 9 47 -1.090747915074481
20 10 81 -0.5050103678382458
20 10 45 -2.0263463954918093
20 10 95 -1.3292169749083085
20 11 41 -0.013210448887218229
20 11 91 -4.333345133116733
20 12 96 -2.091724491440761
20 12 49 -1.5837122730106532
20 12 117 -2.3154983884987046
20 12 23 -1.9131809625251108
20 12 29 -1.8958069140411018
20 12 15 -1.5805681601566839
20 12 63 -2.674637174134785
20 13 35 -0.3854017615802639
20 13 51 -2.546407876453582
20 13 101 -1.421051291814995
20 14 13 -0.6463546104046777
20 14 79 -0.7422372405270329
20 15 112 -0.7157807397178435
20 15 53 -1.8395171876327878
20 15 85 -2.036933838203391
20 15 55 -2.0417785990218653
20 15 9 -2.38520733876629
20 16 36 -1.2260449102656545
20 16 59 -0.34736259618411575
20 17 39 -2.3442212594278278
20 17 57 -0.3042687937814867
20 17 127 -1.7932671972589578
20 18 33 -0.8835551526045523
20 18 21 -1.5656956515205631
20 18 103 -0.9735320084671915
20 19 107 -2.471658614874792
20 19 31 -0.6061879065949403
20 19 111 -0.9939031665640178
20 21 17 -0.8583360602137812
20 21 115 -1.1783039162012738
20 21 25 -1.3155270392525114
20 22 89 -1.720013991925409
20 22 61 -0.1973096907424839
20 23 7 -0.13592232218944922
20 23 27 -2.0628632097967006
20 24 105 0.0
20 25 3 -1.3862347494496452
20 25 67 -0.4260640325614976
20 25 109 -2.3339666443567406
20 26 123 -1.0036025423338
20 26 77 -1.1140031752722506
20 26 125 -1.186784179461566
21 0 80 -0.4786454683446801
21 0 68 -0.9665901030323255
21 1 114 -0.4734262078728396
21 1 52 -0.9751508585176235
21 2 82 -1.3796374151949322
21 2 124 -0.28991093874264684
21 3 64 -1.5527809305678082
21 3 18 -1.2972762094720158
21 3 4 -0.9661220399156256
21 3 10 -2.006114000773877
21 4 22 -0.991298994117587
21 4 87 -0.4637739992623035
21 5 70 0.0
21 6 50 -2.546126959817358
21 6 84 -2.5237045823715274
21 6 72 -1.9464352240755285
21 6 88 -3.687683124131785
21 6 121 -0.741354221442756
21 6 44 -3.103590404848962
21 6 14 -1.8820003001815264
21 7 0 -0.2499228552298262
21 7 92 -1.5089632090258134
21 8 110 0.0
21 9 119 -1.979935535324248
21 9 106 -2.196919249111462
21 9 43 -1.6829157522363858
21 9 28 -1.7226198301975375
21 9 94 -1.5011742680617477
21 9 47 -1.811067466495033
21 10 99 -1.7644700346199256
21 10 8 -1.0887307436634632
21 10 24 -0.7091160939842378
21 11 41 -0.04881837593445815
21 11 91 -3.043958369498259
21 12 16 -1.0851068894651807
21 12 96 -4.08607201667686
21 12 49 -3.8134853355588896
21 12 117 -4.456270140026906
21 12 54 -0.8695617633420608
21 12 63 -1.6475690653435697
21 13 35 -1.0511678412346535
21 13 101 -0.4300590487894094
21 14 13 -1.2835400834811594
21 14 79 -0.3244218070685076
21 15 112 0.0
21 16 36 -0.5157607360708559
21 16 59 -0.9089334313377263
21 17 39 -1.9126863036916504
21 17 57 -0.3051322759010245
21 17 127 -2.1602959874620793
21 18 33 -1.3452382663553932
21 18 21 -0.8877745490063507
21 18 103 -1.1148889438868934
21 19 31 0.0
21 20 75 0.0
21 22 61 0.0
21 23 7 -0.6946026514184066
21 23 27 -0.6916938250184947
21 24 105 0.0
21 25 3 -3.6729563548650788
21 25 67 -0.0805781263282783
21 25 109 -2.9562055772836753
21 26 123 -9.513049732069296E-4
21 26 77 -6.958151474743865
22 0 80 0.0
22 1 98 -1.7304572537536873
22 1 114 -1.6508470606720034
22 1 52 -0.7904234015082952
22 1 69 -1.7301565486906207
22 2 82 0.0
22 3 64 -1.2966537240051585
22 3 18 -1.435105559037639
22 3 4 -1.1836846140910233
22 3 10 -1.7020145776660376
22 4 87 0.0
22 5 70 0.0
22 6 72 -0.9065441886658415
22 6 88 -2.208951600167168
22 6 121 -0.9097309525404902
22 6 44 -2.481304352296922
22 7 0 -9.082629834445802E-4
22 7 92 -7.004430689072399
22 8 110 0.0
22 9 119 -2.4302568523705763
22 9 106 -1.6868826049895613
22 9 43 -1.0501170345644646
22 9 94 -1.2985040536003027
22 9 47 -2.2628496331136994
22 10 60 0.0
22 11 41 -0.05512153605168123
22 11 91 -2.9256489571630624
22 12 16 -2.3340079474474265
22 12 96 -1.5335155179049365
22 12 49 -2.7785073310969826
22 12 117 -1.6831737372326268
22 12 54 -2.3456132272862447
22 12 23 -2.7474853140914766
22 12 29 -2.146610861827082
22 12 15 -2.5211766443541976
22 12 63 -2.49761257804221
22 13 35 -0.4827735668902185
22 13 51 -2.7838123195404734
22 13 101 -1.1359154177476645
22 14 13 -6.226510399511676
22 14 79 -0.001978292032148422
22 15 112 -0.7095215995875594
22 15 85 -1.8413733334775786
22 15 9 -1.0511914130780076
22 16 36 -0.006825156347542335
22 16 59 -4.99055066733492
22 17 39 -1.6145806072419273
22 17 57 -0.2911979039534733
22 17 127 -2.92512205234975
22 18 33 -6.17163759603879
22 18 21 -1.4288104338928227
22 18 103 -0.27665190188671873
22 19 31 0.0
22 20 75 0.0
22 21 25 0.0
22 23 7 -0.6994305908897924
22 23 27 -0.6869030050751213
22 24 105 0.0
22 25 3 -2.7155611567092515
22 25 67 -0.22549471896239948
22 25 109 -1.9972282984302199
22 26 123 -1.5428009450388631
22 26 77 -2.2367224964312786
22 26 125 -0.3865297197312654
23 0 120 0.0
23 1 98 -1.2371724894769733
23 1 69 -0.3427771285802013
23 2 82 0.0
23 3 64 -1.2124888231879896
23 3 18 -1.4318567081537386
23 3 4 -0.9069144063907314
23 3 10 -2.8148987890693253
23 4 118 -2.253680764655828
23 4 87 -0.1109449551232491
23 5 70 0.0
23 6 26 -0.6371386140329229
23 6 74 -0.7524798025644146
23 7 0 -0.6847356057970025
23 7 92 -0.7016301105469758
23 8 42 0.0
23 9 73 -0.40964427517062274
23 9 47 -1.0903059886988653
23 10 81 -0.5055964147185678
23 10 45 -2.0258003410739764
23 10 95 -1.3281537196776387
23 11 41 -0.013646996068743263
23 11 91 -4.301051587819181
23 12 96 -2.0927421691980483
23 12 49 -1.5841033821349448
23 12 117 -2.3192494145710736
23 12 23 -1.91374890114387
23 12 29 -1.8966859958156044
23 12 15 -1.577300028861447
23 12 63 -2.672936229181222
23 13 35 -0.38527649223281624
23 13 51 -2.549379285814813
23 13 101 -1.4204414753843178
23 14 13 -0.6483924168759402
23 14 79 -0.7399991599325525
23 15 112 -0.7157489812132596
23 15 53 -1.8401795101998109
23 15 85 -2.0351172710082284
23 15 55 -2.0424418816737306
23 15 9 -2.385874472103904
23 16 36 -1.224716365190485
23 16 59 -0.347914899767543
23 17 39 -2.3356096496503276
23 17 57 -0.30584750398104726
23 17 127 -1.7912620174796068
23 18 33 -0.8863141332868724
23 18 21 -1.565270818597547
23 18 103 -0.9707563263078562
23 19 107 -2.472722784607019
23 19 31 -0.6057205079037475
23 19 111 -0.9943495302621231
23 20 6 0.0
23 21 17 -0.8576654454090649
23 21 115 -1.1786569327307013
23 21 25 -1.3161820644663973
23 22 89 -1.71523433367588
23 22 61 -0.19835527756004362
23 24 105 0.0
23 25 3 -1.3859557454207934
23 25 67 -0.4259749002677098
23 25 109 -2.3352880904371967
23 26 123 -1.0050448749140244
23 26 77 -1.114738216125222
23 26 125 -1.1842660705819144
24 0 80 0.0
24 1 98 -1.7668569049200074
24 1 114 -1.6764824638299685
24 1 52 -0.7905452919366079
24 1 69 -1.66864292890656
24 2 82 0.0
24 3 10 -3.8120237764314027
24 3 58 -0.02235134185761568
24 4 87 0.0
24 5 5 -0.1685485159206255
24 5 70 -1.8636224886209316
24 6 72 -0.6175156443821628
24 6 88 -2.172049630723852
24 6 121 -1.1904526387240462
24 6 44 -3.153789919633444
24 7 0 -0.032345410160926125
24 7 92 -3.4474122614815945
24 8 110 0.0
24 9 19 -0.1171284316164365
24 9 119 -6.668657269847755
24 9 106 -2.5823872177343605
24 9 43 -3.605673283350153
24 9 94 -5.208236210313678
24 9 47 -6.882911375556871
24 10 104 0.0
24 11 65 -0.03308978271393244
24 11 41 -3.4895321271441513
24 11 91 -6.198164681046386
24 12 16 -2.338357887873858
24 12 96 -1.8376076266385415
24 12 49 -2.7711457485409055
24 12 117 -1.9919174265683623
24 12 54 -2.349876066592833
24 12 23 -2.638736005020621
24 12 29 -1.9265275883609232
24 12 15 -1.891334174509494
24 12 63 -2.5018118175426713
24 13 35 -0.4209000058746332
24 13 51 -2.796846232723007
24 13 101 -1.26392766336452
24 14 13 -2.8128700052762423
24 14 79 -0.06190992714558437
24 15 112 -0.7096380248211299
24 15 85 -1.8260951566422898
24 15 9 -1.0580368441660817
24 16 36 0.0
24 17 39 -1.622089958829736
24 17 57 -0.28680970839051273
24 17 127 -2.9592092220481776
24 18 33 -3.9960918591734016
24 18 21 -0.11028004786209447
24 18 103 -2.4530667970710898
24 19 31 0.0
24 20 75 0.0
24 21 25 0.0
24 22 61 0.0
24 23 7 -0.6941596579764564
24 23 27 -0.6921357272171891
24 25 3 -2.871841789345884
24 25 67 -0.21014008240153964
24 25 109 -2.0178972528629755
24 26 123 -1.5460707594664644
24 26 77 -2.222018407273452
24 26 125 -0.387832038857288
25 0 48 -0.5393483250878554
25 0 126 -0.8749763911150709
25 1 100 -0.2248874937339889
25 1 69 -3.303642780014174
25 1 62 -1.8039643453321363
25 2 82 -1.0326763406527597
25 2 124 -0.44013849066313243
25 3 64 -1.3494240988318273
25 3 18 -1.4081818582943093
25 3 4 -1.1535565990052319
25 3 10 -1.711967960100546
25 4 22 -1.9043255757350026
25 4 87 -0.1612527268554545
25 5 70 0.0
25 6 2 -0.9374370525589983
25 6 50 -2.514583198848489
25 6 121 -0.9862718922401906
25 6 14 -1.8675058794687533
25 7 0 -0.18373041105159155
25 7 92 -1.7847448180789285
25 8 42 -1.9946137003539897
25 8 110 -0.14625914082605168
25 9 119 -2.4323130553571133
25 9 73 -1.024678236956755
25 9 106 -2.2065580254408887
25 9 28 -1.9230132469889971
25 9 94 -1.647925269135578
25 9 47 -2.2579835876559162
25 10 81 -1.7460182294183937
25 10 99 -2.1188806366262645
25 10 116 -1.9933582221383987
25 10 38 -1.619803388871103
25 10 24 -1.5128804812486019
25 10 108 -1.9942491188925167
25 10 45 -4.213023808217267
25 11 41 -0.0407164226432528
25 11 91 -3.221412899319379
25 12 56 0.0
25 13 35 0.0
25 14 13 -1.697590938886828
25 14 79 -0.20226815449560626
25 15 112 -0.5651043463228186
25 15 53 -1.6576140215328066
25 15 85 -5.5900513364284885
25 15 55 -1.703538909304792
25 15 9 -2.8943864393116754
25 16 36 -0.26055315112280314
25 16 59 -1.4723979133315785
25 17 66 0.0
25 18 33 -2.0761532766703743
25 18 21 -0.8755399867865813
25 18 103 -0.780992410827304
25 19 31 0.0
25 20 75 0.0
25 21 17 -1.423461544974817
25 21 115 -0.27559377709830746
25 22 97 -2.051222650693258
25 22 89 -4.0792966449379
25 22 61 -0.15723522317140196
25 23 7 -0.6940635163380039
25 23 27 -0.6922316836844871
25 24 105 0.0
25 26 123 -0.49477613848790847
25 26 77 -0.9408585187241011
26 0 48 -1.388538985735796
26 0 80 -0.4981858507052663
26 0 68 -1.9454105550566734
26 1 114 -0.6252449967701701
26 1 52 -0.7659981433346985
26 2 124 0.0
26 3 64 -1.3574246699305776
26 3 18 -1.4301409377153689
26 3 4 -1.1360544679215678
26 3 10 -1.701998380727003
26 4 22 -1.3133802152866194
26 4 87 -0.3132180871235689
26 5 70 0.0
26 6 50 -2.998881478727849
26 6 84 -2.570908666236894
26 6 72 -1.816887622772715
26 6 88 -2.5769854431300234
26 6 121 -0.7231185523815182
26 6 44 -3.1104865646165387
26 6 14 -2.250546230948803
26 7 0 -0.065932462032618
26 7 92 -2.7519094722694435
26 8 110 0.0
26 9 119 -2.1089679964779506
26 9 106 -1.6358179624814668
26 9 43 -1.6799942051760146
26 9 28 -2.4102094290702247
26 9 94 -1.3266339430002436
26 9 47 -1.949794381900513
26 10 99 -3.135941925927985
26 10 83 -0.287304936663866
26 10 8 -2.500534678137363
26 10 24 -2.08572384254924
26 11 41 -0.055137349612636104
26 11 91 -2.925369947095322
26 12 16 -1.7534325141267442
26 12 117 -4.314058448413784
26 12 54 -1.7350955376498434
26 12 76 -0.6614399383027101
26 12 63 -2.1123665450621747
26 13 35 -0.8126951754996017
26 13 101 -0.5863769369088725
26 14 13 -2.622873281458673
26 14 79 -0.07536381572052589
26 15 122 0.0
26 16 36 -0.11713668887485891
26 16 59 -2.202410446410145
26 17 39 -1.8386053648456677
26 17 57 -0.26062980788944445
26 17 127 -2.653635844058669
26 18 33 -2.8702665681361967
26 18 21 -0.7269645846685069
26 18 103 -0.7766544948683751
26 19 31 0.0
26 20 75 0.0
26 21 113 0.0
26 22 97 -2.3411697556866935
26 22 61 -0.10116380562854364
26 23 7 -0.6944134239608375
26 23 27 -0.691882538503925
26 24 105 0.0
26 25 3 -4.968032459879578
26 25 67 -0.055415407556402306
26 25 109 -3.058648110444611
