0 1 98 -1.3629875830665132
0 1 69 -0.295573294210796
0 2 82 0.0
0 3 64 -1.2533403012642022
0 3 18 -1.3784067190991083
0 3 4 -0.9833330203141929
0 3 10 -2.4257854707654345
0 4 87 0.0
0 5 70 0.0
0 6 121 0.0
0 7 0 -1.0236944080428438
0 7 92 -0.44513965668931016
0 8 42 -0.6638649420343339
0 8 110 -0.7233128010012327
0 9 119 -2.0060074685519997
0 9 73 -1.0488072522137515
0 9 106 -2.3927649264549022
0 9 94 -2.7478252030260784
0 9 47 -1.022551126425055
0 10 81 -0.0832764050210319
0 10 45 -2.5269392855383823
0 11 41 -0.06699039597361084
0 11 91 -2.736514230474493
0 12 96 -2.703738046061606
0 12 49 -1.060013515810499
0 12 117 -2.800740346688892
0 12 23 -1.6140285439043482
0 12 29 -2.2273835812877163
0 12 15 -1.9842720838758188
0 12 63 -2.5077133822469424
0 13 35 -0.458973671832528
0 13 51 -2.5076001402750756
0 13 101 -1.2496516720097892
0 14 13 -0.39165389890704394
0 14 79 -1.1268204739793082
0 15 112 -1.2082769929030064
0 15 53 -1.5342136533781794
0 15 85 -2.4126654010347495
0 15 55 -1.1658654780757984
0 15 9 -2.4717819781529613
0 16 36 -1.3578564401177926
0 16 59 -0.2973439784053541
0 17 39 -2.567467452583464
0 17 57 -0.39900236020079155
0 17 127 -1.3772106974105003
0 18 33 -0.6609246044647178
0 18 21 -1.8302801269592968
0 18 103 -1.1293054726018026
0 19 31 0.0
0 20 75 0.0
0 21 17 -0.6585541105071785
0 21 115 -1.1851786680591616
0 21 25 -1.7332495084530377
0 22 89 -1.7571677674335258
0 22 61 -0.18938584088469232
0 23 7 -0.714160009863841
0 23 27 -0.6725668184762854
0 24 105 0.0
0 25 3 -1.9326703256852684
0 25 67 -0.19685199519636287
0 25 109 -3.3835531121286793
0 26 123 -1.0699742033124429
0 26 77 -1.1920714883444845
0 26 125 -1.0401804453652734
1 0 68 0.0
1 2 82 -1.0275927838192893
1 2 124 -0.44296043697163523
1 3 64 -1.2298071651775608
1 3 18 -1.410984037970745
1 3 4 -1.1477137837659193
1 3 10 -1.921505577883955
1 4 87 0.0
1 5 70 0.0
1 6 50 -1.6735998664923188
1 6 84 -1.5268526924352466
1 6 121 -1.539515955501184
1 6 14 -0.9656746959807958
1 7 0 -0.43449016541054036
1 7 92 -1.0429734847198842
1 8 42 -1.1383955962478909
1 8 110 -0.3861516482290106
1 9 119 -2.994095401984276
1 9 73 -1.054521684381218
1 9 106 -2.100260247723717
1 9 28 -1.6948724806242155
1 9 94 -1.3991770272341386
1 9 47 -3.0218323371423472
1 10 81 -1.5283361681198384
1 10 99 -1.9114315914626268
1 10 116 -1.7515714481174212
1 10 8 -1.7725205566472206
1 10 24 -1.3172462785532835
1 10 45 -3.7314530824638927
1 11 41 -0.07720753407724108
1 11 91 -2.59961363927629
1 12 16 -1.6247290003069859
1 12 49 -5.199204010572921
1 12 34 -0.6426594317074741
1 12 54 -1.8976529111754044
1 12 23 -5.072468471932563
1 12 63 -2.1590477233387415
1 13 101 0.0
1 14 13 -0.9936572231060617
1 14 79 -0.4623850986602651
1 15 112 -0.7808590998070774
1 15 53 -0.6125120894350826
1 16 36 -0.6243929849383155
1 16 59 -0.7669798282521908
1 17 39 -3.7288022693588583
1 17 57 -0.031166105648415873
1 17 127 -5.011056546135796
1 18 33 -1.3839838607156678
1 18 21 -1.2804227240759833
1 18 103 -0.7518321157240807
1 19 31 0.0
1 20 75 0.0
1 21 115 0.0
1 22 97 -1.4645505955079516
1 22 89 -3.2417245332819165
1 22 61 -0.31509201774094364
1 23 7 -0.7022100875358246
1 23 27 -0.6841656727063914
1 24 105 0.0
1 25 3 -2.7544365626429546
1 25 67 -0.1152619815616495
1 25 109 -3.0961610251379743
1 26 123 -0.055427176318578825
1 26 77 -2.920270842515964
2 0 80 0.0
2 1 98 -2.0757458620536524
2 1 114 -1.9896921898626496
2 1 52 -0.3889259050864199
2 1 69 -2.813157604295988
2 3 64 -1.0471752970302395
2 3 18 -1.633236642136432
2 3 4 -1.2393963532964032
2 3 10 -1.8065666681033359
2 4 87 0.0
2 5 70 0.0
2 6 72 -1.007463917483283
2 6 88 -2.289312165677368
2 6 121 -0.8290629276633951
2 6 44 -2.332406041747968
2 7 0 -0.07084752990650986
2 7 92 -2.6824398103380034
2 8 110 0.0
2 9 119 -2.3756847136404073
2 9 106 -1.6608969781788943
2 9 43 -1.128704025852762
2 9 94 -1.2932866722942051
2 9 47 -2.126441268400047
2 10 83 0.0
2 11 41 -0.07590160687436348
2 11 91 -2.6160281949111797
2 12 16 -2.3845175527304745
2 12 96 -2.179351587638765
2 12 49 -3.7448243147230755
2 12 117 -2.7225704114052984
2 12 54 -1.8025571337848274
2 12 23 -3.2844781434441654
2 12 76 -1.1120123994939972
2 12 29 -3.0662369030420304
2 12 15 -3.441439977263602
2 12 63 -2.34801880392407
2 13 35 -0.6403589283614757
2 13 51 -2.976379130450052
2 13 101 -0.8629402182468704
2 14 13 -2.0831052731703976
2 14 79 -0.13300909644275488
2 15 112 -2.4760337339539573
2 15 85 -3.030176602936492
2 15 9 -2.1464158331111385
2 15 122 -0.28672991894389754
2 16 36 -0.14224342049318353
2 16 59 -2.020494262904981
2 17 39 -1.5679570449429576
2 17 57 -0.2813950035775417
2 17 127 -3.302279152717251
2 18 33 -2.291546688655415
2 18 21 -1.2034445620707588
2 18 103 -0.5129419779491237
2 19 31 0.0
2 20 75 0.0
2 21 25 0.0
2 22 61 0.0
2 23 7 -0.7012846855140163
2 23 27 -0.6850753604416135
2 24 105 0.0
2 25 3 -2.8921754490275577
2 25 67 -0.23786300326289994
2 25 109 -1.8564011668585756
2 26 125 0.0
3 0 80 -1.5368279659281554
3 0 120 -0.9217885188527521
3 0 46 -0.9489924636236163
3 1 98 -1.7987042992525786
3 1 114 -1.6399062335846726
3 1 52 -0.9988181756058376
3 1 69 -1.3013133584926406
3 2 82 0.0
3 4 118 -2.0439758055985604
3 4 87 -0.13870218768734208
3 5 5 -1.4582479813354006
3 5 70 -0.2648038054855889
3 6 72 0.0
3 7 0 -3.539450992337728
3 7 92 -0.029458945021590594
3 8 42 0.0
3 9 19 -2.331507028961382
3 9 40 -0.1021979994783003
3 10 90 -1.8580213081981494
3 10 11 -1.6011336947234702
3 10 45 -2.2950600114660586
3 10 95 -0.6132350698890588
3 11 65 0.0
3 12 16 -3.033193670283301
3 12 96 -2.270510562579267
3 12 49 -1.5711568749412264
3 12 117 -2.4058700779816653
3 12 54 -2.597988515500636
3 12 23 -2.0431292950019406
3 12 29 -2.0103315658229053
3 12 15 -2.004857067655874
3 12 63 -2.5520987367316836
3 13 35 -0.508087953948502
3 13 51 -2.683347768262263
3 13 101 -1.108598556215125
3 14 13 -0.05765790806547978
3 14 79 -2.881918307717026
3 15 112 -0.7553933857945215
3 15 85 -1.6386028483774455
3 15 9 -1.090873332286007
3 16 59 0.0
3 17 39 -1.649276472393188
3 17 57 -0.5593317323425735
3 17 127 -1.4429909609071867
3 18 33 -1.928131672522779
3 18 21 -3.08295205769255
3 18 103 -0.21225729554802525
3 19 107 -2.0153865113764327
3 19 31 -1.2059811893812495
3 19 111 -0.5668087977484979
3 20 75 0.0
3 21 25 0.0
3 22 89 -2.8973737219565385
3 22 61 -0.05674805643484271
3 23 7 -0.7048387669687731
3 23 27 -0.6815907091564241
3 24 37 -0.04633437499331755
3 24 105 -3.0949488889029984
3 25 3 -1.7044392333403462
3 25 67 -0.4397404971445863
3 25 109 -1.7491478887711696
3 26 123 -1.7520357995645537
3 26 77 -0.9060641443771658
3 26 125 -0.861641947485884
4 0 86 0.0
4 1 98 -1.3714523741587095
4 1 69 -0.29267876052752895
4 2 82 0.0
4 3 64 -1.2758744409977465
4 3 18 -1.3644535794790635
4 3 4 -0.9781496591021933
4 3 10 -2.415901435841598
4 5 70 0.0
4 6 121 0.0
4 7 0 -1.0368161313487978
4 7 92 -0.43785684455704504
4 8 42 -0.6604363304272794
4 8 110 -0.7269643200489879
4 9 119 -2.0003779498122127
4 9 73 -1.0564446053416106
4 9 106 -2.373673567794007
4 9 94 -2.737941097586099
4 9 47 -1.023918563570028
4 10 81 -0.08345141938837107
4 10 45 -2.5249261742283005
4 11 41 -0.06863549488821097
4 11 91 -2.7130669303868955
4 12 96 -2.666796896310888
4 12 49 -1.0655919197020352
4 12 117 -2.8078253485526647
4 12 23 -1.6086429611670667
4 12 29 -2.2394328347737096
4 12 15 -1.9850828948164874
4 12 63 -2.5056994207674768
4 13 35 -0.46797310492618993
4 13 51 -2.4171632024927665
4 13 101 -1.2568273000325947
4 14 13 -0.3894824369039529
4 14 79 -1.1313650052087083
4 15 112 -1.2131238840477152
4 15 53 -1.5404572072964355
4 15 85 -2.3761173774348103
4 15 55 -1.1644941714566917
4 15 9 -2.483404610973867
4 16 36 -1.3594853534498932
4 16 59 -0.2967805389615549
4 17 39 -2.58986477515266
4 17 57 -0.4025740048072981
4 17 127 -1.3611220316447206
4 18 33 -0.6842431949962245
4 18 21 -1.8346900283020782
4 18 103 -1.0910455599553273
4 19 31 0.0
4 20 75 0.0
4 21 17 -0.6552795772169676
4 21 115 -1.1930453781963195
4 21 25 -1.7293091076999916
4 22 89 -1.739193435438755
4 22 61 -0.1931746708596093
4 23 7 -0.7145479459501023
4 23 27 -0.6721948283000667
4 24 105 0.0
4 25 3 -1.9199114383850973
4 25 67 -0.2055978578084935
4 25 109 -3.2385777690438164
4 26 123 -1.0740509662904247
4 26 77 -1.1755168260274524
4 26 125 -1.050625954227549
5 0 80 -1.8640533384565174
5 0 120 -0.920236652000128
5 0 46 -0.8062434412294356
5 1 98 -1.8143593270674243
5 1 114 -1.4454610757639372
5 1 52 -1.1112089336730373
5 1 69 -1.3009994740618478
5 2 82 0.0
5 3 64 -0.34650820224531875
5 3 18 -2.2191292491593946
5 3 4 -1.757499949189744
5 3 10 -4.450927796600854
5 4 118 -1.5523266678497825
5 4 87 -0.2379459651411742
5 6 72 0.0
5 7 0 -4.192232474090821
5 7 92 -0.01522786656793035
5 8 42 0.0
5 9 71 0.0
5 10 90 -1.6399095635249503
5 10 45 -1.9331904693120365
5 10 95 -0.4135226302069198
5 11 41 0.0
5 12 16 -3.3131374117185093
5 12 96 -2.4309885385450993
5 12 49 -1.552539717322032
5 12 117 -2.7036973126001675
5 12 54 -2.7607600096293607
5 12 23 -2.045570648196116
5 12 29 -1.596431347173827
5 12 15 -1.9971873563343752
5 12 63 -2.716640571157956
5 13 35 -0.4983229969159962
5 13 51 -2.6739542392731392
5 13 101 -1.1286414638970548
5 14 13 -0.03538314148404909
5 14 79 -3.359159207546766
5 15 112 -0.9433836791742662
5 15 85 -1.2825156928231878
5 15 9 -1.0985533889678814
5 16 59 0.0
5 17 39 -1.8530460667255158
5 17 57 -0.5093990902348045
5 17 127 -1.4172298512709771
5 18 33 -1.5054688253911643
5 18 21 -3.4699189341179015
5 18 103 -0.2917339825978973
5 19 107 -1.953491425673142
5 19 31 -1.350103526019381
5 19 111 -0.5124796948527917
5 20 75 0.0
5 21 25 0.0
5 22 89 -1.9863549643241645
5 22 61 -0.14756609923355749
5 23 7 -0.7091031185230658
5 23 27 -0.6774418412496813
5 24 37 -0.03001891424229962
5 24 105 -3.520899531344957
5 25 3 -1.6092820142737045
5 25 67 -0.4540381743078304
5 25 109 -1.802353419040373
5 26 123 -1.70439188016985
5 26 77 -0.7866748386272512
5 26 125 -1.0140120932181453
6 0 120 0.0
6 1 98 -1.1661768606117116
6 1 69 -0.37332099308653693
6 2 82 0.0
6 3 64 -1.1264730530313305
6 3 18 -1.4648583931631416
6 3 4 -1.0943909984727078
6 3 10 -2.2075359405415975
6 4 118 -1.8732530893122834
6 4 87 -0.1667905084304045
6 5 70 0.0
6 7 0 -0.6084136820892035
6 7 92 -0.7857307376339795
6 8 42 0.0
6 9 73 -0.3985640807764041
6 9 47 -1.112558880414446
6 10 81 -0.5517946499844752
6 10 45 -1.8363330151522022
6 10 95 -1.3292193437672328
6 11 41 -0.06091641227731509
6 11 91 -2.8285562389173973
6 12 96 -2.448575105454067
6 12 49 -1.513924891464465
6 12 117 -2.7796682307304703
6 12 23 -2.0180880385328783
6 12 29 -2.022651563053772
6 12 15 -1.2451456137362251
6 12 63 -2.546350646080389
6 13 35 -0.5883372760722834
6 13 51 -1.9858940000667953
6 13 101 -1.1793048924710923
6 14 13 -0.737797916193029
6 14 79 -0.6504052089398468
6 15 112 -1.172929963085453
6 15 53 -1.5353046751022974
6 15 85 -1.8719687703135097
6 15 55 -1.4304748346391742
6 15 9 -2.499388717903285
6 16 36 -0.8677957537914429
6 16 59 -0.5445134743809749
6 17 39 -1.710436212803762
6 17 57 -0.5662710245465794
6 17 127 -1.3800145993905353
6 18 33 -1.3665342695315932
6 18 21 -1.3914758329936396
6 18 103 -0.7005689253482046
6 19 107 -2.5734424696219644
6 19 31 -0.6841794202254873
6 19 111 -0.8693512617850851
6 20 75 0.0
6 21 17 -0.7617891983277333
6 21 115 -1.0938743912595519
6 21 25 -1.6182103116225945
6 22 89 -1.2304985705556324
6 22 61 -0.34551867225009414
6 23 7 -0.798613065340425
6 23 27 -0.597750797912674
6 24 105 0.0
6 25 3 -1.0886590491496564
6 25 67 -0.6094386289001675
6 25 109 -2.1229640300814996
6 26 123 -0.9878439805843194
6 26 77 -0.9232055644294541
6 26 125 -1.4680350986822102
7 0 80 0.0
7 1 98 -1.4580312529309325
7 1 114 -1.6491882979638297
7 1 52 -0.9682446288853783
7 1 69 -1.6329565843835478
7 2 82 0.0
7 3 64 -1.4969473976431171
7 3 18 -1.4589034245462826
7 3 4 -0.9967846222164553
7 3 10 -1.7450722218220012
7 4 87 0.0
7 5 70 0.0
7 6 72 -0.7716703118107987
7 6 88 -1.7995031218633748
7 6 121 -1.180182501226144
7 6 44 -2.7309715697664205
7 8 110 0.0
7 9 119 -4.366910968564789
7 9 106 -3.1342925749757264
7 9 43 -3.4053445641618
7 9 93 -0.11013514475364311
7 9 94 -4.815328565894019
7 9 47 -4.995835413508315
7 10 1 0.0
7 11 41 -0.04845510798939443
7 11 91 -3.0512472449914667
7 12 16 -2.2435483042119846
7 12 96 -1.8717372147458535
7 12 49 -2.725754189227818
7 12 117 -1.9526912910854537
7 12 54 -2.302976387321952
7 12 23 -2.435005637508415
7 12 29 -1.9748667277876195
7 12 15 -2.1120883347941226
7 12 63 -2.4609834718607924
7 13 35 -0.5209302722997449
7 13 51 -2.434321465072554
7 13 101 -1.1445251713378295
7 14 13 -1.1449561551927026
7 14 79 -0.38307446579409676
7 15 112 -0.7211236519545077
7 15 85 -1.9735639155969655
7 15 9 -0.9812729550607436
7 16 36 -0.40338004674376393
7 16 59 -1.1027954993389655
7 17 39 -1.6481578444005804
7 17 57 -0.29984239624661463
7 17 127 -2.7081352964426904
7 18 33 -1.8206085531653846
7 18 21 -1.4709605406465516
7 18 103 -0.49697518232338844
7 19 31 0.0
7 20 75 0.0
7 21 25 0.0
7 22 61 0.0
7 23 7 -0.7009833257524218
7 23 27 -0.6853719634073293
7 24 105 0.0
7 25 3 -2.0360265128719
7 25 67 -0.3599556247944655
7 25 109 -1.7617368469305004
7 26 123 -1.681416393061749
7 26 77 -1.589088134500076
7 26 125 -0.49466004921019124
8 0 80 -0.5866928513762544
8 0 46 -0.8122991677506144
8 1 98 -1.774526892720492
8 1 114 -1.7042973075457242
8 1 52 -0.9694123782657905
8 1 69 -1.3121880369934518
8 2 82 0.0
8 3 64 -0.951006191829643
8 3 18 -1.7207922887066545
8 3 4 -1.198327212825344
8 3 10 -2.017217318068486
8 4 118 -2.123698821753253
8 4 87 -0.12736583649722905
8 5 70 0.0
8 6 72 -0.871538794471506
8 6 88 -2.5163757093814554
8 6 121 -0.8889585751931208
8 6 44 -2.4095330024984856
8 7 0 -0.11645580547747135
8 7 92 -2.207906315218817
8 9 106 -1.9584732454745728
8 9 43 -0.44970904971064674
8 9 94 -1.5090829250656839
8 10 30 0.0
8 11 41 -0.056696971176673626
8 11 91 -2.89824903781298
8 12 16 -2.2193670181553062
8 12 96 -2.0280717156637387
8 12 49 -2.0104259026550784
8 12 117 -2.1133561378279246
8 12 54 -2.2927581676746707
8 12 23 -2.242186600903449
8 12 29 -2.053814311376824
8 12 15 -2.468215496276269
8 12 63 -2.4677490065584307
8 13 35 -0.5019527673814709
8 13 51 -2.697198448657033
8 13 101 -1.1170047737908535
8 14 13 -1.6303902949348714
8 14 79 -0.2179733383388475
8 15 112 -0.7042857121209439
8 15 85 -2.103161152381813
8 15 9 -0.9584979878375084
8 16 36 -0.41309046023457135
8 16 59 -1.0835338362926195
8 17 39 -1.6315412090443067
8 17 57 -0.4481683523241504
8 17 127 -1.7983308350609226
8 18 33 -2.260112665269491
8 18 21 -1.6581842964007094
8 18 103 -0.34930681040692463
8 19 111 0.0
8 20 75 0.0
8 21 25 0.0
8 22 61 0.0
8 23 7 -0.7144234670788843
8 23 27 -0.6723141597338951
8 24 105 0.0
8 25 3 -1.851043331319112
8 25 67 -0.40621025326650667
8 25 109 -1.7329810098085234
8 26 123 -1.6894279848317424
8 26 77 -1.595909419396392
8 26 125 -0.4899601392568428
9 0 80 -1.8537660185712652
9 0 120 -0.9185793530982975
9 0 46 -0.8113266650955699
9 1 98 -1.8113790437893615
9 1 114 -1.4474374953752802
9 1 52 -1.1134711093446454
9 1 69 -1.2983485460723987
9 2 82 0.0
9 3 64 -0.31098334820928436
9 3 18 -2.371302710291675
9 3 4 -1.7785437533361137
9 3 10 -5.292138323373338
9 4 118 -1.6129693763204902
9 4 87 -0.22226263053847423
9 5 70 0.0
9 6 72 0.0
9 7 0 -5.005661973856959
9 7 92 -0.006722449836293929
9 8 42 0.0
9 10 90 -1.642221362186091
9 10 45 -1.9331003281646064
9 10 95 -0.4128651846074197
9 11 41 0.0
9 12 16 -3.367638629880607
9 12 96 -2.4611101584896193
9 12 49 -1.5298353580278228
9 12 117 -2.672991547292948
9 12 54 -2.841242052080265
9 12 23 -2.0358813568090066
9 12 29 -1.5634455796531264
9 12 15 -1.9760737444829677
9 12 63 -2.853745970175943
9 13 35 -0.4886491493076422
9 13 51 -2.697618877310139
9 13 101 -1.14200084952224
9 14 13 -0.013230294368111075
9 14 79 -4.331853904889255
9 15 112 -0.9424333790545074
9 15 85 -1.289303457074762
9 15 9 -1.0940458302651863
9 16 59 0.0
9 17 39 -1.8058832852370825
9 17 57 -0.5348109136253163
9 17 127 -1.3867315989263738
9 18 33 -1.6162560446263683
9 18 21 -4.441494142259839
9 18 103 -0.23625328277500135
9 19 107 -1.9756187883248708
9 19 31 -1.3429526048546865
9 19 111 -0.5104076393967105
9 20 75 0.0
9 21 25 0.0
9 22 89 -2.0112647438302393
9 22 61 -0.14366175527215236
9 23 7 -0.7078985347887116
9 23 27 -0.6786102692907423
9 24 37 -0.031116603448576884
9 24 105 -3.4855316879028604
9 25 3 -1.5921022663163826
9 25 67 -0.4673138239324177
9 25 109 -1.7730206275767972
9 26 123 -1.6966972771565978
9 26 77 -0.7995066414134293
9 26 125 -1.0019536738618073
10 0 80 0.0
10 1 98 -1.4405618697144102
10 1 114 -1.6214294432293714
10 1 52 -1.0129122133506145
10 1 69 -1.5973637440866233
10 2 82 0.0
10 3 64 -0.9611589102352498
10 3 18 -1.6540258838344883
10 3 4 -1.24756052452452
10 3 10 -1.9727941858088884
10 4 87 0.0
10 5 70 0.0
10 6 72 -0.9921844485325607
10 6 88 -2.46619640678859
10 6 121 -0.7956597661820952
10 6 44 -2.3746879378378494
10 7 0 -0.008290838882482844
10 7 92 -4.796746678216813
10 8 110 0.0
10 9 119 -2.4040614637945197
10 9 106 -1.6953207322496036
10 9 43 -1.119429441558475
10 9 94 -1.2802705769662228
10 9 47 -2.1063499034639186
10 11 41 -0.06256253802391656
10 11 91 -2.802706802164548
10 12 16 -2.1430268476901957
10 12 96 -1.560196218727655
10 12 49 -2.6074855842572853
10 12 117 -1.7319860175155941
10 12 54 -2.242760707103194
10 12 23 -2.7037809090966083
10 12 29 -2.2647043762818027
10 12 15 -2.8531510435512897
10 12 63 -2.4382492496592327
10 13 35 -0.547726860523331
10 13 51 -2.7643059699813706
10 13 101 -1.025220418672966
10 14 13 -3.7379952952827025
10 14 79 -0.024089609562492557
10 15 112 -0.7011770832679067
10 15 85 -2.129585514883566
10 15 9 -0.9542202619687258
10 16 36 -0.06038400661913215
10 16 59 -2.8370710819269895
10 17 39 -1.5486264165180499
10 17 57 -0.33183970899915977
10 17 127 -2.661291431534606
10 18 33 -3.6440837481478505
10 18 21 -1.3202269594917688
10 18 103 -0.34703588438999183
10 19 31 0.0
10 20 75 0.0
10 21 25 0.0
10 22 61 0.0
10 23 7 -0.7098657657928024
10 23 27 -0.6767035164256938
10 24 105 0.0
10 25 3 -2.5206216448288647
10 25 67 -0.30260004310868927
10 25 109 -1.7109401488686096
10 26 123 -1.6301645566196103
10 26 77 -1.8840262632245102
10 26 125 -0.42751795686508576
11 0 80 -1.5417592527463864
11 0 120 -0.9205909533229792
11 0 46 -0.9474921914309328
11 1 98 -1.7998025662436472
11 1 114 -1.6389937343033527
11 1 52 -0.9990902383449699
11 1 69 -1.3009285139242863
11 2 82 0.0
11 3 64 0.0
11 4 118 -2.050877756372978
11 4 87 -0.1376793610299693
11 5 5 -1.545113353791974
11 5 70 -0.23989265379297217
11 6 72 0.0
11 7 0 -3.540013746840587
11 7 92 -0.029442125139239148
11 8 42 0.0
11 9 19 -2.9173161108037355
11 9 40 -0.05559583575734825
11 10 90 -1.8575524002910846
11 10 11 -1.6043761190665147
11 10 45 -2.294164774990411
11 10 95 -0.6123317869328696
11 12 16 -3.03081557560515
11 12 96 -2.2751119806124915
11 12 49 -1.5680603448667887
11 12 117 -2.3997387441960445
11 12 54 -2.600434503975386
11 12 23 -2.046492319273769
11 12 29 -2.009692175816623
11 12 15 -2.0037399558192113
11 12 63 -2.5580063963892785
11 13 35 -0.5090673565857562
11 13 51 -2.6739058675305745
11 13 101 -1.1087782407688083
11 14 13 -0.058281534768130853
11 14 79 -2.8714692042833247
11 15 112 -0.756770426714419
11 15 85 -1.6345858238889015
11 15 9 -1.0912763551134848
11 16 59 0.0
11 17 39 -1.6515790202787743
11 17 57 -0.5606243688931393
11 17 127 -1.4380063840370143
11 18 33 -1.8367800161385548
11 18 21 -3.0909996331505343
11 18 103 -0.22914418383041077
11 19 107 -2.016767488414653
11 19 31 -1.2122620863906215
11 19 111 -0.563186967284768
11 20 75 0.0
11 21 25 0.0
11 22 89 -2.9177516335034084
11 22 61 -0.055570942513306236
11 23 7 -0.7058672950297938
11 23 27 -0.6805868372223212
11 24 37 -0.04726405920476057
11 24 105 -3.075544072525497
11 25 3 -1.70266662484724
11 25 67 -0.43952305528274205
11 25 109 -1.7518122240291512
11 26 123 -1.748364626873325
11 26 77 -0.909718547541636
11 26 125 -0.8596644282173567
12 0 48 -0.21258749133926308
12 0 126 -1.6528130456861914
12 1 100 -0.1847599123176562
12 1 69 -4.438450673291092
12 1 62 -1.8522618212634137
12 2 82 -0.8741294173718198
12 2 124 -0.5399542572862687
12 3 64 -1.318104444125241
12 3 18 -1.42931545346295
12 3 4 -1.0536122578053484
12 3 10 -1.936491036502275
12 4 22 -0.546958114135413
12 4 87 -0.8644279070704273
12 5 70 0.0
12 6 2 -1.4965985110571558
12 6 50 -1.7317113081071431
12 6 121 -1.502873445929255
12 6 14 -0.976469799524558
12 7 0 -0.39840891418849694
12 7 92 -1.1128758260153022
12 8 42 -1.1353387971540507
12 8 110 -0.3875955875879262
12 9 119 -1.9889632075248909
12 9 73 -1.0222428559779568
12 9 106 -2.21762390261125
12 9 28 -1.7569914937741093
12 9 94 -1.912910709450031
12 9 47 -2.5997119567017344
12 10 81 -1.5034609450263225
12 10 99 -2.144814209956572
12 10 116 -1.6165379657480776
12 10 38 -2.5333305980928635
12 10 24 -1.5078969866408738
12 10 108 -2.0035771212886235
12 10 45 -3.6364878439335415
12 11 41 -0.07625818367830864
12 11 91 -2.611517341298063
12 13 35 0.0
12 14 13 -1.0632057774133274
12 14 79 -0.4236498454725036
12 15 112 -1.2473414835336192
12 15 53 -0.9907708236898553
12 15 85 -4.42522607841523
12 15 55 -1.1782141339419552
12 15 9 -3.8330898950665824
12 16 36 -0.6177291394467501
12 16 59 -0.7747204743701781
12 17 57 0.0
12 18 33 -1.3675479938713628
12 18 21 -1.3102192492065208
12 18 103 -0.743370943781499
12 19 31 0.0
12 20 75 0.0
12 21 17 -0.8568664978017307
12 21 115 -0.5524989202703083
12 22 97 -1.291339527383413
12 22 89 -3.5079318358099845
12 22 61 -0.36364360782908195
12 23 7 -0.7063043540575482
12 23 27 -0.680160872602101
12 24 105 0.0
12 25 67 0.0
12 26 123 -0.7794910936657516
12 26 77 -0.6136695981982195
13 0 48 -0.6365225235204527
13 0 68 -1.0562695354723952
13 0 126 -2.094595205637187
13 1 100 -0.07425008735431571
13 1 62 -2.6372116675626214
13 2 82 -0.8078505757818948
13 2 124 -0.590257224140917
13 3 64 -1.2898210656237166
13 3 18 -1.4559887168320207
13 3 4 -1.061604273093738
13 3 10 -1.9268248389715863
13 4 22 -1.0072006066550905
13 4 87 -0.45450830462059777
13 5 70 0.0
13 6 2 -1.835182041649566
13 6 50 -1.7382829595811091
13 6 84 -2.320628978014441
13 6 121 -1.0015849997645991
13 6 14 -1.6140238645776506
13 7 0 -0.3724888246393495
13 7 92 -1.168018161067585
13 8 42 -1.1483683077042846
13 8 110 -0.38148569353260936
13 9 119 -2.0227948143361156
13 9 73 -1.1539025676644499
13 9 106 -2.213896044229902
13 9 28 -2.017430018399646
13 9 94 -1.7269352720811915
13 9 47 -2.0233500610648902
13 10 81 -1.5227823804048248
13 10 99 -2.1439313098492256
13 10 116 -1.8665854110922262
13 10 38 -2.8452016636551383
13 10 8 -2.2269340822065375
13 10 24 -1.4799642456498698
13 10 108 -2.411420653803646
13 10 45 -3.6217071576199054
13 11 41 -0.08041828671741696
13 11 91 -2.560453377269553
13 12 34 0.0
13 14 13 -1.0611730779164632
13 14 79 -0.4247238156608031
13 15 112 -1.2018420947247237
13 15 53 -0.6497143010356021
13 15 55 -1.730672876165956
13 16 36 -0.5660545563659567
13 16 59 -0.8387768224615864
13 17 57 0.0
13 18 33 -1.4790223090132726
13 18 21 -1.2703960827532579
13 18 103 -0.7104576820433618
13 19 31 0.0
13 20 75 0.0
13 21 17 -1.4914272138577562
13 21 115 -0.2549583550244833
13 22 97 -1.6607175764124016
13 22 89 -3.2539305924224564
13 22 61 -0.25958024195175194
13 23 7 -0.7034725230227512
13 23 27 -0.6829273621500599
13 24 105 0.0
13 25 67 0.0
13 26 123 -0.3625182078315933
13 26 77 -1.190469855326048
14 0 80 -0.7113539530762394
14 0 46 -0.6752659759016676
14 1 98 -1.5860822573657116
14 1 114 -1.612705715807977
14 1 52 -1.0743728646671191
14 1 69 -1.3687903546877813
14 2 82 0.0
14 3 64 -1.0536414519247066
14 3 18 -1.6780149381253637
14 3 4 -1.1354308032486806
14 3 10 -1.9427714959981994
14 4 118 -1.0005475561838963
14 4 87 -0.458356618405017
14 5 70 0.0
14 6 72 -0.9913530133857616
14 6 88 -1.9398824219902686
14 6 121 -0.9009017746439998
14 6 44 -2.53828617017643
14 7 0 -0.5096693990755667
14 7 92 -0.9180275793847563
14 8 42 -1.2673744581829884
14 8 110 -0.33068690004289836
14 9 12 0.0
14 10 78 -0.010185577486203808
14 10 95 -4.591870997231679
14 11 41 -0.054881177222396875
14 11 91 -2.9298999390595752
14 12 16 -2.3544926829529604
14 12 96 -1.9174281303382805
14 12 49 -2.560015876786729
14 12 117 -2.142279238359443
14 12 54 -2.284672466603134
14 12 23 -2.182702506448192
14 12 29 -1.940098009969351
14 12 15 -2.2102391601381575
14 12 63 -2.3488886523287107
14 13 35 -0.5276505896678834
14 13 51 -2.1513823815137343
14 13 101 -1.2252397290613195
14 15 112 -0.7475310990285444
14 15 85 -1.7857432796855446
14 15 9 -1.0250085631503418
14 16 36 -0.6627865905322017
14 16 59 -0.7244584752803365
14 17 39 -1.6937526988097635
14 17 57 -0.3743523088172497
14 17 127 -2.052316375069904
14 18 33 -1.332585356497348
14 18 21 -1.4772705635566767
14 18 103 -0.6773806011059732
14 19 107 -2.92364428222255
14 19 31 -0.05523525944745054
14 20 75 0.0
14 21 25 0.0
14 22 61 0.0
14 23 7 -0.6825647919005912
14 23 27 -0.7038427550126621
14 24 105 0.0
14 25 3 -1.9799191330470889
14 25 67 -0.3784448791497516
14 25 109 -1.7316401611525967
14 26 123 -1.607049771031358
14 26 77 -1.3127616508699869
14 26 125 -0.6340373706625709
15 0 80 -0.6255083112258129
15 0 68 -0.7656951172341753
15 1 114 -0.5008398901441831
15 1 52 -0.9314588241048056
15 2 82 -1.3542481762590397
15 2 124 -0.2985964828851868
15 3 64 -1.4397770355490367
15 3 18 -1.3147315013169247
15 3 4 -1.043413041297447
15 3 10 -1.9503617856561928
15 4 22 -0.9131944922228127
15 4 87 -0.5128951223365605
15 5 70 0.0
15 6 50 -2.097374449856825
15 6 84 -2.4589199200696776
15 6 72 -2.0139840405863785
15 6 88 -3.344568561623813
15 6 121 -0.8962200846038446
15 6 44 -3.1286272632008933
15 6 14 -1.7656486232736053
15 7 0 -0.3988478701833509
15 7 92 -1.1119795947741615
15 8 110 0.0
15 9 119 -1.8438941488802891
15 9 106 -2.188686092232859
15 9 43 -1.7730137463261997
15 9 28 -1.6171632031447787
15 9 94 -1.8462075538817544
15 9 47 -1.591499724309195
15 10 99 -1.7839951916675532
15 10 8 -1.0917429034664583
15 10 24 -0.7003667002967758
15 11 41 -0.06658913542555668
15 11 91 -2.7423236663242494
15 12 16 -1.0562512318304955
15 12 96 -3.896728042066929
15 12 49 -4.868220297472142
15 12 117 -4.320561316048154
15 12 54 -1.2868669802431745
15 12 76 -1.807795244344643
15 12 63 -1.7672306831398576
15 13 35 -2.204560302505017
15 13 101 -0.11686984219333875
15 14 13 -0.9313021920706208
15 14 79 -0.5009417308236557
15 16 36 -0.6377506315154056
15 16 59 -0.7517934078644354
15 17 39 -2.5486242439258215
15 17 57 -0.11890721702061288
15 17 127 -3.3837309897834653
15 18 33 -1.2468149252218204
15 18 21 -1.2533565808395868
15 18 103 -0.8508858440535993
15 19 31 0.0
15 20 75 0.0
15 21 113 0.0
15 22 61 0.0
15 23 7 -0.7043220529601752
15 23 27 -0.6820958071187467
15 24 105 0.0
15 25 3 -2.8168005911396454
15 25 67 -0.17898571706184097
15 25 109 -2.2625454212081686
15 26 123 0.0
16 0 80 -1.0615171280442923
16 0 120 -1.2927654153910906
16 0 46 -0.9687457208911732
16 1 98 -1.6940091339886012
16 1 114 -1.6012336637671183
16 1 52 -1.057162099349297
16 1 69 -1.3200170569707732
16 2 82 0.0
16 3 58 0.0
16 4 118 -1.7159800500367013
16 4 87 -0.1981917450749736
16 5 5 -1.957309745630657
16 5 70 -0.15226331745498028
16 6 72 -0.06391835878336932
16 6 44 -2.7819376076212388
16 7 0 -0.5566182070612457
16 7 92 -0.851308663732674
16 8 42 0.0
16 9 32 -2.694035234266361
16 9 19 -2.205681261590917
16 9 40 -0.19575094945090357
16 10 20 -1.7035700726322327
16 10 104 -0.33161575571396973
16 10 90 -4.127211815077243
16 10 11 -2.760456830355579
16 10 95 -3.8721392638747134
16 11 65 0.0
16 12 16 -2.235174487332601
16 12 96 -2.1622692809796034
16 12 49 -2.1390636727651393
16 12 117 -2.116034116035315
16 12 54 -2.295081287206118
16 12 23 -2.07086720903182
16 12 29 -2.004814903448389
16 12 15 -2.3819772405047517
16 12 63 -2.4556596788428537
16 13 35 -0.5163071145944561
16 13 51 -2.6619454126158746
16 13 101 -1.0982095066390343
16 14 13 -0.6653049412955498
16 14 79 -0.7217868657804094
16 15 112 -0.7095358090808224
16 15 85 -1.9861403777248121
16 15 9 -0.9918133710451572
16 17 39 -1.6634661403179947
16 17 57 -0.39722380392833123
16 17 127 -1.978074426190045
16 18 103 0.0
16 19 107 -3.1808844117263013
16 19 31 -0.39482772984580805
16 19 111 -1.2564773468881063
16 20 75 0.0
16 21 25 0.0
16 22 89 -2.954681744793811
16 22 61 -0.05350124329115295
16 23 7 -0.6995155318388431
16 23 27 -0.6868191286737063
16 24 37 0.0
16 25 3 -2.377013498279819
16 25 67 -0.30880230190969243
16 25 109 -1.7553503412033056
16 26 123 -1.6958357550335845
16 26 77 -1.3760083295201628
16 26 125 -0.572755333601655
17 0 48 -0.6611038550108079
17 0 126 -0.7262513681412112
17 1 100 -0.20865901152370067
17 1 69 -3.8527307558046275
17 1 62 -1.7891249338048199
17 2 82 -0.7529250088778773
17 2 124 -0.6367420745000367
17 3 64 -1.0703236904986348
17 3 18 -1.597134176489368
17 3 4 -1.1528409049151036
17 3 10 -1.9740871769782216
17 4 22 -1.2044357670085433
17 4 87 -0.3564765969542587
17 5 70 0.0
17 6 2 -1.093063829336359
17 6 50 -2.6069301018593163
17 6 121 -0.8067300287582847
17 6 14 -1.9328419140457642
17 7 0 -0.2281710547971854
17 7 92 -1.5895769074702877
17 8 42 -1.4281500674194922
17 8 110 -0.2741106322782899
17 9 119 -2.040512533279003
17 9 73 -1.1963737635912135
17 9 106 -2.2320126221324363
17 9 28 -2.0134295973410206
17 9 94 -1.962371934837529
17 9 47 -1.6799535034637842
17 10 81 -1.920251243039504
17 10 99 -2.1873115325146073
17 10 116 -2.0520962283158037
17 10 38 -1.6093692022824966
17 10 24 -1.601855007098562
17 10 108 -1.6912331953315691
17 10 45 -3.614949039256663
17 11 41 -0.07682779368258913
17 11 91 -2.604356778414188
17 12 56 0.0
17 13 35 0.0
17 14 13 -1.3794557591903622
17 14 79 -0.28997203861130394
17 15 112 -0.5712498072104597
17 15 53 -1.5366817602429979
17 15 85 -4.47326720978843
17 15 55 -1.683000420279307
17 15 9 -3.778293275032517
17 16 36 -0.4467161277404682
17 16 59 -1.020888990401227
17 18 33 -1.7794809076127394
17 18 21 -1.340596931163661
17 18 103 -0.5628474644509728
17 19 31 0.0
17 20 75 0.0
17 21 17 -1.2147836563881247
17 21 115 -0.35207726171701476
17 22 97 -2.1630389782419415
17 22 89 -3.413053028940688
17 22 61 -0.1600697675779981
17 23 7 -0.706161703424402
17 23 27 -0.6802998617496073
17 24 105 0.0
17 25 67 0.0
17 26 123 -0.3307513934341677
17 26 77 -1.267209921128584
18 0 80 -1.0734865147107409
18 0 120 -1.3003456607115385
18 0 46 -0.9525717535500627
18 1 98 -1.6330593310987178
18 1 114 -1.606138957927015
18 1 52 -1.0710724306395967
18 1 69 -1.3418290358556733
18 2 82 0.0
18 3 58 0.0
18 4 118 -1.457072417472963
18 4 87 -0.2651604805523912
18 5 5 -1.888615495676086
18 5 70 -0.16402725853305716
18 6 72 -0.08625192852322226
18 6 44 -2.49329887230841
18 7 0 -0.5798598149343894
18 7 92 -0.8209279658534899
18 8 42 0.0
18 9 32 -1.6395193410164224
18 9 19 -2.21428736756875
18 9 40 -0.3614070243890929
18 10 20 -1.521817039113392
18 10 104 -0.3966267116094954
18 10 90 -3.777260557849028
18 10 11 -2.757963926084919
18 10 95 -3.7812558140612564
18 11 65 0.0
18 12 16 -2.2850533227566223
18 12 96 -2.026669604102603
18 12 49 -2.2315468784760935
18 12 117 -2.132673622227798
18 12 54 -2.2892112158420357
18 12 23 -2.0871223567122072
18 12 29 -2.003675225099817
18 12 15 -2.4156164755150313
18 12 63 -2.396516950873468
18 13 35 -0.5166681050846464
18 13 51 -2.5035180396983963
18 13 101 -1.1341403812189779
18 14 13 -0.7234015547190998
18 14 79 -0.6637813179748867
18 15 112 -0.7339306524355756
18 15 85 -1.7896273566775385
18 15 9 -1.0414030618421635
18 16 102 0.0
18 17 39 -1.6938101062897057
18 17 57 -0.38456148582149263
18 17 127 -1.999277572515113
18 19 107 -3.0098875910112017
18 19 31 -0.38467802571530746
18 19 111 -1.3092110274069175
18 20 75 0.0
18 21 25 0.0
18 22 89 -2.479371672359932
18 22 61 -0.08751607921367825
18 23 7 -0.6899980472621657
18 23 27 -0.6963062622352667
18 24 37 0.0
18 25 3 -2.4391332218457804
18 25 67 -0.2965045126693079
18 25 109 -1.7757800576946947
18 26 123 -1.6987741581443956
18 26 77 -1.2571104970156117
18 26 125 -0.6299516234582256
19 0 80 0.0
19 1 98 -1.5999047779564444
19 1 114 -1.6628951608185985
19 1 52 -0.9280354276053809
19 1 69 -1.5456870707251453
19 2 82 0.0
19 3 64 -0.8739206077984263
19 3 18 -1.750976023949874
19 3 4 -1.267998572246923
19 3 10 -2.058156779592836
19 4 118 -0.7071566846582165
19 4 87 -0.6793312341416109
19 5 70 0.0
19 6 72 -0.847571843520999
19 6 88 -2.5174595696653848
19 6 121 -0.9144859619722965
19 6 44 -2.406178856213181
19 7 0 -0.0985629265032968
19 7 92 -2.365936805943368
19 8 110 0.0
19 9 106 -1.9549174745552522
19 9 43 -0.5094945699042038
19 9 94 -1.5169458672067682
19 9 47 -3.26377400879193
19 10 30 0.0
19 11 41 -0.05499257347325476
19 11 91 -2.927927412907082
19 12 16 -2.1767741480157885
19 12 96 -1.833525018082015
19 12 49 -2.6437198684250753
19 12 117 -2.0942917031414288
19 12 54 -2.270052126152595
19 12 23 -2.1248114900543267
19 12 29 -2.0350980841448654
19 12 15 -2.378092866926054
19 12 63 -2.4495413679666567
19 13 35 -0.4985727556481563
19 13 51 -2.7104964956511415
19 13 101 -1.1205534191388486
19 14 13 -1.7270769421934526
19 14 79 -0.19577571626310294
19 15 112 -0.7036212411631982
19 15 85 -2.107514222748284
19 15 9 -0.9579725036376273
19 16 36 -0.4032017879316496
19 16 59 -1.1031543550902496
19 17 39 -1.629252093521507
19 17 57 -0.32935795396099443
19 17 127 -2.4705497614590155
19 18 33 -2.321528944774132
19 18 21 -1.6830626224700402
19 18 103 -0.3339738624117537
19 20 75 0.0
19 21 25 0.0
19 22 61 0.0
19 23 7 -0.7159914288896723
19 23 27 -0.6708131578831573
19 24 105 0.0
19 25 3 -1.7877166116263448
19 25 67 -0.4252176950035342
19 25 109 -1.7201980820584688
19 26 123 -1.6868780163317134
19 26 77 -1.598971450235355
19 26 125 -0.4897179277688304
20 0 120 0.0
20 1 98 -1.1464339505238894
20 1 69 -0.38238539668832033
20 2 82 0.0
20 3 64 -1.1919806568019207
20 3 18 -1.4698457674596381
20 3 4 -1.0731394431885073
20 3 10 -2.0835588273733867
20 4 118 -1.741754799939742
20 4 87 -0.19262970468121923
20 5 70 0.0
20 6 74 0.0
20 7 0 -0.6450684020885187
20 7 92 -0.7436547948756159
20 8 42 0.0
20 9 73 -0.38127925324651374
20 9 47 -1.148812927416202
20 10 81 -0.5080420586267111
20 10 45 -1.9152426587684284
20 10 95 -1.382216880746984
20 11 41 -0.0891532473443823
20 11 91 -2.461643976088046
20 12 96 -2.255732474573386
20 12 49 -1.5489035187681492
20 12 117 -2.629934792951541
20 12 23 -2.01157739122098
20 12 29 -1.9916299787516745
20 12 15 -1.3637850910731522
20 12 63 -2.468665158963143
20 13 35 -0.5608336254260621
20 13 51 -1.9430849829420778
20 13 101 -1.2517438758196802
20 14 13 -0.7072878128519483
20 14 79 -0.6792037208443263
20 15 112 -1.1732575817781719
20 15 53 -1.5379377835149541
20 15 85 -1.9126916298914982
20 15 55 -1.4193645626448599
20 15 9 -2.4502873124090048
20 16 36 -0.916952175456034
20 16 59 -0.51038490431288
20 17 39 -1.8156657103894567
20 17 57 -0.5232551539272589
20 17 127 -1.4077957890177735
20 18 33 -1.3476065228929153
20 18 21 -1.4241663073654691
20 18 103 -0.6942889248512669
20 19 107 -2.5066697784182703
20 19 31 -0.6746375214462413
20 19 111 -0.8937476082130439
20 21 17 -0.7024791550060745
20 21 115 -1.1254224128937058
20 21 25 -1.7140824376869912
20 22 89 -1.16952457038454
20 22 61 -0.37180966098938956
20 23 7 -0.2858350024983413
20 23 27 -1.3918561296339589
20 24 105 0.0
20 25 3 -1.1280413595039716
20 25 67 -0.5771224391559657
20 25 109 -2.1643757548692597
20 26 123 -0.9962645695176342
20 26 77 -0.9438403513154795
20 26 125 -1.4204170261017466
21 0 80 -0.6515887634792461
21 0 68 -0.7365078698689106
21 1 114 -0.43269621290893817
21 1 52 -1.0462785419525973
21 2 82 -1.3704558259867419
21 2 124 -0.2930178254867586
21 3 64 -1.4378071153153231
21 3 18 -1.315134386378425
21 3 4 -1.0455310217328826
21 3 10 -1.9476503657456352
21 4 22 -0.9771570438448351
21 4 87 -0.4722134450839731
21 5 70 0.0
21 6 50 -2.1002820764187984
21 6 84 -2.462945361126836
21 6 72 -2.0129900076866063
21 6 88 -3.31781728916596
21 6 121 -0.8870332034055299
21 6 44 -3.1284240459665895
21 6 14 -1.7902927041994559
21 7 0 -0.3934014720965752
21 7 92 -1.1231851335073644
21 8 110 0.0
21 9 119 -1.8394770173443586
21 9 106 -2.1882180288674125
21 9 43 -1.7718666435748314
21 9 28 -1.6295152940545525
21 9 94 -1.8640903147867063
21 9 47 -1.5706689647413115
21 10 99 -1.784911863868937
21 10 8 -1.0937310357817174
21 10 24 -0.6987151446192662
21 11 41 -0.06665133586350964
21 11 91 -2.7414207643547166
21 12 16 -0.9049171026126116
21 12 96 -3.619726686638778
21 12 49 -4.570898196593888
21 12 117 -4.087630144913889
21 12 54 -1.0281198132695566
21 12 63 -1.6937539895215052
21 13 35 -2.319961230620028
21 13 101 -0.1034483402357567
21 14 13 -0.939673710641537
21 14 79 -0.4955353084855211
21 15 112 0.0
21 16 36 -0.6333139461099948
21 16 59 -0.7567895524834924
21 17 39 -2.1993488816278655
21 17 57 -0.17062023113287342
21 17 127 -3.0794843745622558
21 18 33 -1.2520792972058246
21 18 21 -1.2475993217309542
21 18 103 -0.8512127846529841
21 19 31 0.0
21 20 75 0.0
21 22 61 0.0
21 23 7 -0.7044226389061512
21 23 27 -0.6819974419441714
21 24 105 0.0
21 25 3 -2.657588132585742
21 25 67 -0.2329218434846859
21 25 109 -1.9829147865654275
21 26 123 -0.04122780665765257
21 26 77 -3.209185413570457
22 0 80 0.0
22 1 98 -1.4142008684005691
22 1 114 -1.6096191025222537
22 1 52 -1.022328536305001
22 1 69 -1.623738908084583
22 2 82 0.0
22 3 64 -0.9896664716204562
22 3 18 -1.654475848382711
22 3 4 -1.2283319657787912
22 3 10 -1.935676663775211
22 4 87 0.0
22 5 70 0.0
22 6 72 -0.9948421053745892
22 6 88 -2.422644860184494
22 6 121 -0.8017470111974734
22 6 44 -2.375298119903257
22 7 0 -0.02877158275304343
22 7 92 -3.562718388704942
22 8 110 0.0
22 9 119 -2.40563202820078
22 9 106 -1.6851758456205739
22 9 43 -1.1222098642953995
22 9 94 -1.2822062036364568
22 9 47 -2.108700767510608
22 10 60 0.0
22 11 41 -0.0636330845069937
22 11 91 -2.786269579793204
22 12 16 -2.155802927639062
22 12 96 -1.5658360261090878
22 12 49 -2.6488592439291168
22 12 117 -1.7386958482908434
22 12 54 -2.249525349911806
22 12 23 -2.6387890295016097
22 12 29 -2.288513822937936
22 12 15 -2.757494199888102
22 12 63 -2.4414954884617117
22 13 35 -0.5426421954955467
22 13 51 -2.717314704330107
22 13 101 -1.0420309411840758
22 14 13 -2.8666877217291242
22 14 79 -0.058569216219636004
22 15 112 -0.7057771451386897
22 15 85 -2.1293694129147407
22 15 9 -0.9483930000367514
22 16 36 -0.09474076045438484
22 16 59 -2.4036073708112196
22 17 39 -1.5413808122623593
22 17 57 -0.3341658970355463
22 17 127 -2.6595498865606797
22 18 33 -2.8937262007288265
22 18 21 -1.2958810868037816
22 18 103 -0.3990251184130614
22 19 31 0.0
22 20 75 0.0
22 21 25 0.0
22 23 7 -0.7091437834683648
22 23 27 -0.677402445216967
22 24 105 0.0
22 25 3 -2.391382970517512
22 25 67 -0.31198195197850515
22 25 109 -1.7344218784803227
22 26 123 -1.6767807468490419
22 26 77 -1.7229902189751205
22 26 125 -0.4549281234956569
23 0 120 0.0
23 1 98 -1.145181604992129
23 1 69 -0.38296924609961114
23 2 82 0.0
23 3 64 -1.2089697417680436
23 3 18 -1.4616962487039042
23 3 4 -1.072113778125421
23 3 10 -2.06067141096007
23 4 118 -1.727167845792284
23 4 87 -0.19575605907485624
23 5 70 0.0
23 6 26 -0.6069751103254806
23 6 74 -0.7874511212297935
23 7 0 -0.6386142646291905
23 7 92 -0.7508263334402522
23 8 42 0.0
23 9 73 -0.38893685127339306
23 9 47 -1.132511641998984
23 10 81 -0.5199362714511994
23 10 45 -1.8928760538364426
23 10 95 -1.367262146205047
23 11 41 -0.09229862635277573
23 11 91 -2.4285203985237107
23 12 96 -2.2577921200758437
23 12 49 -1.5525746860198768
23 12 117 -2.618763659533878
23 12 23 -2.0165672384192175
23 12 29 -2.019637927040869
23 12 15 -1.3451850686295819
23 12 63 -2.470801239115941
23 13 35 -0.566606651985005
23 13 51 -1.9046707047574112
23 13 101 -1.2599062519773696
23 14 13 -0.7110047605057358
23 14 79 -0.6756029070604975
23 15 112 -1.1870989132047516
23 15 53 -1.5517920323368273
23 15 85 -1.8906466080069628
23 15 55 -1.3978710163492094
23 15 9 -2.465925033245513
23 16 36 -0.9111361580310007
23 16 59 -0.5142768266643255
23 17 39 -1.8155724529171142
23 17 57 -0.5206892509372429
23 17 127 -1.4140999105766419
23 18 33 -1.34198143000345
23 18 21 -1.4185541288759478
23 18 103 -0.6999525051047638
23 19 107 -2.49495692298445
23 19 31 -0.6703595705386572
23 19 111 -0.9014627633435585
23 20 6 0.0
23 21 17 -0.6991988244623458
23 21 115 -1.131627326363559
23 21 25 -1.711976405906658
23 22 89 -1.1483652612800916
23 22 61 -0.3814871084740192
23 24 105 0.0
23 25 3 -1.1059651794920031
23 25 67 -0.5919812426500932
23 25 109 -2.155212823015411
23 26 123 -1.000916622774399
23 26 77 -0.938407970912283
23 26 125 -1.4220981783121287
24 0 80 0.0
24 1 98 -1.4873686859680408
24 1 114 -1.6479821883826846
24 1 52 -0.9588936060536246
24 1 69 -1.6180803199362426
24 2 82 0.0
24 3 10 -2.6601385190126194
24 3 58 -0.07250460174694262
24 4 87 0.0
24 5 5 -0.25685591876976627
24 5 70 -1.484920491017033
24 6 72 -0.8249539492442611
24 6 88 -1.6713592945390972
24 6 121 -1.1757208641237153
24 6 44 -2.730955132076902
24 7 0 -0.1694584259861652
24 7 92 -1.8586806492633998
24 8 110 0.0
24 9 19 -0.3564190857131905
24 9 119 -3.886562378664667
24 9 106 -2.212382483812428
24 9 43 -2.0522980249950935
24 9 94 -3.6116834809505756
24 9 47 -4.2391547320413165
24 10 104 0.0
24 11 65 -0.13641549855333068
24 11 41 -2.3047868207236486
24 11 91 -3.584883916016553
24 12 16 -2.221042706871259
24 12 96 -1.856416361414219
24 12 49 -2.723731002430908
24 12 117 -1.9972927052020568
24 12 54 -2.2793703279722037
24 12 23 -2.4674020893541604
24 12 29 -1.9566330336579025
24 12 15 -2.1261377456272683
24 12 63 -2.451586384013835
24 13 35 -0.5256750449007884
24 13 51 -2.4486853752809563
24 13 101 -1.1318483712002636
24 14 13 -1.5261535479052737
24 14 79 -0.24509544737495934
24 15 112 -0.7197175945070368
24 15 85 -1.9427678998460038
24 15 9 -0.9947834373313235
24 16 36 0.0
24 17 39 -1.6483920144528046
24 17 57 -0.3020346381472278
24 17 127 -2.683427247729297
24 18 33 -1.9556171516051095
24 18 21 -1.0625026464412242
24 18 103 -0.667609997688074
24 19 31 0.0
24 20 75 0.0
24 21 25 0.0
24 22 61 0.0
24 23 7 -0.698526111502612
24 23 27 -0.6877970277885833
24 25 3 -1.9790086894348342
24 25 67 -0.36903549512260136
24 25 109 -1.769647999497699
24 26 123 -1.6586571078427979
24 26 77 -1.5915749094669873
24 26 125 -0.5008739528069992
25 0 48 -0.6616233359815774
25 0 126 -0.7256972151120359
25 1 100 -0.20962375168747732
25 1 69 -3.8296423339701433
25 1 62 -1.7874089432072295
25 2 82 -0.7546661442963589
25 2 124 -0.635194467045797
25 3 64 -1.064112978377858
25 3 18 -1.602672153963874
25 3 4 -1.1543490149457305
25 3 10 -1.9779990212990595
25 4 22 -1.2031618543620375
25 4 87 -0.3570226953426964
25 5 70 0.0
25 6 2 -1.0912312014595045
25 6 50 -2.568767983336524
25 6 121 -0.8145638850922685
25 6 14 -1.9328515262747952
25 7 0 -0.23440218208669
25 7 92 -1.56562970114289
25 8 42 -1.3919411494092342
25 8 110 -0.2858068733547209
25 9 119 -2.044220241232652
25 9 73 -1.1827476983046297
25 9 106 -2.2332379396252082
25 9 28 -2.0171502996171666
25 9 94 -1.9628171557071352
25 9 47 -1.6960514630535009
25 10 81 -1.9223757066166236
25 10 99 -2.187262191910915
25 10 116 -2.052840965431267
25 10 38 -1.6096305218323412
25 10 24 -1.6008039758164418
25 10 108 -1.690383660719507
25 10 45 -3.6118012508106165
25 11 41 -0.07698333643253827
25 11 91 -2.6024110361723025
25 12 56 0.0
25 13 35 0.0
25 14 13 -1.3436135487924383
25 14 79 -0.30232365111268844
25 15 112 -0.5777812101949585
25 15 53 -1.5302519550142666
25 15 85 -4.283462869483099
25 15 55 -1.6835699978525975
25 15 9 -3.777832063514513
25 16 36 -0.4691916429154877
25 16 59 -0.9821840304423665
25 17 66 0.0
25 18 33 -1.7810531746850113
25 18 21 -1.3117114014189455
25 18 103 -0.5759319793393929
25 19 31 0.0
25 20 75 0.0
25 21 17 -1.2141391604223148
25 21 115 -0.3523493755513688
25 22 97 -2.1672225015899045
25 22 89 -3.401084505924619
25 22 61 -0.15997191935435967
25 23 7 -0.7051526290487773
25 23 27 -0.6812841547072286
25 24 105 0.0
25 26 123 -0.33525364722875967
25 26 77 -1.2558159545537273
26 0 48 -1.090956939046358
26 0 80 -0.692834907682342
26 0 68 -1.8082003004390121
26 1 114 -0.46063836761792165
26 1 52 -0.9966356060120183
26 2 124 0.0
26 3 64 -1.351867061515069
26 3 18 -1.3982444520669939
26 3 4 -1.1026552663501974
26 3 10 -1.8187731535771783
26 4 22 -1.0402207439747049
26 4 87 -0.43599132955731856
26 5 70 0.0
26 6 50 -2.1210950581092276
26 6 84 -2.40431591783931
26 6 72 -1.976379538339125
26 6 88 -2.5957940386722056
26 6 121 -0.9922865507546383
26 6 44 -3.033928142208822
26 6 14 -1.8466703890519556
26 7 0 -0.205114615366925
26 7 92 -1.6849912783794463
26 8 110 0.0
26 9 119 -2.042721528915724
26 9 106 -1.93404322249776
26 9 43 -1.7285086017267786
26 9 28 -2.2119013985499865
26 9 94 -1.3153683544885577
26 9 47 -1.7699268484103954
26 10 99 -2.976337068455113
26 10 83 -0.30465751902929866
26 10 8 -2.434148250919235
26 10 24 -2.087695384621588
26 11 41 -0.08557315930749938
26 11 91 -2.500865087533894
26 12 16 -1.8553964605636402
26 12 117 -3.0748309919913566
26 12 54 -1.44107588842966
26 12 76 -0.8537009853514076
26 12 63 -2.0032018723963207
26 13 35 -1.3837280567529713
26 13 101 -0.2885389728676612
26 14 13 -1.3632799759521534
26 14 79 -0.2954727610483231
26 15 122 0.0
26 16 36 -0.34743604195305133
26 16 59 -1.225868095178907
26 17 39 -1.6965811193675135
26 17 57 -0.2853691863814966
26 17 127 -2.7340734616173754
26 18 33 -1.7476953994293378
26 18 21 -1.1634432527017438
26 18 103 -0.6666678913953468
26 19 31 0.0
26 20 75 0.0
26 21 113 0.0
26 22 97 -1.5459738638166585
26 22 61 -0.23965948613540766
26 23 7 -0.7001035155443698
26 23 27 -0.6862389020673318
26 24 105 0.0
26 25 3 -2.53474347667857
26 25 67 -0.26046981186262036
26 25 109 -1.8969298433328694
