0 1 98 -3.1095499848357866
0 1 69 -0.04564719099971335
0 2 82 0.0
0 3 64 -1.4915272076842059
0 3 18 -1.200515456052602
0 3 4 -0.8878079524525859
0 3 10 -2.7745850165996337
0 4 87 0.0
0 5 70 0.0
0 6 121 0.0
0 7 0 -0.7898491341346061
0 7 92 -0.604977469945826
0 8 42 -0.5161357432310786
0 8 110 -0.9083780513098157
0 9 119 -1.5704081602555826
0 9 73 -0.9978752340325012
0 9 106 -3.3898011125613987
0 9 94 -2.7350499197597724
0 9 47 -1.1246329999269868
0 10 81 -0.1295555155830156
0 10 45 -2.1077242938793552
0 11 41 -0.08744851175405874
0 11 91 -2.4801107370003237
0 12 96 -3.9093825271641065
0 12 49 -0.6913088458031722
0 12 117 -4.5291848734034765
0 12 23 -1.3474215149109439
0 12 29 -4.401063989669007
0 12 15 -2.0091383001466006
0 12 63 -2.7812726553973444
0 13 35 -0.6664375308821625
0 13 51 -1.4315001869773754
0 13 101 -1.3962839231275341
0 14 13 -0.5814261956336404
0 14 79 -0.8189381190642895
0 15 112 -1.666976523732254
0 15 53 -1.4398595071745108
0 15 85 -1.8935502005251608
0 15 55 -0.9448236177970099
0 15 9 -3.354200046106543
0 16 36 -0.7012323862633678
0 16 59 -0.6851268214600811
0 17 39 -3.1846294235317
0 17 57 -0.8208191468484234
0 17 127 -0.6567469922647792
0 18 33 -0.8245144799941271
0 18 21 -1.3041317351918718
0 18 103 -1.237377592658994
0 19 31 0.0
0 20 75 0.0
0 21 17 -0.5181376908408953
0 21 115 -1.0231906390281724
0 21 25 -3.102760980363659
0 22 89 -1.0035585452107683
0 22 61 -0.45660996939824533
0 23 7 -0.9564387522971525
0 23 27 -0.4849286851020016
0 24 105 0.0
0 25 3 -0.6530909963452584
0 25 67 -0.8177764747940015
0 25 109 -3.266142538023517
0 26 123 -1.2818287051782307
0 26 77 -0.549687656964524
0 26 125 -1.9286750613540187
1 0 68 0.0
1 2 82 -3.6423744112119003
1 2 124 -0.026539152548071314
1 3 64 -1.474135121319127
1 3 18 -1.3306156384951933
1 3 4 -0.9414371344092504
1 3 10 -2.1486460472112907
1 4 87 0.0
1 5 70 0.0
1 6 50 -1.513316430199645
1 6 84 -1.6409066470239744
1 6 121 -1.7082919823791498
1 6 14 -0.904257887970111
1 7 0 -0.30411904896085407
1 7 92 -1.3385448529487542
1 8 42 -1.062126006263509
1 8 110 -0.42421992360562566
1 9 119 -2.4311533011733646
1 9 73 -1.251739977373331
1 9 106 -2.599119904728951
1 9 28 -1.5287474352466937
1 9 94 -1.925781187904868
1 9 47 -1.6652147088037292
1 10 81 -2.158106349339764
1 10 99 -1.837766587727392
1 10 116 -1.37889310245827
1 10 8 -1.5951893140237412
1 10 24 -1.393491489578402
1 10 45 -3.8009609747062716
1 11 41 -0.1297043726810272
1 11 91 -2.1066487913255982
1 12 16 -2.4247673024190064
1 12 49 -6.401827677591541
1 12 34 -0.2945210751211413
1 12 54 -2.5138258071248076
1 12 23 -5.837591664921792
1 12 63 -2.512309757487065
1 13 101 0.0
1 14 13 -1.2379783809009348
1 14 79 -0.3424478230158154
1 15 112 -0.7158623552323429
1 15 53 -0.6709365455532388
1 16 36 -0.3668789494333966
1 16 59 -1.1805607352510832
1 17 39 -4.907874888871228
1 17 57 -0.015878201299617523
1 17 127 -4.783742595407035
1 18 33 -1.4427233460791318
1 18 21 -0.8671575182676604
1 18 103 -1.0683571435405206
1 19 31 0.0
1 20 75 0.0
1 21 115 0.0
1 22 97 -0.5110519499330871
1 22 89 -3.514556881394965
1 22 61 -0.9932398329148798
1 23 7 -0.7512162515063555
1 23 27 -0.6382658631805862
1 24 105 0.0
1 25 3 -3.5565698447712655
1 25 67 -0.04791032061719233
1 25 109 -4.003908559441781
1 26 123 -0.07119897253902398
1 26 77 -2.677665165921193
2 0 80 0.0
2 1 98 -3.4491926441356457
2 1 114 -3.7932228336098484
2 1 52 -0.06883045892389125
2 1 69 -4.404608059657407
2 3 64 -1.5599724602021414
2 3 18 -1.6698671785843902
2 3 4 -1.2921724212556231
2 3 10 -1.1180622905768791
2 4 87 0.0
2 5 70 0.0
2 6 72 -2.389257034784394
2 6 88 -1.3118418240404939
2 6 121 -0.7546640076909145
2 6 44 -1.7789808689374509
2 7 0 -0.048685968273966033
2 7 92 -3.046608638809359
2 8 110 0.0
2 9 119 -2.5296088481324346
2 9 106 -2.1544189413244483
2 9 43 -1.4695055461020938
2 9 94 -0.8426477389689575
2 9 47 -1.939811234534812
2 10 83 0.0
2 11 41 -0.40616437443800263
2 11 91 -1.0972152212212287
2 12 16 -4.558181816546023
2 12 96 -3.232167494560587
2 12 49 -5.304274152508402
2 12 117 -3.939242805998044
2 12 54 -1.9112093729878297
2 12 23 -4.303847750711265
2 12 76 -0.3988316332996245
2 12 29 -4.6991049309227995
2 12 15 -4.643206239191758
2 12 63 -2.5988095318986733
2 13 35 -0.5374118594272101
2 13 51 -3.1890296681281587
2 13 101 -0.9820841224909147
2 14 13 -2.3551074720117025
2 14 79 -0.09969140291653336
2 15 112 -5.763096783238048
2 15 85 -4.229015024810358
2 15 9 -4.536290512101187
2 15 122 -0.02883287366013612
2 16 36 -0.07717223323511037
2 16 59 -2.600053540635575
2 17 39 -1.976041847876722
2 17 57 -0.18422907578798547
2 17 127 -3.5187002735237995
2 18 33 -2.452182686088262
2 18 21 -0.5592686684584909
2 18 103 -1.0721623915666503
2 19 31 0.0
2 20 75 0.0
2 21 25 0.0
2 22 61 0.0
2 23 7 -0.7259351503100103
2 23 27 -0.6614002195043517
2 24 105 0.0
2 25 3 -3.0048911406058023
2 25 67 -0.31637131849617767
2 25 109 -1.5065787279460685
2 26 125 0.0
3 0 80 -2.221251999608709
3 0 120 -0.8504341104834122
3 0 46 -0.7672300748275067
3 1 98 -1.9798451575025502
3 1 114 -1.6906761729066637
3 1 52 -1.392461443877974
3 1 69 -0.8461780658459603
3 2 82 0.0
3 4 118 -0.807878843027135
3 4 87 -0.5902344850646148
3 5 5 -0.7394665736615487
3 5 70 -0.6488786302430192
3 6 72 0.0
3 7 0 -3.7454122431274857
3 7 92 -0.023909453955056392
3 8 42 0.0
3 9 19 -2.347345613781403
3 9 40 -0.10050857767694767
3 10 90 -1.9759319982887606
3 10 11 -1.0804535053989066
3 10 45 -2.8185622863077664
3 10 95 -0.77168250815532
3 11 65 0.0
3 12 16 -2.888724963182834
3 12 96 -2.6977045706720557
3 12 49 -1.913456846948905
3 12 117 -2.6657893897170966
3 12 54 -2.527700157261508
3 12 23 -1.8223299055778577
3 12 29 -1.6719321167491328
3 12 15 -1.9306051930672545
3 12 63 -2.459895166486954
3 13 35 -0.7852348234233155
3 13 51 -1.4749170909535738
3 13 101 -1.154580606901163
3 14 13 -0.05106432421771926
3 14 79 -3.0000926977253717
3 15 112 -1.388753733586232
3 15 85 -0.7225217401653194
3 15 9 -1.3276943830680548
3 16 59 0.0
3 17 39 -1.8394261209419827
3 17 57 -0.6433396600235333
3 17 127 -1.1534158784187734
3 18 33 -2.3046967702615775
3 18 21 -3.4898163327585694
3 18 103 -0.13960181443433967
3 19 107 -1.0375758311708487
3 19 31 -3.019814079991511
3 19 111 -0.5160439614782588
3 20 75 0.0
3 21 25 0.0
3 22 89 -1.5114095046441145
3 22 61 -0.24922937678657592
3 23 7 -0.7510523883887543
3 23 27 -0.6384122475992846
3 24 37 -0.012898286704626198
3 24 105 -4.35710300148348
3 25 3 -1.1015879670105126
3 25 67 -0.6786540544917344
3 25 109 -1.8303479922378854
3 26 123 -1.7474325297953455
3 26 77 -0.9974409485500261
3 26 125 -0.7831654270463015
4 0 86 0.0
4 1 98 -3.0460869992756345
4 1 69 -0.04871200031111393
4 2 82 0.0
4 3 64 -1.4857549966500638
4 3 18 -1.2055828893713285
4 3 4 -0.8927147195128778
4 3 10 -2.7394047976561864
4 5 70 0.0
4 6 121 0.0
4 7 0 -0.8007509442467357
4 7 92 -0.5960053515718137
4 8 42 -0.517161424104077
4 8 110 -0.9068616683268839
4 9 119 -1.5619993136857022
4 9 73 -1.0004126338206416
4 9 106 -3.3341366824248504
4 9 94 -2.7422723698213716
4 9 47 -1.1316929743487922
4 10 81 -0.1319643660557204
4 10 45 -2.0904800271839297
4 11 41 -0.09127598820896789
4 11 91 -2.439158405229193
4 12 96 -3.6683934452269433
4 12 49 -0.7211957490563495
4 12 117 -4.404368380967212
4 12 23 -1.3478143434432572
4 12 29 -4.151232101086046
4 12 15 -2.015994279330923
4 12 63 -2.697885551302393
4 13 35 -0.6566137148414402
4 13 51 -1.4260209990601442
4 13 101 -1.42240885665175
4 14 13 -0.5700906861385294
4 14 79 -0.8334998555084754
4 15 112 -1.6638157893422991
4 15 53 -1.4542424036060384
4 15 85 -1.8872488018757947
4 15 55 -0.9400063483766149
4 15 9 -3.355424666749074
4 16 36 -0.7129310226933331
4 16 59 -0.6737471576921653
4 17 39 -3.1966298478200703
4 17 57 -0.7823471995908431
4 17 127 -0.6896156502215224
4 18 33 -0.8401897231739501
4 18 21 -1.3424693867697697
4 18 103 -1.1803490351093144
4 19 31 0.0
4 20 75 0.0
4 21 17 -0.5152999389978467
4 21 115 -1.028359310236266
4 21 25 -3.0991965164364257
4 22 89 -0.9772969967473439
4 22 61 -0.4721289874401768
4 23 7 -0.923328218011662
4 23 27 -0.5061613311643112
4 24 105 0.0
4 25 3 -0.6856933302894428
4 25 67 -0.7884614025908937
4 25 109 -3.176881722062671
4 26 123 -1.2515575710858173
4 26 77 -0.5616356992970887
4 26 125 -1.9402668599387247
5 0 80 -2.5036520866020533
5 0 120 -0.8712498831778546
5 0 46 -0.6935752715993774
5 1 98 -2.024333992843868
5 1 114 -1.6765210081044668
5 1 52 -1.4831961192659664
5 1 69 -0.7896945853856299
5 2 82 0.0
5 3 64 -0.6227456542629484
5 3 18 -2.7255992891385574
5 3 4 -0.9344324506099275
5 3 10 -5.256240731496155
5 4 118 -0.7589393001891942
5 4 87 -0.6314177459810159
5 6 72 0.0
5 7 0 -4.409923877241837
5 7 92 -0.012230593364121405
5 8 42 0.0
5 9 71 0.0
5 10 90 -1.699341395465163
5 10 45 -2.479769344001804
5 10 95 -0.31001824252285504
5 11 41 0.0
5 12 16 -2.969345145091374
5 12 96 -2.824402808587273
5 12 49 -1.9108562894436185
5 12 117 -2.6665157011824063
5 12 54 -2.651554469150538
5 12 23 -1.7771360156956557
5 12 29 -1.5442680433348182
5 12 15 -1.9691414291127267
5 12 63 -2.536240966319471
5 13 35 -0.8036177067149177
5 13 51 -1.4527342718137082
5 13 101 -1.1445603545353578
5 14 13 -0.03141962043580537
5 14 79 -3.475991404098257
5 15 112 -1.399535379587138
5 15 85 -0.5570624533760582
5 15 9 -1.7125844840062256
5 16 59 0.0
5 17 39 -1.8403891709284226
5 17 57 -0.6788245088889431
5 17 127 -1.096519970984448
5 18 33 -0.5991015936356369
5 18 21 -3.5962614274407647
5 18 103 -0.8597473183161461
5 19 107 -1.1735034000413096
5 19 31 -3.5251612758609574
5 19 111 -0.41359087602138184
5 20 75 0.0
5 21 25 0.0
5 22 89 -1.2445550529932623
5 22 61 -0.33977435975008163
5 23 7 -0.7584637196727206
5 23 27 -0.6318365746158786
5 24 37 -0.01154740059350432
5 24 105 -4.467063068549955
5 25 3 -1.1197118656188032
5 25 67 -0.6674696953442548
5 25 109 -1.8287065836343634
5 26 123 -1.7247466368137971
5 26 77 -0.8854579302462583
5 26 125 -0.8934129901092743
6 0 120 0.0
6 1 98 -2.789044435707094
6 1 69 -0.06345104213430931
6 2 82 0.0
6 3 64 -1.5732779102646606
6 3 18 -1.2623486623865048
6 3 4 -0.7606197099749131
6 3 10 -3.1636692737421614
6 4 118 -5.218413567252243
6 4 87 -0.005430633531847589
6 5 70 0.0
6 7 0 -1.115690042205254
6 7 92 -0.397034369224366
6 8 42 0.0
6 9 73 -0.354933798516867
6 9 47 -1.2080473053996463
6 10 81 -0.3498511320806179
6 10 45 -1.716452285896804
6 10 95 -2.1584462615265956
6 11 41 -0.06091056371316494
6 11 91 -2.828649358592698
6 12 96 -3.5252675792352868
6 12 49 -1.013151820599751
6 12 117 -4.299977995344223
6 12 23 -1.9487834147020586
6 12 29 -3.7376967932835408
6 12 15 -1.0207712750384481
6 12 63 -2.697981426124257
6 13 35 -0.9109629012112116
6 13 51 -0.8351120912039681
6 13 101 -1.8076612560988823
6 14 13 -0.3882592224387478
6 14 79 -1.1339384950898017
6 15 112 -1.840581756884849
6 15 53 -1.761463556631206
6 15 85 -1.1557622174990516
6 15 55 -1.1298374937191973
6 15 9 -3.455280419278542
6 16 36 -0.9903858600481185
6 16 59 -0.46431319783304315
6 17 39 -3.066885437062311
6 17 57 -0.6915917286698074
6 17 127 -0.7926234710997717
6 18 33 -0.6995161945377475
6 18 21 -1.5783681893983543
6 18 103 -1.2144848546299605
6 19 107 -1.4118382072409474
6 19 31 -0.9223167257373146
6 19 111 -1.0252459224184056
6 20 75 0.0
6 21 17 -0.5274713314750821
6 21 115 -1.0420853642341341
6 21 25 -2.8614393137797687
6 22 89 -0.8702922093414511
6 22 61 -0.5427104957835351
6 23 7 -1.9711059278863055
6 23 27 -0.15001241853487648
6 24 105 0.0
6 25 3 -0.4553487186655664
6 25 67 -1.120569612496816
6 25 109 -3.2269270785908892
6 26 123 -1.1102738547978481
6 26 77 -0.6235340161154149
6 26 125 -2.0063056643872215
7 0 80 0.0
7 1 98 -1.2167565929219515
7 1 114 -1.3076270169018067
7 1 52 -1.3491912251800608
7 1 69 -1.749277046450949
7 2 82 0.0
7 3 64 -1.2184329806075365
7 3 18 -1.4075822686596837
7 3 4 -0.8454321695758809
7 3 10 -3.4998864622827934
7 4 87 0.0
7 5 70 0.0
7 6 72 -0.8543706387835801
7 6 88 -1.8590734536410578
7 6 121 -1.2112182615109586
7 6 44 -2.113636258118032
7 8 110 0.0
7 9 119 -5.148535759863314
7 9 106 -4.766110449140242
7 9 43 -5.427140066775523
7 9 93 -0.02650630054541328
7 9 94 -5.451172016777309
7 9 47 -5.760404070555821
7 10 1 0.0
7 11 41 -0.02730950231083153
7 11 91 -3.6141442433367343
7 12 16 -2.0771758418274913
7 12 96 -1.3225706747341917
7 12 49 -3.028753990013249
7 12 117 -2.017224101066715
7 12 54 -2.094724561789821
7 12 23 -2.6897667743788953
7 12 29 -2.5838766443518884
7 12 15 -2.99070809407761
7 12 63 -2.2060636102953377
7 13 35 -0.6200738836496721
7 13 51 -2.257947852363294
7 13 101 -1.0285347204675215
7 14 13 -0.6374025206681099
7 14 79 -0.7521837146031891
7 15 112 -1.1165112749748893
7 15 85 -2.1613961175591743
7 15 9 -0.5844440139527634
7 16 36 -0.5522329073707303
7 16 59 -0.8572272624370887
7 17 39 -1.4092375161620807
7 17 57 -0.45350321763331486
7 17 127 -2.1179979294455005
7 18 33 -0.7461068473605765
7 18 21 -1.3601631723094554
7 18 103 -1.312404819863313
7 19 31 0.0
7 20 75 0.0
7 21 25 0.0
7 22 61 0.0
7 23 7 -0.7331442255536174
7 23 27 -0.6546885637816109
7 24 105 0.0
7 25 3 -1.9095292479134727
7 25 67 -0.5692260213827373
7 25 109 -1.2521601373292313
7 26 123 -3.6686151158970626
7 26 77 -2.1334753608224566
7 26 125 -0.15541105575367747
8 0 80 -0.633514961679808
8 0 46 -0.7565621676753025
8 1 98 -1.4454179881769167
8 1 114 -1.2703891153292617
8 1 52 -1.3653546380098258
8 1 69 -1.476919749832625
8 2 82 0.0
8 3 64 -1.647257639406114
8 3 18 -1.2328440799577343
8 3 4 -0.7854228749987472
8 3 10 -2.8128545003467686
8 4 118 -1.1781011299848425
8 4 87 -0.36797104145363646
8 5 70 0.0
8 6 72 -1.001236743931157
8 6 88 -2.0321066511598054
8 6 121 -0.859284521584575
8 6 44 -2.550390743851539
8 7 0 -0.4307047317603973
8 7 92 -1.0499673401920961
8 9 106 -1.3358685241446375
8 9 43 -0.3540507386698385
8 9 94 -3.3458309318602537
8 10 30 0.0
8 11 41 -0.04812565911275149
8 11 91 -3.0579061187431047
8 12 16 -2.010137773151115
8 12 96 -1.5340941301302091
8 12 49 -2.363757194274249
8 12 117 -2.0893283218984764
8 12 54 -2.3643371433837532
8 12 23 -2.5048932989797854
8 12 29 -2.169315141702306
8 12 15 -2.9381249717269515
8 12 63 -2.4121125065232603
8 13 35 -0.6797073724276528
8 13 51 -2.0507757238909727
8 13 101 -1.0089553594965412
8 14 13 -1.0097102655806727
8 14 79 -0.4530671000089214
8 15 112 -1.0043287279487945
8 15 85 -2.0248623108684303
8 15 9 -0.6897578336569714
8 16 36 -0.4621120839457284
8 16 59 -0.9941218183654671
8 17 39 -1.333787609115685
8 17 57 -0.6623704464938293
8 17 127 -1.5100679688327867
8 18 33 -1.0143953475571872
8 18 21 -0.9704402717444897
8 18 103 -1.353005819696063
8 19 111 0.0
8 20 75 0.0
8 21 25 0.0
8 22 61 0.0
8 23 7 -0.7310262841441589
8 23 27 -0.6566506905727478
8 24 105 0.0
8 25 3 -1.7909031517882363
8 25 67 -0.6785646521374749
8 25 109 -1.1213308114725993
8 26 123 -3.074717556534165
8 26 77 -2.3273116962243408
8 26 125 -0.15520496035630665
9 0 80 -2.5191356364411828
9 0 120 -0.8663160713986527
9 0 46 -0.6952032255093578
9 1 98 -2.058243017594648
9 1 114 -1.6660471533673147
9 1 52 -1.4931880834268771
9 1 69 -0.7794156567978788
9 2 82 0.0
9 3 64 -0.5636036990602932
9 3 18 -2.994322333709606
9 3 4 -0.9716575814688978
9 3 10 -6.066208423796458
9 4 118 -0.7622280525696014
9 4 87 -0.6285316653170706
9 5 70 0.0
9 6 72 0.0
9 7 0 -5.328724282526604
9 7 92 -0.00486205427342968
9 8 42 0.0
9 10 90 -1.7051205398962979
9 10 45 -2.5066918620759155
9 10 95 -0.30555824693793465
9 11 41 0.0
9 12 16 -3.009238425313441
9 12 96 -2.942640482251504
9 12 49 -1.9002454254648034
9 12 117 -2.6638555533773367
9 12 54 -2.6878929789589927
9 12 23 -1.7490719270591908
9 12 29 -1.5132652722798283
9 12 15 -1.9332018907843127
9 12 63 -2.632478290482869
9 13 35 -0.8148732828260071
9 13 51 -1.4453366129567904
9 13 101 -1.1343290733717228
9 14 13 -0.012118236239247888
9 14 79 -4.41909683305364
9 15 112 -1.395278168331393
9 15 85 -0.5546747538167922
9 15 9 -1.7261015855942552
9 16 59 0.0
9 17 39 -1.8206285428684716
9 17 57 -0.7058789075756542
9 17 127 -1.0659469538187927
9 18 33 -0.46270027528610874
9 18 21 -4.580237376131664
9 18 103 -1.0211895975145584
9 19 107 -1.1765112348931244
9 19 31 -3.6020806718491154
9 19 111 -0.408900347776625
9 20 75 0.0
9 21 25 0.0
9 22 89 -1.2531800433679068
9 22 61 -0.3363054553664178
9 23 7 -0.7645261892489544
9 23 27 -0.6265254497515139
9 24 37 -0.007247252024429336
9 24 105 -4.930754350648115
9 25 3 -1.092114022357664
9 25 67 -0.6957230234039008
9 25 109 -1.7970949446775069
9 26 123 -1.7174610937779264
9 26 77 -0.9188704141403647
9 26 125 -0.8639137095912667
10 0 80 0.0
10 1 98 -1.1565049553227196
10 1 114 -1.3038719672450063
10 1 52 -1.4453279143294129
10 1 69 -1.7244623618708583
10 2 82 0.0
10 3 64 -1.560832385109218
10 3 18 -1.6754169696660937
10 3 4 -1.2664645233281688
10 3 10 -1.1363689125306442
10 4 87 0.0
10 5 70 0.0
10 6 72 -2.493453111493868
10 6 88 -1.3571857625649617
10 6 121 -0.6854717290995843
10 6 44 -1.857007062317607
10 7 0 -0.005139136910971379
10 7 92 -5.273438597776706
10 8 110 0.0
10 9 119 -2.5730056575718856
10 9 106 -2.2057149598449866
10 9 43 -1.4833256787700146
10 9 94 -0.8108798369917406
10 9 47 -1.950705811877819
10 11 41 -0.3824029035947102
10 11 91 -1.146396365094406
10 12 16 -2.0366513034026203
10 12 96 -0.9822181244578142
10 12 49 -2.8916907997080585
10 12 117 -1.8265775620040825
10 12 54 -2.19358999000524
10 12 23 -3.0064419089873926
10 12 29 -4.33909770635387
10 12 15 -4.001897284721412
10 12 63 -2.4499549078146905
10 13 35 -0.6432740544803716
10 13 51 -2.838313562719349
10 13 101 -0.877293945933758
10 14 13 -4.505941813583508
10 14 79 -0.011104613293833998
10 15 112 -1.1010403577385877
10 15 85 -2.901371161076963
10 15 9 -0.4901619046156775
10 16 36 -0.026462718890946146
10 16 59 -3.645220552284647
10 17 39 -1.1585172747981454
10 17 57 -0.5993233749803559
10 17 127 -1.9887561557287126
10 18 33 -4.0606416082832695
10 18 21 -0.28019471729018425
10 18 103 -1.4822527585278558
10 19 31 0.0
10 20 75 0.0
10 21 25 0.0
10 22 61 0.0
10 23 7 -0.7431753469779953
10 23 27 -0.6455030367757624
10 24 105 0.0
10 25 3 -2.225188552807842
10 25 67 -0.6608361598267958
10 25 109 -0.9794073016406184
10 26 123 -4.991680301010823
10 26 77 -3.8810245697696106
10 26 125 -0.027806971419015225
11 0 80 -2.2104054584517527
11 0 120 -0.8529779747209651
11 0 46 -0.7674401576355488
11 1 98 -1.9850793743956352
11 1 114 -1.692013077418869
11 1 52 -1.3924406552445485
11 1 69 -0.8439381975656105
11 2 82 0.0
11 3 64 0.0
11 4 118 -0.8075132220974741
11 4 87 -0.5905286917827572
11 5 5 -1.0547489012034652
11 5 70 -0.42814005611543715
11 6 72 0.0
11 7 0 -3.7952081905347983
11 7 92 -0.022734711744890772
11 8 42 0.0
11 9 19 -2.6482634151320363
11 9 40 -0.07340330977490497
11 10 90 -1.9501214897829973
11 10 11 -1.1055679289890772
11 10 45 -2.816478358994524
11 10 95 -0.7616312729240327
11 12 16 -2.893349424482394
11 12 96 -2.707649621413185
11 12 49 -1.913101105807135
11 12 117 -2.666469723742454
11 12 54 -2.531890760543554
11 12 23 -1.8231054975437957
11 12 29 -1.6666696785465243
11 12 15 -1.9259941694606657
11 12 63 -2.463229542477198
11 13 35 -0.7866088558324087
11 13 51 -1.4688710004686711
11 13 101 -1.1569991413254879
11 14 13 -0.04909965451100873
11 14 79 -3.0383526609124676
11 15 112 -1.3895337638023209
11 15 85 -0.7186117575892361
11 15 9 -1.3341570998636239
11 16 59 0.0
11 17 39 -1.840893105191943
11 17 57 -0.6441240648362654
11 17 127 -1.1513739107473961
11 18 33 -1.8524115753903494
11 18 21 -3.4345350740642906
11 18 103 -0.2096090942304322
11 19 107 -1.0335430641615861
11 19 31 -3.037841558882151
11 19 111 -0.5169821194224468
11 20 75 0.0
11 21 25 0.0
11 22 89 -1.5120398101416461
11 22 61 -0.24905104956438007
11 23 7 -0.7519217255067377
11 23 27 -0.6376361578730736
11 24 37 -0.013900823729012706
11 24 105 -4.282749540027928
11 25 3 -1.098128547050739
11 25 67 -0.6798896723286912
11 25 109 -1.833628942590533
11 26 123 -1.7464619177738947
11 26 77 -1.000234614020324
11 26 125 -0.7812857391453255
12 0 48 -0.14289076584051874
12 0 126 -2.01626960303317
12 1 100 -0.10489293632938858
12 1 69 -6.158269970194253
12 1 62 -2.3282807209616423
12 2 82 -3.515017661746606
12 2 124 -0.030198702821654166
12 3 64 -1.4861216651645812
12 3 18 -1.3184279577671998
12 3 4 -0.8898292452535943
12 3 10 -2.348941998630017
12 4 22 -0.36293061326682874
12 4 87 -1.1895266530661173
12 5 70 0.0
12 6 2 -1.324407027606799
12 6 50 -1.799814300435626
12 6 121 -1.6800892668662715
12 6 14 -0.961412442381131
12 7 0 -0.30943856606690545
12 7 92 -1.3237284863058543
12 8 42 -1.0654188575691796
12 8 110 -0.4224843570894146
12 9 119 -2.225000803247961
12 9 73 -1.1920538699334922
12 9 106 -2.745835992067004
12 9 28 -1.492017927332953
12 9 94 -2.2331402656888155
12 9 47 -1.6500965812643125
12 10 81 -2.1734167941393134
12 10 99 -2.191593745196457
12 10 116 -1.318405674568323
12 10 38 -2.40803547425355
12 10 24 -1.398152247017963
12 10 108 -1.9088990256672551
12 10 45 -3.8339831188783164
12 11 41 -0.11310754124216077
12 11 91 -2.2354369930438542
12 13 35 0.0
12 14 13 -1.269613646006107
12 14 79 -0.32981067460039
12 15 112 -1.19888935429242
12 15 53 -1.3413827361469035
12 15 85 -5.364780361560317
12 15 55 -0.8423690634761546
12 15 9 -6.425480463399956
12 16 36 -0.37650502208039455
12 16 59 -1.1591768643870417
12 17 57 0.0
12 18 33 -1.444871427294361
12 18 21 -0.8394542577320995
12 18 103 -1.1017850548483226
12 19 31 0.0
12 20 75 0.0
12 21 17 -0.6939184870287441
12 21 115 -0.6923764685463373
12 22 97 -0.32525830250659515
12 22 89 -3.6601743776805113
12 22 61 -1.3785991376803675
12 23 7 -0.763729948242056
12 23 27 -0.6272195707955754
12 24 105 0.0
12 25 67 0.0
12 26 123 -1.3323778753696345
12 26 77 -0.30632017373424264
13 0 48 -0.5113697578273333
13 0 68 -1.1914511357575448
13 0 126 -2.3377328647703823
13 1 100 -0.0679157620135363
13 1 62 -2.7232528344439295
13 2 82 -2.8965847060713896
13 2 124 -0.05679414562182433
13 3 64 -1.4499854781009005
13 3 18 -1.349271937401464
13 3 4 -0.9145350744846503
13 3 10 -2.250995487269488
13 4 22 -0.5011983688924891
13 4 87 -0.9309076595105028
13 5 70 0.0
13 6 2 -1.5986732983498873
13 6 50 -1.8625689387449378
13 6 84 -2.2522628284668555
13 6 121 -1.4388481301812055
13 6 14 -1.2033050341463365
13 7 0 -0.30176350539149377
13 7 92 -1.3452020736582069
13 8 42 -1.0611619904800107
13 8 110 -0.4247296828274358
13 9 119 -2.251646044848439
13 9 73 -1.1526504829352704
13 9 106 -2.6653101581184693
13 9 28 -1.611424426108487
13 9 94 -2.1350527806264354
13 9 47 -1.652573659122601
13 10 81 -2.323845455786344
13 10 99 -2.224902764467618
13 10 116 -1.6291608137847688
13 10 38 -2.6523373133679295
13 10 8 -1.9432651483992573
13 10 24 -1.399927068472426
13 10 108 -2.1738793385337924
13 10 45 -3.7355794804131714
13 11 41 -0.1260258401699421
13 11 91 -2.1336195486445613
13 12 34 0.0
13 14 13 -1.2235439884829429
13 14 79 -0.34840314472116224
13 15 112 -1.3336345765603697
13 15 53 -0.6283762006746453
13 15 55 -1.5944264945034847
13 16 36 -0.38363771308797845
13 16 59 -1.1437505752585884
13 17 57 0.0
13 18 33 -1.441459687638422
13 18 21 -0.9186500765854693
13 18 103 -1.0096116403147348
13 19 31 0.0
13 20 75 0.0
13 21 17 -1.5550704694997335
13 21 115 -0.2372101495873937
13 22 97 -0.46789608207282996
13 22 89 -3.4003624539479542
13 22 61 -1.0778682866217093
13 23 7 -0.751083216035868
13 23 27 -0.6383847047597204
13 24 105 0.0
13 25 67 0.0
13 26 123 -0.44104001925768427
13 26 77 -1.031047922179756
14 0 80 -0.5973327863304811
14 0 46 -0.7991243037465268
14 1 98 -1.2193331343823222
14 1 114 -1.4303093613421554
14 1 52 -1.2296948235653409
14 1 69 -1.7547169205732562
14 2 82 0.0
14 3 64 -1.3214606548339272
14 3 18 -1.6301251245378081
14 3 4 -0.6998448326252287
14 3 10 -3.2018421746200283
14 4 118 -0.9398143748031844
14 4 87 -0.49544510019106486
14 5 70 0.0
14 6 72 -0.7773376612390627
14 6 88 -2.0174960338785812
14 6 121 -1.2714319356778867
14 6 44 -2.063929614213446
14 7 0 -1.0660892418658887
14 7 92 -0.4221320844886895
14 8 42 -0.7253235712741424
14 8 110 -0.6619739168042801
14 9 12 0.0
14 10 78 -0.004494974348166358
14 10 95 -5.407041963130957
14 11 41 -0.04432169435991478
14 11 91 -3.1383600051265756
14 12 16 -2.037473992648968
14 12 96 -1.6263165980562242
14 12 49 -3.0137594133050327
14 12 117 -2.0929814275324543
14 12 54 -1.9678074622965347
14 12 23 -2.7265373834902924
14 12 29 -2.55622448003445
14 12 15 -2.635764619674342
14 12 63 -1.9235022109754136
14 13 35 -0.5935929019501324
14 13 51 -2.006185055070089
14 13 101 -1.1610411171204462
14 15 112 -1.1333238517505728
14 15 85 -1.7628744774133815
14 15 9 -0.6802553565076044
14 16 36 -1.2530193493918533
14 16 59 -0.33636970266451416
14 17 39 -1.530038250897726
14 17 57 -0.43069953839982617
14 17 127 -2.0142650931889636
14 18 33 -0.770255806280769
14 18 21 -1.4724287644446448
14 18 103 -1.1785077088962423
14 19 107 -1.0217727794351756
14 19 31 -0.4462187474230382
14 20 75 0.0
14 21 25 0.0
14 22 61 0.0
14 23 7 -0.7093890185067578
14 23 27 -0.6771649293623551
14 24 105 0.0
14 25 3 -1.916988025293893
14 25 67 -0.5050136897542616
14 25 109 -1.3884828256998665
14 26 123 -2.98573889530044
14 26 77 -1.5831528443998528
14 26 125 -0.2954842805063613
15 0 80 -2.3549574275463216
15 0 68 -0.0997071333693792
15 1 114 -0.6100722602647917
15 1 52 -0.7837539758327338
15 2 82 -4.4135320894297845
15 2 124 -0.012186272803932748
15 3 64 -1.4394891724262102
15 3 18 -1.3557060417356197
15 3 4 -0.9516721762113738
15 3 10 -2.127866706495018
15 4 22 -0.296051010964377
15 4 87 -1.3615997492100729
15 5 70 0.0
15 6 50 -1.427593692467713
15 6 84 -1.9843120900868971
15 6 72 -3.640746477175913
15 6 88 -3.6863688337350964
15 6 121 -1.6711623389100205
15 6 44 -4.199119931672071
15 6 14 -0.9988394896580467
15 7 0 -0.22542600423970582
15 7 92 -1.600359842640673
15 8 110 0.0
15 9 119 -2.143734058521134
15 9 106 -2.5581639206190463
15 9 43 -2.0196587740191974
15 9 28 -1.2111185358143828
15 9 94 -1.7317365449922015
15 9 47 -1.6205221930827418
15 10 99 -1.3811746203464363
15 10 8 -0.9641116638075574
15 10 24 -1.0013177386673355
15 11 41 -0.1435451488194617
15 11 91 -2.0120198387242825
15 12 16 -1.174905414972975
15 12 96 -5.543809793389692
15 12 49 -6.476784348457869
15 12 117 -5.877341305258743
15 12 54 -1.203214289683696
15 12 76 -1.2848159725542603
15 12 63 -2.2445983337010462
15 13 35 -2.6091546813003283
15 13 101 -0.07644564255816536
15 14 13 -1.4317556121843285
15 14 79 -0.27297627754066484
15 16 36 -0.30724662206250225
15 16 59 -1.32979757173903
15 17 39 -5.00163380053091
15 17 57 -0.016569161503803796
15 17 127 -4.6350418925516434
15 18 33 -1.6141111127474206
15 18 21 -0.7671262723220716
15 18 103 -1.08889890435782
15 19 31 0.0
15 20 75 0.0
15 21 113 0.0
15 22 61 0.0
15 23 7 -0.7474997677995299
15 23 27 -0.6415971264073228
15 24 105 0.0
15 25 3 -3.4424477492039327
15 25 67 -0.05643640549868494
15 25 109 -3.777181078546478
15 26 123 0.0
16 0 80 -1.0238609321624699
16 0 120 -1.5230528261524343
16 0 46 -0.8609757282014604
16 1 98 -1.261975929550074
16 1 114 -1.449996511433088
16 1 52 -1.303650301859155
16 1 69 -1.5568643862375995
16 2 82 0.0
16 3 58 0.0
16 4 118 -0.8931981030841758
16 4 87 -0.5265223945962552
16 5 5 -0.6312751852753299
16 5 70 -0.7591012751459899
16 6 72 -0.13270820914042902
16 6 44 -2.0852228781947657
16 7 0 -1.7387236632977898
16 7 92 -0.19327480532815794
16 8 42 0.0
16 9 32 -1.5361464250405281
16 9 19 -2.2923492565627184
16 9 40 -0.38014489115928196
16 10 20 -0.946903297904281
16 10 104 -0.5598171250759263
16 10 90 -4.586509366102592
16 10 11 -3.9025374985081625
16 10 95 -4.569128328819544
16 11 65 0.0
16 12 16 -1.9984176840937158
16 12 96 -2.070920958901139
16 12 49 -2.4747981028363197
16 12 117 -1.9848486395217608
16 12 54 -2.1500442314261257
16 12 23 -2.5466022945602296
16 12 29 -1.9179847929676659
16 12 15 -2.871681438689564
16 12 63 -2.1331242888814503
16 13 35 -0.6916789083673293
16 13 51 -2.349163209388112
16 13 101 -0.9067951453670915
16 14 13 -0.28883210847994006
16 14 79 -1.3828521673020013
16 15 112 -1.0566459405890514
16 15 85 -1.9421638759837272
16 15 9 -0.675333044871003
16 17 39 -1.3323953227052687
16 17 57 -0.5974681536306874
16 17 127 -1.6822635537357014
16 18 103 0.0
16 19 107 -1.3978594107707376
16 19 31 -1.2363737617564918
16 19 111 -0.7712403871763933
16 20 75 0.0
16 21 25 0.0
16 22 89 -3.6022463688439887
16 22 61 -0.02764092708272434
16 23 7 -0.7410816189316967
16 23 27 -0.6474057334176411
16 24 37 0.0
16 25 3 -2.061654478073999
16 25 67 -0.6491802977749584
16 25 109 -1.0490143043527536
16 26 123 -3.0045815509276146
16 26 77 -2.1363315344362936
16 26 125 -0.18349833274841962
17 0 48 -0.5193944877216308
17 0 126 -0.9035735552238815
17 1 100 -0.16548169926477788
17 1 69 -5.340783280082709
17 1 62 -1.912419686295857
17 2 82 -2.7885181697708052
17 2 124 -0.06348552607264449
17 3 64 -1.4396078103302636
17 3 18 -1.3740192092364656
17 3 4 -0.8928302898293828
17 3 10 -2.298628121224136
17 4 22 -0.7468802874592265
17 4 87 -0.6421546845817766
17 5 70 0.0
17 6 2 -0.859688117224644
17 6 50 -2.160552822340439
17 6 121 -1.4587062939192215
17 6 14 -1.4744367579407962
17 7 0 -0.2604041488284187
17 7 92 -1.4728986755323847
17 8 42 -1.0574784883577601
17 8 110 -0.4266844110691022
17 9 119 -2.3159880966361213
17 9 73 -1.007801964196198
17 9 106 -2.683209930957125
17 9 28 -1.8727905109314251
17 9 94 -2.124418868997641
17 9 47 -1.6359310996123109
17 10 81 -2.3215586226843152
17 10 99 -2.45562668826935
17 10 116 -1.8032661544836164
17 10 38 -1.752920926028196
17 10 24 -1.4024912411615773
17 10 108 -1.5643272297264326
17 10 45 -3.7796378341919
17 11 41 -0.10528682230459942
17 11 91 -2.3032485776691702
17 12 56 0.0
17 13 35 0.0
17 14 13 -1.3978149169935576
17 14 79 -0.28387119362392826
17 15 112 -1.1523985555497922
17 15 53 -1.3665784111271753
17 15 85 -4.8576562053959105
17 15 55 -0.8709632259225945
17 15 9 -5.86853075188283
17 16 36 -0.3441464767943624
17 16 59 -1.2338311408835672
17 18 33 -1.6325307337175992
17 18 21 -0.8728789207895882
17 18 103 -0.9497997163301307
17 19 31 0.0
17 20 75 0.0
17 21 17 -0.4969577977396635
17 21 115 -0.9374598708933545
17 22 97 -0.7342049613599273
17 22 89 -2.801034129368974
17 22 61 -0.777908100279824
17 23 7 -0.7697523964126604
17 23 27 -0.6219950641651362
17 24 105 0.0
17 25 67 0.0
17 26 123 -1.1619638520537046
17 26 77 -0.37523344178609325
18 0 80 -0.9897369641382905
18 0 120 -1.5397474117059966
18 0 46 -0.8821543168288877
18 1 98 -1.252397482467597
18 1 114 -1.4751960162948192
18 1 52 -1.2801212246868088
18 1 69 -1.5728948867220598
18 2 82 0.0
18 3 58 0.0
18 4 118 -0.9038576215038999
18 4 87 -0.5192010820729928
18 5 5 -0.8095834097243889
18 5 70 -0.5888654176211442
18 6 72 -0.1628349382877547
18 6 44 -1.8953311522361742
18 7 0 -1.262321651687687
18 7 92 -0.3326742006224702
18 8 42 0.0
18 9 32 -0.9883291412898584
18 9 19 -2.0956438745909596
18 9 40 -0.6835713544713301
18 10 20 -0.7094108391162982
18 10 104 -0.8040661821180985
18 10 90 -3.9959142247810275
18 10 11 -3.4846761383462077
18 10 95 -4.464875668990202
18 11 65 0.0
18 12 16 -2.046082091144211
18 12 96 -1.982842811628926
18 12 49 -2.5811965563516086
18 12 117 -2.043610324785138
18 12 54 -2.0783284072489163
18 12 23 -2.529689267317701
18 12 29 -2.04709143059549
18 12 15 -2.863888016399405
18 12 63 -1.9888001783087745
18 13 35 -0.6642705589992642
18 13 51 -2.2447567691465053
18 13 101 -0.9691697700160299
18 14 13 -0.47371014467872996
18 14 79 -0.9746820942599242
18 15 112 -1.0726955192030516
18 15 85 -1.8169961236102634
18 15 9 -0.702386460296236
18 16 102 0.0
18 17 39 -1.4280464076136663
18 17 57 -0.5317449219435276
18 17 127 -1.7565217940133298
18 19 107 -1.3931201672355111
18 19 31 -1.1952256821164795
18 19 111 -0.8005876494159234
18 20 75 0.0
18 21 25 0.0
18 22 89 -2.9200341458571293
18 22 61 -0.05544066783171286
18 23 7 -0.7181710949252647
18 23 27 -0.6687342054934611
18 24 37 0.0
18 25 3 -2.131245899743517
18 25 67 -0.5769413734889033
18 25 109 -1.1403810903261933
18 26 123 -2.7096512024286223
18 26 77 -1.6436622779543784
18 26 125 -0.3008766747768754
19 0 80 0.0
19 1 98 -1.3445348907332164
19 1 114 -1.2321993823859456
19 1 52 -1.3424868972634116
19 1 69 -1.6793595943663788
19 2 82 0.0
19 3 64 -1.6569713428052413
19 3 18 -1.2194930601535408
19 3 4 -0.8128539966873547
19 3 10 -2.6547820840561704
19 4 118 -0.7439511362627804
19 4 87 -0.6447999578163937
19 5 70 0.0
19 6 72 -0.8012345087911649
19 6 88 -2.09926503704761
19 6 121 -1.027378953422121
19 6 44 -2.648814607955753
19 7 0 -0.39263069962885416
19 7 92 -1.1247860998107753
19 8 110 0.0
19 9 106 -1.4091633262961483
19 9 43 -0.34089126573321543
19 9 94 -3.561435295594592
19 9 47 -4.127812517078702
19 10 30 0.0
19 11 41 -0.061244365380046344
19 11 91 -2.8233493288135185
19 12 16 -1.9599840443433092
19 12 96 -1.4705613787428393
19 12 49 -2.673070961646582
19 12 117 -1.9983856264605546
19 12 54 -2.301841741447388
19 12 23 -2.5164159543594797
19 12 29 -2.2408655977508958
19 12 15 -3.0384895372185
19 12 63 -2.4118129136015485
19 13 35 -0.6824406435629757
19 13 51 -2.0438457795401113
19 13 101 -1.0076158669864848
19 14 13 -1.0826563423578004
19 14 79 -0.4135395801830924
19 15 112 -0.9969510246001545
19 15 85 -2.1483301295219515
19 15 9 -0.6649128316273238
19 16 36 -0.42052837398607307
19 16 59 -1.0691498359278626
19 17 39 -1.2118284165153916
19 17 57 -0.6781464756861038
19 17 127 -1.6358303428474572
19 18 33 -1.085279158900976
19 18 21 -0.891819894594853
19 18 103 -1.377202033783464
19 20 75 0.0
19 21 25 0.0
19 22 61 0.0
19 23 7 -0.7353265355031111
19 23 27 -0.6526751525115678
19 24 105 0.0
19 25 3 -1.787112437282357
19 25 67 -0.7491935831265978
19 25 109 -1.0221808463280888
19 26 123 -3.136980016850509
19 26 77 -2.463806077771008
19 26 125 -0.13756707444760574
20 0 120 0.0
20 1 98 -2.462201598673
20 1 69 -0.08910126589851977
20 2 82 0.0
20 3 64 -1.524770335696715
20 3 18 -1.3083246133308732
20 3 4 -0.7945085725723751
20 3 10 -2.8091985912570427
20 4 118 -3.767004335255447
20 4 87 -0.02339271148354003
20 5 70 0.0
20 6 74 0.0
20 7 0 -1.0768190166288336
20 7 92 -0.4165424761987396
20 8 42 0.0
20 9 73 -0.36601461367251453
20 9 47 -1.1825135978267851
20 10 81 -0.3712680068778811
20 10 45 -1.663958135535849
20 10 95 -2.1140073266458734
20 11 41 -0.07844726652446245
20 11 91 -2.5842958747909304
20 12 96 -3.0618677138158934
20 12 49 -1.1399197906754632
20 12 117 -3.690989113991879
20 12 23 -1.8594514976087992
20 12 29 -3.2182741886401445
20 12 15 -1.1361974007008728
20 12 63 -2.3904526994759454
20 13 35 -0.8149667082256675
20 13 51 -0.9286007526187419
20 13 101 -1.818680031090807
20 14 13 -0.4587658719728907
20 14 79 -0.999844125376971
20 15 112 -1.7796565881463748
20 15 53 -1.8082597002250604
20 15 85 -1.2560245031228363
20 15 55 -1.0741747164241608
20 15 9 -3.1941524142002358
20 16 36 -1.0213883438428102
20 16 59 -0.4464350163335105
20 17 39 -2.879099888309309
20 17 57 -0.6288175442282671
20 17 127 -0.8901534386439273
20 18 33 -0.9469929990918474
20 18 21 -1.5779877109181668
20 18 103 -0.9021307129127597
20 19 107 -1.39573962951178
20 19 31 -0.9470267037424239
20 19 111 -1.0093451397672417
20 21 17 -0.5137118148772853
20 21 115 -1.0920048489766199
20 21 25 -2.7152846208275374
20 22 89 -0.8226588064279351
20 22 61 -0.5785018398781665
20 23 7 -0.11019799458059278
20 23 27 -2.2600696456609985
20 24 105 0.0
20 25 3 -0.5443145523090039
20 25 67 -0.9896456958372786
20 25 109 -3.0354660336244086
20 26 123 -1.0536791504357914
20 26 77 -0.7096298093250445
20 26 125 -1.8355789156335163
21 0 80 -2.364885783780186
21 0 68 -0.0986718585868738
21 1 114 -0.2657503623749268
21 1 52 -1.4551321736079565
21 2 82 -4.567949566331871
21 2 124 -0.010433459554917594
21 3 64 -1.4388366433669963
21 3 18 -1.3564612430064065
21 3 4 -0.9679980730650246
21 3 10 -2.076381359711544
21 4 22 -0.32847808452746535
21 4 87 -1.2730324909132678
21 5 70 0.0
21 6 50 -1.3790255168895664
21 6 84 -1.9528438272521043
21 6 72 -3.6236093195358454
21 6 88 -3.6548335141280073
21 6 121 -1.6716390823214116
21 6 44 -4.188805401584205
21 6 14 -1.0479639015814566
21 7 0 -0.22067706635894394
21 7 92 -1.6193651416500032
21 8 110 0.0
21 9 119 -2.1347176620700026
21 9 106 -2.556739697339908
21 9 43 -2.017989570290579
21 9 28 -1.255655134854337
21 9 94 -1.6840712999705238
21 9 47 -1.605762061266929
21 10 99 -1.370210053298925
21 10 8 -0.9794554339625128
21 10 24 -0.9930884247764517
21 11 41 -0.14872185433301213
21 11 91 -1.979116972752521
21 12 16 -0.7650572971486299
21 12 96 -5.462514495009541
21 12 49 -6.447113679362861
21 12 117 -5.769996140020288
21 12 54 -0.9413480959008658
21 12 63 -1.997725819361298
21 13 35 -2.8513926837508823
21 13 101 -0.05949931194591658
21 14 13 -1.4465037992470358
21 14 79 -0.26839177010940407
21 15 112 0.0
21 16 36 -0.3028861983733243
21 16 59 -1.3420216421423958
21 17 39 -4.909684297808204
21 17 57 -0.018540580371730963
21 17 127 -4.510319663906488
21 18 33 -1.606328581170753
21 18 21 -0.7697625685661237
21 18 103 -1.0898880039621055
21 19 31 0.0
21 20 75 0.0
21 22 61 0.0
21 23 7 -0.7471974553616854
21 23 27 -0.6418691382396221
21 24 105 0.0
21 25 3 -3.3753755405113326
21 25 67 -0.06153160441236722
21 25 109 -3.670194994534524
21 26 123 -0.040999979584870325
21 26 77 -3.214613659384601
22 0 80 0.0
22 1 98 -1.1610213912848308
22 1 114 -1.3139600758886316
22 1 52 -1.417781403174288
22 1 69 -1.7382415945583347
22 2 82 0.0
22 3 64 -1.562402950747723
22 3 18 -1.6764449834693633
22 3 4 -1.2767248137506793
22 3 10 -1.1258361142159672
22 4 87 0.0
22 5 70 0.0
22 6 72 -2.479491971782262
22 6 88 -1.3477680254527575
22 6 121 -0.7033187894286199
22 6 44 -1.8235305368644947
22 7 0 -0.016841433445818493
22 7 92 -4.092322050977409
22 8 110 0.0
22 9 119 -2.5634617191402946
22 9 106 -2.1948435283303236
22 9 43 -1.4794851082542222
22 9 94 -0.8194093516319801
22 9 47 -1.943934775698823
22 10 60 0.0
22 11 41 -0.3934787612904275
22 11 91 -1.1230248059424537
22 12 16 -2.0570065013311907
22 12 96 -1.0279652541096624
22 12 49 -2.933063612913379
22 12 117 -1.8645357429825722
22 12 54 -2.1570370271753307
22 12 23 -2.913594400228691
22 12 29 -4.057445300710846
22 12 15 -3.6856432576470035
22 12 63 -2.3654590423330504
22 13 35 -0.6402900150797782
22 13 51 -2.692777810868525
22 13 101 -0.9034538880215391
22 14 13 -3.3454149654652117
22 14 79 -0.035881703733150555
22 15 112 -1.112062572240492
22 15 85 -2.6976839215471067
22 15 9 -0.5045806125146988
22 16 36 -0.044061484395216184
22 16 59 -3.1441190991011854
22 17 39 -1.1997184888789056
22 17 57 -0.5681082895038327
22 17 127 -2.024008916157093
22 18 33 -3.297070839679705
22 18 21 -0.36515610825815376
22 18 103 -1.3133400473206076
22 19 31 0.0
22 20 75 0.0
22 21 25 0.0
22 23 7 -0.7386503088377122
22 23 27 -0.6496247843166696
22 24 105 0.0
22 25 3 -2.148110652650214
22 25 67 -0.6466578367042914
22 25 109 -1.023035267979853
22 26 123 -4.6422575091325475
22 26 77 -3.043534882694209
22 26 125 -0.05900932034595502
23 0 120 0.0
23 1 98 -2.4343699708236155
23 1 69 -0.09173482792989267
23 2 82 0.0
23 3 64 -1.5121663295026329
23 3 18 -1.3160674054557226
23 3 4 -0.8010311241465007
23 3 10 -2.772360368711765
23 4 118 -3.6510574040898325
23 4 87 -0.02630666615690206
23 5 70 0.0
23 6 26 -0.12609307577831225
23 6 74 -2.133119096065177
23 7 0 -1.0572935089189268
23 7 92 -0.4267828653530472
23 8 42 0.0
23 9 73 -0.3627608498878375
23 9 47 -1.18991475986205
23 10 81 -0.37620697289606847
23 10 45 -1.6356844272642497
23 10 95 -2.1309809792563192
23 11 41 -0.08241092041011411
23 11 91 -2.5369598161595825
23 12 96 -3.01838128363
23 12 49 -1.1546066356193754
23 12 117 -3.6196560097522457
23 12 23 -1.8679934480127682
23 12 29 -3.183140832247369
23 12 15 -1.14751247631465
23 12 63 -2.3451537119651795
23 13 35 -0.8049608257207272
23 13 51 -0.9375999836909781
23 13 101 -1.8243151968422724
23 14 13 -0.47787362069256006
23 14 79 -0.967848692623462
23 15 112 -1.7697942900474262
23 15 53 -1.8131306396540967
23 15 85 -1.2722647314569246
23 15 55 -1.0662283186296648
23 15 9 -3.170362835505611
23 16 36 -1.025395079234384
23 16 59 -0.44418734050277875
23 17 39 -2.8533313135918394
23 17 57 -0.6169804722730369
23 17 127 -0.9093726532863525
23 18 33 -0.9849749927538595
23 18 21 -1.5725657990141853
23 18 103 -0.8697904021434846
23 19 107 -1.3978968262537055
23 19 31 -0.9419518065192062
23 19 111 -1.0133036716715424
23 20 6 0.0
23 21 17 -0.5090471453405221
23 21 115 -1.099845769133003
23 21 25 -2.717956049922699
23 22 89 -0.8148115793331089
23 22 61 -0.5846923848378709
23 24 105 0.0
23 25 3 -0.566071430359234
23 25 67 -0.9615640705201974
23 25 109 -2.996652639908384
23 26 123 -1.0427599473154856
23 26 77 -0.7280491088634273
23 26 125 -1.8038152712833777
24 0 80 0.0
24 1 98 -1.2071581045282265
24 1 114 -1.334100022416421
24 1 52 -1.3340137080970005
24 1 69 -1.7478894062910757
24 2 82 0.0
24 3 10 -4.287948084705792
24 3 58 -0.013828246527458623
24 4 87 0.0
24 5 5 -0.07569068019773886
24 5 70 -2.61870688094183
24 6 72 -1.2678402803014808
24 6 88 -1.5396270785775223
24 6 121 -0.9835062927184621
24 6 44 -2.039431225491745
24 7 0 -0.19730367249384229
24 7 92 -1.7200415836915455
24 8 110 0.0
24 9 19 -0.09164470605501521
24 9 119 -4.449351276871736
24 9 106 -3.98188265966087
24 9 43 -3.83423392619689
24 9 94 -3.6541786455038974
24 9 47 -4.632187136305254
24 10 104 0.0
24 11 65 -0.05254843542366238
24 11 41 -3.292253429297693
24 11 91 -4.267153357417017
24 12 16 -2.0242862226094203
24 12 96 -1.3366439422107956
24 12 49 -2.959885620223314
24 12 117 -1.9538229265058515
24 12 54 -2.147079331478509
24 12 23 -2.699318983900675
24 12 29 -2.647657238904588
24 12 15 -3.059842616553246
24 12 63 -2.208714316142658
24 13 35 -0.6492096251369973
24 13 51 -2.2884433340386106
24 13 101 -0.9778544139403615
24 14 13 -1.2009791671423986
24 14 79 -0.3579606798244595
24 15 112 -1.0909293555085253
24 15 85 -2.1121205741187272
24 15 9 -0.6104347823552432
24 16 36 0.0
24 17 39 -1.2551994901955565
24 17 57 -0.5286598452942997
24 17 127 -2.0747589562424213
24 18 33 -1.7143071037255189
24 18 21 -2.468915103689373
24 18 103 -0.30756528620696116
24 19 31 0.0
24 20 75 0.0
24 21 25 0.0
24 22 61 0.0
24 23 7 -0.7264985950706301
24 23 27 -0.6608722763179308
24 25 3 -1.850751625534674
24 25 67 -0.6484521669283693
24 25 109 -1.139351378516997
24 26 123 -3.4879582968541833
24 26 77 -2.081483866171162
24 26 125 -0.16878342757683285
25 0 48 -0.5193381831748807
25 0 126 -0.9036562390370001
25 1 100 -0.18208717154247359
25 1 69 -5.156401787663829
25 1 62 -1.8281604634277173
25 2 82 -2.6306237766182807
25 2 124 -0.07475966258001221
25 3 64 -1.4368426059226616
25 3 18 -1.3779363003037537
25 3 4 -0.8979390443997991
25 3 10 -2.2748116967723884
25 4 22 -0.7434296030918555
25 4 87 -0.6452724960864493
25 5 70 0.0
25 6 2 -0.8530218611570163
25 6 50 -2.1337667186899276
25 6 121 -1.4759423614001763
25 6 14 -1.4831535090922308
25 7 0 -0.2659390924567384
25 7 92 -1.4545124364689224
25 8 42 -1.057428157077532
25 8 110 -0.42671119685148035
25 9 119 -2.3121591051798367
25 9 73 -1.011146400089444
25 9 106 -2.6692166240733513
25 9 28 -1.8787391152031212
25 9 94 -2.1162266075743035
25 9 47 -1.6369292537444162
25 10 81 -2.330652094830678
25 10 99 -2.4534513718806723
25 10 116 -1.8126570878427337
25 10 38 -1.7549567351628312
25 10 24 -1.4040401406136895
25 10 108 -1.5580571299441817
25 10 45 -3.7095151820240333
25 11 41 -0.10882084925938802
25 11 91 -2.2719693912908063
25 12 56 0.0
25 13 35 0.0
25 14 13 -1.370024624823863
25 14 79 -0.2931646775561475
25 15 112 -1.149036521001549
25 15 53 -1.3405963473074063
25 15 85 -4.638593603992962
25 15 55 -0.895643119813227
25 15 9 -5.69812132503435
25 16 36 -0.34937276055846794
25 16 59 -1.2212214998995699
25 17 66 0.0
25 18 33 -1.613210880005051
25 18 21 -0.8983304604113731
25 18 103 -0.9326636369814879
25 19 31 0.0
25 20 75 0.0
25 21 17 -0.516598466669614
25 21 115 -0.9076934763158805
25 22 97 -0.7547564390973419
25 22 89 -2.7367033194447252
25 22 61 -0.765521485899233
25 23 7 -0.7656729605828533
25 23 27 -0.6255275700939784
25 24 105 0.0
25 26 123 -1.0675798365732307
25 26 77 -0.42135009830613
26 0 48 -0.49484946984918243
26 0 80 -2.0516286911882364
26 0 68 -1.3401288873488177
26 1 114 -0.6531632371627949
26 1 52 -0.7347966657325412
26 2 124 0.0
26 3 64 -1.3820931825267906
26 3 18 -1.5313990401651678
26 3 4 -1.1152630024597023
26 3 10 -1.5853039374576248
26 4 22 -0.5432816865112369
26 4 87 -0.869500160341103
26 5 70 0.0
26 6 50 -1.543480351879566
26 6 84 -2.1330509394211754
26 6 72 -3.3960641636341715
26 6 88 -2.8977012763433616
26 6 121 -1.631403026111942
26 6 44 -2.991969801973604
26 6 14 -1.0984412153863372
26 7 0 -0.061806112480291796
26 7 92 -2.8144969067872263
26 8 110 0.0
26 9 119 -2.472885816087531
26 9 106 -2.326694465386927
26 9 43 -1.7821550649528348
26 9 28 -1.6339668153612
26 9 94 -1.1859745829093538
26 9 47 -1.902711370779714
26 10 99 -4.858263001555326
26 10 83 -0.02098302409362277
26 10 8 -4.764603194862271
26 10 24 -5.409431479771758
26 11 41 -0.2643348543024873
26 11 91 -1.4597963410739683
26 12 16 -1.5482371692408923
26 12 117 -4.185056374619191
26 12 54 -1.4926297204512702
26 12 76 -0.8594454813254534
26 12 63 -2.0876461040517693
26 13 35 -1.8276271050711783
26 13 101 -0.17529986382783522
26 14 13 -2.188061164124499
26 14 79 -0.11893438893627045
26 15 122 0.0
26 16 36 -0.11644030599318972
26 16 59 -2.208031817980208
26 17 39 -2.7887256406289587
26 17 57 -0.09185491268759732
26 17 127 -3.6395953372882395
26 18 33 -2.3196708431957855
26 18 21 -0.6852375934523705
26 18 103 -0.921998021541582
26 19 31 0.0
26 20 75 0.0
26 21 113 0.0
26 22 97 -2.7015017253558122
26 22 61 -0.06946226476995505
26 23 7 -0.7355342099020759
26 23 27 -0.6524839906211707
26 24 105 0.0
26 25 3 -2.971376407502779
26 25 67 -0.16927389129076176
26 25 109 -2.258667505051901
