0 1 98 -1.2066259476717303
0 1 69 -0.3555400338193889
0 2 82 0.0
0 3 64 -1.2856878591065397
0 3 18 -1.4529315204922018
0 3 4 -0.8410921349911229
0 3 10 -2.840153377005606
0 4 87 0.0
0 5 70 0.0
0 6 121 0.0
0 7 0 -1.4567728172885888
0 7 92 -0.26525146897076674
0 8 42 -0.6566250641998315
0 8 110 -0.731053889897983
0 9 119 -1.8777050270608369
0 9 73 -1.111353564652701
0 9 106 -2.388740891183805
0 9 94 -2.8841434750892527
0 9 47 -0.9934462762912194
0 10 81 -0.10965969561891482
0 10 45 -2.264702230665605
0 11 41 -0.020860730898385835
0 11 91 -3.88029902517752
0 12 96 -2.7818220828057285
0 12 49 -1.2014066850904648
0 12 117 -2.753537638108632
0 12 23 -1.5919205249894175
0 12 29 -1.9594269794980437
0 12 15 -1.9023130555774572
0 12 63 -2.526917640112384
0 13 35 -0.4006234410617951
0 13 51 -2.625134855362508
0 13 101 -1.3560843536386302
0 14 13 -0.2650437425259248
0 14 79 -1.4574569755848037
0 15 112 -0.8189465703930028
0 15 53 -1.7986690223644344
0 15 85 -2.2875514870829945
0 15 55 -1.5401128934826838
0 15 9 -2.554726613213965
0 16 36 -1.713691390555894
0 16 59 -0.19869411108672858
0 17 39 -2.8592337103695313
0 17 57 -0.2929942353830214
0 17 127 -1.6262743673631106
0 18 33 -0.6410876514867389
0 18 21 -1.8333168397119568
0 18 103 -1.1602800815819998
0 19 31 0.0
0 20 75 0.0
0 21 17 -0.735973115654583
0 21 115 -1.221366323695982
0 21 25 -1.486628127929277
0 22 89 -1.7471030852872698
0 22 61 -0.19149722269365907
0 23 7 -0.6994592276621926
0 23 27 -0.6868747256193575
0 24 105 0.0
0 25 3 -2.3610583549802353
0 25 67 -0.11471696401463627
0 25 109 -4.264337061405523
0 26 123 -1.0553535623395267
0 26 77 -1.1397510625660385
0 26 125 -1.1025238929996897
1 0 68 0.0
1 2 82 -1.0531958153080299
1 2 124 -0.42897101671534993
1 3 64 -1.340096436214764
1 3 18 -1.4377064484717013
1 3 4 -1.133232021333551
1 3 10 -1.7219522791170265
1 4 87 0.0
1 5 70 0.0
1 6 50 -1.5540553283986507
1 6 84 -1.533695820572481
1 6 121 -1.5287161907806093
1 6 14 -1.0326551388847682
1 7 0 -0.2771363350995518
1 7 92 -1.4186157331921416
1 8 42 -1.3745473153016363
1 8 110 -0.29162862094791603
1 9 119 -3.5544518776832112
1 9 73 -1.0389028637123539
1 9 106 -2.036118126855038
1 9 28 -1.6245176598936233
1 9 94 -1.341264575342991
1 9 47 -3.557697014868174
1 10 81 -1.567748934783705
1 10 99 -1.9038872035902046
1 10 116 -1.781983786586424
1 10 8 -1.658564619106551
1 10 24 -1.3161280652199947
1 10 45 -4.159846709410889
1 11 41 -0.05565227234582562
1 11 91 -2.9163294598128937
1 12 16 -1.7399398741278882
1 12 49 -5.9669244576796565
1 12 34 -0.5758117461276949
1 12 54 -1.9600087332976863
1 12 23 -6.695745358136121
1 12 63 -2.140761312623334
1 13 101 0.0
1 14 13 -1.417252106651333
1 14 79 -0.2775721961143366
1 15 112 -1.1408073420978118
1 15 53 -0.38501698721352756
1 16 36 -0.36347628270780413
1 16 59 -1.1882806283775689
1 17 39 -5.452660661363743
1 17 57 -0.0153923828112908
1 17 127 -4.510802569281423
1 18 33 -1.8248708266298188
1 18 21 -0.7785116174880641
1 18 103 -0.9684456428690924
1 19 31 0.0
1 20 75 0.0
1 21 115 0.0
1 22 97 -1.8998328644322735
1 22 89 -4.009399013276293
1 22 61 -0.18360788294468897
1 23 7 -0.6949959735385277
1 23 27 -0.6913017993102302
1 24 105 0.0
1 25 3 -4.74721430619624
1 25 67 -0.023561994144001532
1 25 109 -4.225997860578268
1 26 123 -0.011177216638913115
1 26 77 -4.499461204103975
2 0 80 0.0
2 1 98 -3.086643373048498
2 1 114 -2.625801945143335
2 1 52 -0.24161173406428071
2 1 69 -2.3371525114174854
2 3 64 -1.205749047576067
2 3 18 -1.483455662998288
2 3 4 -1.221416487840996
2 3 10 -1.7211087401112573
2 4 87 0.0
2 5 70 0.0
2 6 72 -0.9685414869067589
2 6 88 -2.225615985840411
2 6 121 -0.8511915930938135
2 6 44 -2.459743601146266
2 7 0 -0.004913572039562377
2 7 92 -5.318209878765548
2 8 110 0.0
2 9 119 -2.436575375728286
2 9 106 -1.647820243975388
2 9 43 -1.0806064397510524
2 9 94 -1.2787610000966747
2 9 47 -2.2798503906335856
2 10 83 0.0
2 11 41 -0.05518082448254912
2 11 91 -2.924603312265372
2 12 16 -2.2018907603295315
2 12 96 -2.4660602092376447
2 12 49 -2.8861822233909606
2 12 117 -2.95594838318924
2 12 54 -2.2128787058049295
2 12 23 -2.8010199407521528
2 12 76 -0.9136561754276142
2 12 29 -3.953893713704448
2 12 15 -3.7884027182353885
2 12 63 -2.4808854735774974
2 13 35 -0.6673933341398448
2 13 51 -4.608619849180259
2 13 101 -0.7402591946617952
2 14 13 -4.550057243532316
2 14 79 -0.010622822416970486
2 15 112 -2.794866013539247
2 15 85 -3.750841088005815
2 15 9 -2.4003314285658144
2 15 122 -0.1927464220176699
2 16 36 -0.016149678364640364
2 16 59 -4.133919117048565
2 17 39 -1.6938156083299134
2 17 57 -0.24186589513331
2 17 127 -3.473067536592725
2 18 33 -4.870553826600399
2 18 21 -1.4688889543305876
2 18 103 -0.27161215681169987
2 19 31 0.0
2 20 75 0.0
2 21 25 0.0
2 22 61 0.0
2 23 7 -0.7003209816382366
2 23 27 -0.6860244765608573
2 24 105 0.0
2 25 3 -4.184369637041898
2 25 67 -0.08528953012660853
2 25 109 -2.710225421175615
2 26 125 0.0
3 0 80 -1.275191848702665
3 0 120 -1.0388372849995964
3 0 46 -1.003056465197287
3 1 98 -1.789236008688928
3 1 114 -1.6677524315313044
3 1 52 -0.8880449106423653
3 1 69 -1.457652116551019
3 2 82 0.0
3 4 118 -1.9417418760568634
3 4 87 -0.15484708431578523
3 5 5 -1.5320769746716256
3 5 70 -0.24345646233743307
3 6 72 0.0
3 7 0 -6.25865707001981
3 7 92 -0.0019156478724149436
3 8 42 0.0
3 9 19 -3.4055342494855965
3 9 40 -0.03375233945691622
3 10 90 -1.814549847343414
3 10 11 -1.4522979093053812
3 10 45 -2.2624483011297767
3 10 95 -0.6952261968751036
3 11 65 0.0
3 12 16 -3.5310663305652468
3 12 96 -2.1321922759804965
3 12 49 -1.602020925972044
3 12 117 -2.2180920731805616
3 12 54 -2.9216724265162166
3 12 23 -1.9498169098541795
3 12 29 -1.9428590337197877
3 12 15 -1.904205615861061
3 12 63 -2.9287178580069844
3 13 35 -0.5104066340712877
3 13 51 -2.590864274767001
3 13 101 -1.1245662271200931
3 14 13 -0.003726158637004168
3 14 79 -5.594239932831373
3 15 112 -0.7190898647920743
3 15 85 -1.7718956929443115
3 15 9 -1.0706251975163084
3 16 59 0.0
3 17 39 -1.5986871929430342
3 17 57 -0.4710286161498686
3 17 127 -1.7517013449339
3 18 33 -2.070695868663821
3 18 21 -5.920105590539496
3 18 103 -0.13786410261812287
3 19 107 -1.8281239082399603
3 19 31 -1.1146376070298658
3 19 111 -0.6708944893903176
3 20 75 0.0
3 21 25 0.0
3 22 89 -3.1115386325279464
3 22 61 -0.04555440768826203
3 23 7 -0.6962175563202965
3 23 27 -0.6900862031577736
3 24 37 -0.0059849990474052615
3 24 105 -5.12149010615115
3 25 3 -2.0315122786193
3 25 67 -0.3189951407873427
3 25 109 -1.9520418666502841
3 26 123 -1.631289048965705
3 26 77 -1.1115932532471242
3 26 125 -0.7438332536147473
4 0 86 0.0
4 1 98 -1.2067702385834944
4 1 69 -0.35547843500494836
4 2 82 0.0
4 3 64 -1.2921204487702784
4 3 18 -1.4535183292014335
4 3 4 -0.8363557366578306
4 3 10 -2.842510146193485
4 5 70 0.0
4 6 121 0.0
4 7 0 -1.4561728078916016
4 7 92 -0.2654337984090826
4 8 42 -0.6567210932024361
4 8 110 -0.7309504511792221
4 9 119 -1.8763541977015405
4 9 73 -1.1115320440100258
4 9 106 -2.390178375507278
4 9 94 -2.884337640785975
4 9 47 -0.9934607537912631
4 10 81 -0.10965609141494849
4 10 45 -2.2647333292039313
4 11 41 -0.02272285982755937
4 11 91 -3.7957237366833434
4 12 96 -2.773010407463989
4 12 49 -1.2015892207778498
4 12 117 -2.760954252332415
4 12 23 -1.5912014498994054
4 12 29 -1.960120171060729
4 12 15 -1.9025208176750705
4 12 63 -2.5274211401216626
4 13 35 -0.40088356150736226
4 13 51 -2.621893155710229
4 13 101 -1.3563209057331758
4 14 13 -0.26519474108435914
4 14 79 -1.456959593097061
4 15 112 -0.8201068926486524
4 15 53 -1.7974337856081861
4 15 85 -2.288242425329949
4 15 55 -1.537641900202575
4 15 9 -2.5567039020909355
4 16 36 -1.714984413273102
4 16 59 -0.198410117337944
4 17 39 -2.858726550897824
4 17 57 -0.2928964623006435
4 17 127 -1.6267932573600443
4 18 33 -0.64329276983315
4 18 21 -1.8353441725198334
4 18 103 -1.1555560543128465
4 19 31 0.0
4 20 75 0.0
4 21 17 -0.7352972001600573
4 21 115 -1.2215230999408355
4 21 25 -1.4878568326797958
4 22 89 -1.7470362631615572
4 22 61 -0.19151132684040595
4 23 7 -0.6997948942378082
4 23 27 -0.6865433673024033
4 24 105 0.0
4 25 3 -2.3575518568515537
4 25 67 -0.11519627017431587
4 25 109 -4.257537112787536
4 26 123 -1.0566529222399084
4 26 77 -1.1399354540510491
4 26 125 -1.1009862037745919
5 0 80 -1.5190595925392216
5 0 120 -1.039832987243802
5 0 46 -0.8496404895978049
5 1 98 -1.8079684103206841
5 1 114 -1.4594881535172075
5 1 52 -0.9934425252925754
5 1 69 -1.455180904293437
5 2 82 0.0
5 3 64 -0.22239813302419192
5 3 18 -2.8121732959664474
5 3 4 -1.9749797988596036
5 3 10 -7.478620328924447
5 4 118 -1.9389045055045595
5 4 87 -0.15532307355847114
5 6 72 0.0
5 7 0 -7.032910946503785
5 7 92 -8.827490454883887E-4
5 8 42 0.0
5 9 71 0.0
5 10 90 -1.568862074079369
5 10 45 -1.8722788509758326
5 10 95 -0.4495030400268734
5 11 41 0.0
5 12 16 -3.5209984707781445
5 12 96 -2.5182015020923676
5 12 49 -1.6014768289332306
5 12 117 -2.643464908747139
5 12 54 -2.907209183575313
5 12 23 -1.949548636244887
5 12 29 -1.5458723916593495
5 12 15 -1.9034476093125514
5 12 63 -2.847887242829463
5 13 35 -0.40246717354796135
5 13 51 -2.6550609661458733
5 13 101 -1.3430925121379318
5 14 13 -0.0019153117671119129
5 14 79 -6.25883236996388
5 15 112 -0.8553613921518592
5 15 85 -1.4472706884973643
5 15 9 -1.0798128196361487
5 16 59 0.0
5 17 39 -1.894419160137342
5 17 57 -0.39860883253497315
5 17 127 -1.724057235064121
5 18 33 -1.7393979697203827
5 18 21 -6.482278387040529
5 18 103 -0.19498915842268452
5 19 107 -1.7762464786790404
5 19 31 -1.327428790093422
5 19 111 -0.5699220669344197
5 20 75 0.0
5 21 25 0.0
5 22 89 -2.078965316917876
5 22 61 -0.13359944325062456
5 23 7 -0.698034796542566
5 23 27 -0.6882833372228511
5 24 37 -0.004213613093982353
5 24 105 -5.471540849022421
5 25 3 -1.5941485245180804
5 25 67 -0.41060254177594013
5 25 109 -2.01239517256614
5 26 123 -1.6481793905063673
5 26 77 -0.8019005267739626
5 26 125 -1.0240866784331157
6 0 120 0.0
6 1 98 -1.190838516969827
6 1 69 -0.36235716622231534
6 2 82 0.0
6 3 64 -1.2301737066816774
6 3 18 -1.4611609356589987
6 3 4 -0.9007510908308456
6 3 10 -2.666040578117893
6 4 118 -2.078241917062717
6 4 87 -0.13370288510773878
6 5 70 0.0
6 7 0 -0.6312502862382704
6 7 92 -0.7591295700528047
6 8 42 0.0
6 9 73 -0.41351397043236426
6 9 47 -1.0827063475946217
6 10 81 -0.5396321996481455
6 10 45 -1.921247221914382
6 10 95 -1.3070649742650493
6 11 41 -0.02068060893451996
6 11 91 -3.8888812684137077
6 12 96 -2.191172729625285
6 12 49 -1.59977507280676
6 12 117 -2.572591950415006
6 12 23 -1.9435084441065473
6 12 29 -1.88839039628688
6 12 15 -1.3822008711803588
6 12 63 -2.7427384635268743
6 13 35 -0.43954303745802414
6 13 51 -2.448567715407854
6 13 101 -1.3121077610575684
6 14 13 -0.7032207150860186
6 14 79 -0.6831741109361469
6 15 112 -0.8129557423828834
6 15 53 -1.7533375066982848
6 15 85 -1.8306506405636371
6 15 55 -1.954417433402208
6 15 9 -2.509563283284165
6 16 36 -1.1195488447065973
6 16 59 -0.39515894555602393
6 17 39 -1.8727325371968486
6 17 57 -0.408333359409623
6 17 127 -1.706281064345862
6 18 33 -0.9838814353615779
6 18 21 -1.4676845133663592
6 18 103 -0.927138526975996
6 19 107 -2.530033468527968
6 19 31 -0.5676892459413071
6 19 111 -1.0398437718646507
6 20 75 0.0
6 21 17 -0.7608523716252256
6 21 115 -1.1867921655716163
6 21 25 -1.4804586499586712
6 22 89 -1.2458437524408763
6 22 61 -0.33925338408334427
6 23 7 -0.7491249493486574
6 23 27 -0.6401375087653317
6 24 105 0.0
6 25 3 -0.9693507635875509
6 25 67 -0.6319097495151034
6 25 109 -2.418050796740553
6 26 123 -1.0350293884879371
6 26 77 -1.1481964642302707
6 26 125 -1.1160360808796976
7 0 80 0.0
7 1 98 -1.7555850613750057
7 1 114 -1.6870171077331715
7 1 52 -0.7821877919503493
7 1 69 -1.6889198993825578
7 2 82 0.0
7 3 64 -1.297278606193407
7 3 18 -1.5450071058640704
7 3 4 -1.0754991578228519
7 3 10 -1.758589300476338
7 4 87 0.0
7 5 70 0.0
7 6 72 -0.59284421988201
7 6 88 -2.375297946618163
7 6 121 -1.1732332075130876
7 6 44 -3.1034234380541896
7 8 110 0.0
7 9 119 -7.189695880188357
7 9 106 -5.848827409727221
7 9 43 -6.819486222008434
7 9 93 -0.005489487507348449
7 9 94 -7.751565370220633
7 9 47 -8.064524990236052
7 10 1 0.0
7 11 41 -0.0017874804288644575
7 11 91 -6.327841839428869
7 12 16 -2.2096734111320124
7 12 96 -1.815313839844511
7 12 49 -2.7644742258112216
7 12 117 -2.0127602443396317
7 12 54 -2.373286258504104
7 12 23 -2.613334176931703
7 12 29 -1.8960979833093492
7 12 15 -2.0053083762087813
7 12 63 -2.530588099389707
7 13 35 -0.40861278139636364
7 13 51 -2.872529588654418
7 13 101 -1.2769995144892774
7 14 13 -0.6630541909089084
7 14 79 -0.724173930526616
7 15 112 -0.7195932934362814
7 15 85 -1.8623260056520843
7 15 9 -1.0279522161770553
7 16 36 -0.230216486797301
7 16 59 -1.5816360657721573
7 17 39 -1.6027765002473051
7 17 57 -0.2840599432158786
7 17 127 -3.0803810448591924
7 18 33 -1.7377543221978264
7 18 21 -1.565077541104445
7 18 103 -0.4861115588578926
7 19 31 0.0
7 20 75 0.0
7 21 25 0.0
7 22 61 0.0
7 23 7 -0.6965048603916087
7 23 27 -0.6898007370247689
7 24 105 0.0
7 25 3 -2.56928377827964
7 25 67 -0.2437632101217719
7 25 109 -1.9679971995609316
7 26 123 -1.692241807008093
7 26 77 -1.8081087483798697
7 26 125 -0.4278185004326882
8 0 80 -0.6974442258842458
8 0 46 -0.6888685208584788
8 1 98 -1.7814508518364096
8 1 114 -1.737291775533964
8 1 52 -0.8356671016522269
8 1 69 -1.504966141165489
8 2 82 0.0
8 3 64 -1.1455733914694128
8 3 18 -1.5307280300098332
8 3 4 -1.2435390306839302
8 3 10 -1.7303716855732227
8 4 118 -1.9520482523538008
8 4 87 -0.15313131561772347
8 5 70 0.0
8 6 72 -0.9469169653291817
8 6 88 -2.2283152398919
8 6 121 -0.8704334300438477
8 6 44 -2.4582445925915257
8 7 0 -0.031236597270195725
8 7 92 -3.4817425259088988
8 9 106 -1.824571569697195
8 9 43 -0.514873188669068
8 9 94 -1.4223904516710053
8 10 30 0.0
8 11 41 -0.055039204521252404
8 11 91 -2.927102922229108
8 12 16 -2.2016987185276755
8 12 96 -1.8147127130722902
8 12 49 -1.9853443266567405
8 12 117 -2.0093152558578273
8 12 54 -2.3640154622197933
8 12 23 -2.3712344185610457
8 12 29 -2.029635075909663
8 12 15 -2.883019018140635
8 12 63 -2.5216098030860556
8 13 35 -0.40819208143538804
8 13 51 -2.5949535299138478
8 13 101 -1.3451543600043687
8 14 13 -2.7481843481696235
8 14 79 -0.06618685209506231
8 15 112 -0.7188844854782119
8 15 85 -1.8606546803955926
8 15 9 -1.0296450184093258
8 16 36 -0.15762608039505266
8 16 59 -1.925307635752956
8 17 39 -1.6020230845730306
8 17 57 -0.3672186555729086
8 17 127 -2.245700652884201
8 18 33 -3.8082740589768798
8 18 21 -1.50724919892723
8 18 103 -0.27932367782354195
8 19 111 0.0
8 20 75 0.0
8 21 25 0.0
8 22 61 0.0
8 23 7 -0.6985298803035611
8 23 27 -0.6877932992212469
8 24 105 0.0
8 25 3 -2.4162596134570555
8 25 67 -0.2635165857111122
8 25 109 -1.9491133156304596
8 26 123 -1.684133184917305
8 26 77 -1.8236755307691423
8 26 125 -0.42623414067917825
9 0 80 -1.5197927994858025
9 0 120 -1.0397726948085437
9 0 46 -0.8493151251192137
9 1 98 -1.8095288710359199
9 1 114 -1.4574121252715981
9 1 52 -0.9941904674768115
9 1 69 -1.4549680442295794
9 2 82 0.0
9 3 64 -0.19570466943300033
9 3 18 -3.1867312347876453
9 3 4 -1.993572079487145
9 3 10 -8.37620490251451
9 4 118 -1.9389828615400462
9 4 87 -0.15530990758405963
9 5 70 0.0
9 6 72 0.0
9 7 0 -7.754122562576548
9 7 92 -4.2906246695709313E-4
9 8 42 0.0
9 10 90 -1.5688399527633727
9 10 45 -1.8722526467427583
9 10 95 -0.449516579020438
9 11 41 0.0
9 12 16 -3.5185170881620165
9 12 96 -2.5343333233082976
9 12 49 -1.6007014649182258
9 12 117 -2.6232579482518026
9 12 54 -2.9018783972187103
9 12 23 -1.9489505899469481
9 12 29 -1.5432751283785318
9 12 15 -1.9025963833365191
9 12 63 -2.8732185825043763
9 13 35 -0.40181240691769987
9 13 51 -2.665011698769468
9 13 101 -1.3421044492702265
9 14 13 -6.81431694081132E-4
9 14 79 -7.291655237137797
9 15 112 -0.8563257140071211
9 15 85 -1.4475900726340138
9 15 9 -1.0783863036937995
9 16 59 0.0
9 17 39 -1.8894580577552966
9 17 57 -0.40103899204731436
9 17 127 -1.7191280861080014
9 18 33 -1.723661229652221
9 18 21 -7.498182696206983
9 18 103 -0.19719055616816747
9 19 107 -1.7774896809238578
9 19 31 -1.3268637327098425
9 19 111 -0.5698152121092298
9 20 75 0.0
9 21 25 0.0
9 22 89 -2.0796285514716293
9 22 61 -0.13350467979466293
9 23 7 -0.6958596491207374
9 23 27 -0.6904420495863584
9 24 37 -0.004428315259203
9 24 105 -5.421949410468868
9 25 3 -1.5889237132906715
9 25 67 -0.41354210606167424
9 25 109 -2.005811235476965
9 26 123 -1.646025407221988
9 26 77 -0.7993743142840707
9 26 125 -1.0284099768119612
10 0 80 0.0
10 1 98 -1.6869134026815449
10 1 114 -1.6592784195181418
10 1 52 -0.7959316550328793
10 1 69 -1.7517326451279789
10 2 82 0.0
10 3 64 -1.2271807864901583
10 3 18 -1.4668136830664087
10 3 4 -1.2117138659752285
10 3 10 -1.7229632897691354
10 4 87 0.0
10 5 70 0.0
10 6 72 -0.9572459083155664
10 6 88 -2.2231959158584047
10 6 121 -0.8627779475559043
10 6 44 -2.455731731391189
10 7 0 -3.876526773331728E-4
10 7 92 -7.855594600827114
10 8 110 0.0
10 9 119 -2.4465072886708894
10 9 106 -1.6485650099628537
10 9 43 -1.0806391180128736
10 9 94 -1.278593064881118
10 9 47 -2.2703940085577705
10 11 41 -0.05535990129875687
10 11 91 -2.92145200787167
10 12 16 -2.198502573331576
10 12 96 -1.5047925644609526
10 12 49 -2.716777388047873
10 12 117 -1.6816488633096727
10 12 54 -2.359566158057072
10 12 23 -2.747144662268221
10 12 29 -2.232358649723084
10 12 15 -2.6823780526623686
10 12 63 -2.5186801212799494
10 13 35 -0.4921709645789235
10 13 51 -2.8141262079170195
10 13 101 -1.1124726994169396
10 14 13 -6.716743319938302
10 14 79 -0.0012112071434225234
10 15 112 -0.7190023192783657
10 15 85 -1.862865370653508
10 15 9 -1.0285229443914834
10 16 36 -0.006172734938553376
10 16 59 -5.090698055189301
10 17 39 -1.587020398811489
10 17 57 -0.29914016774121016
10 17 127 -2.9185788225815252
10 18 33 -6.937337305040768
10 18 21 -1.4785903208577946
10 18 103 -0.2599756800222144
10 19 31 0.0
10 20 75 0.0
10 21 25 0.0
10 22 61 0.0
10 23 7 -0.6989653904728954
10 23 27 -0.6873626264912123
10 24 105 0.0
10 25 3 -2.7092870879765276
10 25 67 -0.23657436968404816
10 25 109 -1.937327145005834
10 26 123 -1.6163726751874172
10 26 77 -2.063575912217309
10 26 125 -0.3939568800924491
11 0 80 -1.2751978768691368
11 0 120 -1.038835770670567
11 0 46 -1.0030533343575492
11 1 98 -1.7895104369723167
11 1 114 -1.6680883796391373
11 1 52 -0.887765375529709
11 1 69 -1.457677089608216
11 2 82 0.0
11 3 64 0.0
11 4 118 -1.941948089222208
11 4 87 -0.15481255201107802
11 5 5 -1.7964847294398163
11 5 70 -0.18137917822549302
11 6 72 0.0
11 7 0 -6.3151183137965505
11 7 92 -0.0018103895142707026
11 8 42 0.0
11 9 19 -4.088099042765293
11 9 40 -0.01691331146958281
11 10 90 -1.81453008442229
11 10 11 -1.4523571739244159
11 10 45 -2.262415975294711
11 10 95 -0.6952115971727268
11 12 16 -3.5292182037591617
11 12 96 -2.132586376599178
11 12 49 -1.6021109005465117
11 12 117 -2.2179214381820813
11 12 54 -2.9217248522123707
11 12 23 -1.9499536447191204
11 12 29 -1.942940875960877
11 12 15 -1.9043519212214268
11 12 63 -2.9278219031948343
11 13 35 -0.5084015122129477
11 13 51 -2.5919364637650566
11 13 101 -1.128034317660107
11 14 13 -0.0035421996625816794
11 14 79 -5.644777948230698
11 15 112 -0.7191164025892962
11 15 85 -1.7717402453189963
11 15 9 -1.0706645829897037
11 16 59 0.0
11 17 39 -1.5992739438364707
11 17 57 -0.47098291167577244
11 17 127 -1.751182411922825
11 18 33 -1.7908544896492948
11 18 21 -5.952258623356198
11 18 103 -0.18562804891576368
11 19 107 -1.828231135808062
11 19 31 -1.1145780082961547
11 19 111 -0.6708990250748462
11 20 75 0.0
11 21 25 0.0
11 22 89 -3.1115407244631808
11 22 61 -0.04555431018756301
11 23 7 -0.6966116284441118
11 23 27 -0.6896946936486757
11 24 37 -0.006083681945002319
11 24 105 -5.105185482076126
11 25 3 -2.0318514590768926
11 25 67 -0.31882237696299676
11 25 109 -1.9526133460639252
11 26 123 -1.63166556468607
11 26 77 -1.1116446765284569
11 26 125 -0.7436426901594866
12 0 48 -0.302451494243649
12 0 126 -1.3432514746851136
12 1 100 -0.25184154736878994
12 1 69 -4.018289028289705
12 1 62 -1.586461955616093
12 2 82 -1.0529027519738021
12 2 124 -0.4291280391969969
12 3 64 -1.4365388968724089
12 3 18 -1.4381256001735667
12 3 4 -1.0221625229533469
12 3 10 -1.8014309146076477
12 4 22 -0.9140655856917101
12 4 87 -0.5123118100322019
12 5 70 0.0
12 6 2 -1.7552927815616703
12 6 50 -1.5542621929744758
12 6 121 -1.400622198139616
12 6 14 -0.9959982894144196
12 7 0 -0.23603275484707023
12 7 92 -1.559480835140667
12 8 42 -1.3629537233872866
12 8 110 -0.29558493870381974
12 9 119 -2.0301239316688315
12 9 73 -1.0424508143678777
12 9 106 -2.238777482151147
12 9 28 -1.8282018879681907
12 9 94 -1.5539787638070557
12 9 47 -3.286215694739688
12 10 81 -1.5682329293134436
12 10 99 -2.087187805283132
12 10 116 -1.7362621797458382
12 10 38 -2.420645556713814
12 10 24 -1.5163270681909025
12 10 108 -1.791920654925692
12 10 45 -4.113344035019422
12 11 41 -0.05558984552865472
12 11 91 -2.917420895240063
12 13 35 0.0
12 14 13 -1.5545927504689363
12 14 79 -0.23733807728863263
12 15 112 -0.61585857490368
12 15 53 -1.5283774557738738
12 15 85 -5.881598042832928
12 15 55 -1.579606296623959
12 15 9 -3.378772751582668
12 16 36 -0.4156472011446499
12 16 59 -1.0785539469748318
12 17 57 0.0
12 18 33 -1.5392132591630943
12 18 21 -0.844632293096024
12 18 103 -1.0335696813435973
12 19 31 0.0
12 20 75 0.0
12 21 17 -1.0921542266035507
12 21 115 -0.4087098467388295
12 22 97 -1.9563643803683697
12 22 89 -4.074529927320275
12 22 61 -0.17241676923777075
12 23 7 -0.695587312865388
12 23 27 -0.6907129880093229
12 24 105 0.0
12 25 67 0.0
12 26 123 -0.4480016757995303
12 26 77 -1.0186103572750826
13 0 48 -0.7049086916534135
13 0 68 -1.027282276066962
13 0 126 -1.9114367768718081
13 1 100 -0.0810789573304569
13 1 62 -2.552597402690583
13 2 82 -1.052955106374125
13 2 124 -0.42909998267631116
13 3 64 -1.4127178446550614
13 3 18 -1.44727552266198
13 3 4 -1.0607396116007621
13 3 10 -1.742344036321444
13 4 22 -1.031702752502396
13 4 87 -0.4406772164541989
13 5 70 0.0
13 6 2 -1.8048911449139147
13 6 50 -1.592446863883966
13 6 84 -2.5756335130150627
13 6 121 -0.89929280554214
13 6 14 -1.9030205845840515
13 7 0 -0.203412677745764
13 7 92 -1.6925013712205972
13 8 42 -1.3023294456178993
13 8 110 -0.31731369655523495
13 9 119 -2.1238850509490828
13 9 73 -1.2323311136874877
13 9 106 -2.2407824885557965
13 9 28 -1.952702676191286
13 9 94 -1.6304623544467725
13 9 47 -1.9329718424015667
13 10 81 -1.5694859432908348
13 10 99 -2.0719940475595404
13 10 116 -1.8020236186433582
13 10 38 -2.820585060811655
13 10 8 -2.3594311622747917
13 10 24 -1.4524981951941793
13 10 108 -2.3376889207576226
13 10 45 -4.1124182114531145
13 11 41 -0.05537045408832085
13 11 91 -2.921266632208197
13 12 34 0.0
13 14 13 -1.5677862973175511
13 14 79 -0.23383328683332144
13 15 112 -0.6181222797908354
13 15 53 -1.1120429577480828
13 15 55 -2.0237561111974793
13 16 36 -0.31772959087528424
13 16 59 -1.3012165923358674
13 17 57 0.0
13 18 33 -1.7796910072365149
13 18 21 -0.8343011220371758
13 18 103 -0.9234867512714245
13 19 31 0.0
13 20 75 0.0
13 21 17 -1.6700617023807274
13 21 115 -0.20854494479050256
13 22 97 -2.11968791572418
13 22 89 -4.064162575632197
13 22 61 -0.14762621656619782
13 23 7 -0.696313656939414
13 23 27 -0.6899906991127462
13 24 105 0.0
13 25 67 0.0
13 26 123 -0.3176356578442486
13 26 77 -1.301467790382223
14 0 80 -0.8651532030131742
14 0 46 -0.5464304375863115
14 1 98 -1.7826663704259653
14 1 114 -1.7657647560066208
14 1 52 -0.8109087715120532
14 1 69 -1.5310842783104754
14 2 82 0.0
14 3 64 -0.8517319593167972
14 3 18 -1.6319926144451502
14 3 4 -1.3086828143721003
14 3 10 -2.229246826124134
14 4 118 -1.1940895875246265
14 4 87 -0.36094069379019295
14 5 70 0.0
14 6 72 -0.9327389513137274
14 6 88 -2.7155628846636577
14 6 121 -0.7024642271161593
14 6 44 -3.1012113433390107
14 7 0 -0.5945148751840483
14 7 92 -0.8025831171883173
14 8 42 -2.1111031676302177
14 8 110 -0.1290890395062568
14 9 12 0.0
14 10 78 -6.489287255074537E-4
14 10 95 -7.340512116130162
14 11 41 -0.0027780203638795836
14 11 91 -5.887405392890426
14 12 16 -2.212477768971329
14 12 96 -1.7926006905903689
14 12 49 -2.915330228960736
14 12 117 -2.008890432401288
14 12 54 -2.376387554431307
14 12 23 -2.302106296726719
14 12 29 -1.7059490387708478
14 12 15 -2.504730586773987
14 12 63 -2.5321269025125575
14 13 35 -0.4083290748203834
14 13 51 -2.7127495594681927
14 13 101 -1.3134685178011343
14 15 112 -0.7195334446484305
14 15 85 -1.8633364802727668
14 15 9 -1.0275952756542766
14 16 36 -0.3982033604844295
14 16 59 -1.113295923615348
14 17 39 -1.6197164263066781
14 17 57 -0.27927930489907876
14 17 127 -3.085294974985495
14 18 33 -1.6427241995227468
14 18 21 -1.537581066518111
14 18 103 -0.5248444699492443
14 19 107 -4.558956491522378
14 19 31 -0.010528209500491853
14 20 75 0.0
14 21 25 0.0
14 22 61 0.0
14 23 7 -0.6926131560647661
14 23 27 -0.6936814903896682
14 24 105 0.0
14 25 3 -3.0396390753563507
14 25 67 -0.2064124015231915
14 25 109 -1.9758001764515492
14 26 123 -1.8061311974718732
14 26 77 -1.676733101519922
14 26 125 -0.4327422885813611
15 0 80 -0.5514515727225274
15 0 68 -0.8582882113847663
15 1 114 -0.483415783298577
15 1 52 -0.9588678270769773
15 2 82 -1.3941400578263192
15 2 124 -0.28508045972930757
15 3 64 -1.5846394237581443
15 3 18 -1.2356244513215349
15 3 4 -0.991188833285067
15 3 10 -2.015979525370089
15 4 22 -0.8613870235190418
15 4 87 -0.5491776735708263
15 5 70 0.0
15 6 50 -2.54744756370591
15 6 84 -2.5427690954837012
15 6 72 -1.9666834294803162
15 6 88 -3.4940204883568056
15 6 121 -0.738250685876555
15 6 44 -3.0908057665080637
15 6 14 -1.9014141122886585
15 7 0 -0.25952887827094984
15 7 92 -1.4758468427156408
15 8 110 0.0
15 9 119 -1.9317034754135745
15 9 106 -2.2253438416669584
15 9 43 -1.7117757880306255
15 9 28 -1.746018594275203
15 9 94 -1.4867808613378697
15 9 47 -1.7960255682113189
15 10 99 -1.7724101066516809
15 10 8 -1.0707365410505663
15 10 24 -0.718832098054141
15 11 41 -0.048527231989720636
15 11 91 -3.0497956516980325
15 12 16 -1.2785121653652884
15 12 96 -4.50156442932946
15 12 49 -4.90111838541387
15 12 117 -5.057706443912721
15 12 54 -1.0878775699346577
15 12 76 -1.7598864312343754
15 12 63 -1.6731051003115571
15 13 35 -0.9522814681910594
15 13 101 -0.4875318620522674
15 14 13 -1.3442300978894737
15 14 79 -0.3021061006090617
15 16 36 -0.5150020866699306
15 16 59 -0.9100585618341832
15 17 39 -2.7474443449994004
15 17 57 -0.1785815462189341
15 17 127 -2.3080730442485486
15 18 33 -1.2648565857479563
15 18 21 -0.9721431255858974
15 18 103 -1.0804323350367482
15 19 31 0.0
15 20 75 0.0
15 21 113 0.0
15 22 61 0.0
15 23 7 -0.6955017333801615
15 23 27 -0.6907981586384679
15 24 105 0.0
15 25 3 -3.8162286469732454
15 25 67 -0.09151111259783383
15 25 109 -2.7266495484309465
15 26 123 0.0
16 0 80 -1.1695359153628608
16 0 120 -1.3277273162463192
16 0 46 -0.8570553787380958
16 1 98 -1.7804427911227934
16 1 114 -1.7744182703201834
16 1 52 -0.804561521000775
16 1 69 -1.5391172601003578
16 2 82 0.0
16 3 58 0.0
16 4 118 -2.1550715160281526
16 4 87 -0.12317933424091697
16 5 5 -2.2386309314776027
16 5 70 -0.11272574267758112
16 6 72 -0.046072133720897475
16 6 44 -3.1004946113776635
16 7 0 -1.212769545120293
16 7 92 -0.35292847244689657
16 8 42 0.0
16 9 32 -3.0291353397683243
16 9 19 -2.7864539540916615
16 9 40 -0.116530260968228
16 10 20 -1.691827316466329
16 10 104 -0.23927534345411508
16 10 90 -5.869241787188375
16 10 11 -3.7691580877458555
16 10 95 -5.906113889045562
16 11 65 0.0
16 12 16 -2.207171528012164
16 12 96 -2.059467804598722
16 12 49 -2.4467908358613872
16 12 117 -2.0105205548489975
16 12 54 -2.3702926490486527
16 12 23 -2.220546415474407
16 12 29 -1.869026194104632
16 12 15 -2.2464724553689384
16 12 63 -2.526625957976882
16 13 35 -0.40436339780863767
16 13 51 -2.966340567103749
16 13 101 -1.2690196865593621
16 14 13 -0.44721811865757527
16 14 79 -1.019998245127859
16 15 112 -0.718728474759688
16 15 85 -1.7918818528936256
16 15 9 -1.061368060247603
16 17 39 -1.6067399169213648
16 17 57 -0.2972453188770652
16 17 127 -2.8717830377641778
16 18 103 0.0
16 19 107 -4.427123673640491
16 19 31 -0.14496547036225174
16 19 111 -2.0955788220102862
16 20 75 0.0
16 21 25 0.0
16 22 89 -5.599178655852647
16 22 61 -0.003707767465056443
16 23 7 -0.6948033589683866
16 23 27 -0.6914937405437833
16 24 37 0.0
16 25 3 -2.6758776482202156
16 25 67 -0.237122216188834
16 25 109 -1.9501076639083428
16 26 123 -1.7576073890466835
16 26 77 -1.7221898008608993
16 26 125 -0.4325251264129535
17 0 48 -0.5915918566637366
17 0 126 -0.8061939983322048
17 1 100 -0.23422935215763513
17 1 69 -3.4458909609280712
17 1 62 -1.731925851787873
17 2 82 -1.0515973794882048
17 2 124 -0.42982831332492055
17 3 64 -1.2700280764312395
17 3 18 -1.4422369402519812
17 3 4 -1.1810302429821018
17 3 10 -1.7383197013823255
17 4 22 -1.8148417025341004
17 4 87 -0.1777683630415411
17 5 70 0.0
17 6 2 -1.0064977801839552
17 6 50 -2.54593922166973
17 6 121 -0.9028793951232882
17 6 14 -1.8924432221291851
17 7 0 -0.1781400600588576
17 7 92 -1.8129333183125451
17 8 42 -1.9655782288715797
17 8 110 -0.1509099491771713
17 9 119 -2.2964326569767497
17 9 73 -1.0405589546406604
17 9 106 -2.239693916024697
17 9 28 -1.9455558678540952
17 9 94 -1.7779176671346868
17 9 47 -2.0577805956153963
17 10 81 -1.8279535541550516
17 10 99 -2.1000532676972186
17 10 116 -2.009545894379385
17 10 38 -1.5907981618615648
17 10 24 -1.5203691619171602
17 10 108 -1.937074498869588
17 10 45 -4.1203188756356495
17 11 41 -0.043886011427355674
17 11 91 -3.1480224137328947
17 12 56 0.0
17 13 35 0.0
17 14 13 -1.688772441234941
17 14 79 -0.2042557683840594
17 15 112 -0.4813770846344635
17 15 53 -1.867453211683818
17 15 85 -5.811664312804128
17 15 55 -1.665404569338939
17 15 9 -3.3397765174655607
17 16 36 -0.2885323530416552
17 16 59 -1.383747848625523
17 18 33 -2.1881981987965147
17 18 21 -0.892528816723823
17 18 103 -0.7375948517679722
17 19 31 0.0
17 20 75 0.0
17 21 17 -1.4516606447807252
17 21 115 -0.26680952547842407
17 22 97 -2.0445700709536143
17 22 89 -4.1325954428077445
17 22 61 -0.15721188034741804
17 23 7 -0.6951962205425299
17 23 27 -0.6911023305582353
17 24 105 0.0
17 25 67 0.0
17 26 123 -0.46870808113540435
17 26 77 -0.9829922367342091
18 0 80 -1.1696798604971914
18 0 120 -1.3290286932482185
18 0 46 -0.8561382039205038
18 1 98 -1.7812403465513769
18 1 114 -1.7704254246974476
18 1 52 -0.8066072168563333
18 1 69 -1.537394424212322
18 2 82 0.0
18 3 58 0.0
18 4 118 -2.029215221778017
18 4 87 -0.1409170347255042
18 5 5 -2.2869176618610028
18 5 70 -0.10711659097004651
18 6 72 -0.0461146413844603
18 6 44 -3.099593494462805
18 7 0 -0.9047020720678698
18 7 92 -0.5186266853867576
18 8 42 0.0
18 9 32 -1.70721046509431
18 9 19 -2.782425174693821
18 9 40 -0.27873457280494035
18 10 20 -1.4646263786847569
18 10 104 -0.30029773079440447
18 10 90 -5.7851876847998716
18 10 11 -3.796542587715747
18 10 95 -5.90823309551584
18 11 65 0.0
18 12 16 -2.2110395649348096
18 12 96 -2.0412346344651695
18 12 49 -2.4968380634097658
18 12 117 -2.0132478128254867
18 12 54 -2.374036786737554
18 12 23 -2.168500492970915
18 12 29 -1.8809913550046902
18 12 15 -2.2530310407050425
18 12 63 -2.529816180922109
18 13 35 -0.40750513966070534
18 13 51 -2.9167177329177827
18 13 101 -1.2708929498153825
18 14 13 -0.6445338119427142
18 14 79 -0.7442451056953874
18 15 112 -0.7189767401770871
18 15 85 -1.7856582987285943
18 15 9 -1.0640289123076427
18 16 102 0.0
18 17 39 -1.6138943087998285
18 17 57 -0.29546608632194116
18 17 127 -2.869899167913083
18 19 107 -4.4242692027691195
18 19 31 -0.15438021298222326
18 19 111 -2.03201689787315
18 20 75 0.0
18 21 25 0.0
18 22 89 -4.8294333605895226
18 22 61 -0.008023147570700216
18 23 7 -0.6936508279170668
18 23 27 -0.6926437867357983
18 24 37 0.0
18 25 3 -2.7188662131643158
18 25 67 -0.23054588118267746
18 25 109 -1.9664663805059313
18 26 123 -1.798299660183286
18 26 77 -1.6749142387955671
18 26 125 -0.43526129142648706
19 0 80 0.0
19 1 98 -1.773325082683683
19 1 114 -1.640820293838674
19 1 52 -0.7796040358822071
19 1 69 -1.7269615701465533
19 2 82 0.0
19 3 64 -1.1583598419158854
19 3 18 -1.5191586247801945
19 3 4 -1.2391254547651613
19 3 10 -1.7289771451509806
19 4 118 -0.6719719558355589
19 4 87 -0.7147805134574983
19 5 70 0.0
19 6 72 -0.9466488865585494
19 6 88 -2.2282352423357334
19 6 121 -0.8707289010276728
19 6 44 -2.4581150443308393
19 7 0 -0.019545893042807752
19 7 92 -3.9447471173143263
19 8 110 0.0
19 9 106 -1.8258526583615593
19 9 43 -0.5504119219506104
19 9 94 -1.4235279971917885
19 9 47 -3.8469468106652442
19 10 30 0.0
19 11 41 -0.042268804480932044
19 11 91 -3.1847659072468146
19 12 16 -2.203386039418893
19 12 96 -1.80191316108592
19 12 49 -2.859124394181541
19 12 117 -2.010579729624805
19 12 54 -2.365503582997771
19 12 23 -1.9770893136670844
19 12 29 -1.9491276286591188
19 12 15 -2.545763262751044
19 12 63 -2.523563789484029
19 13 35 -0.4020534519965388
19 13 51 -2.688329713776493
19 13 101 -1.3353708665032822
19 14 13 -3.1578572825505
19 14 79 -0.04344704624649157
19 15 112 -0.7189933955032155
19 15 85 -1.8607437713925883
19 15 9 -1.0294576332873397
19 16 36 -0.15052109215570234
19 16 59 -1.9679687566833584
19 17 39 -1.5916749246885675
19 17 57 -0.30427783212213116
19 17 127 -2.8342978598168065
19 18 33 -4.240611119267516
19 18 21 -1.4991488340392793
19 18 103 -0.27143996133790915
19 20 75 0.0
19 21 25 0.0
19 22 61 0.0
19 23 7 -0.6993310367959298
19 23 27 -0.6870013295037061
19 24 105 0.0
19 25 3 -2.4411549801241477
19 25 67 -0.2613258361903237
19 25 109 -1.9455417263015193
19 26 123 -1.6886339020875956
19 26 77 -1.8200336395805303
19 26 125 -0.42585977548027515
20 0 120 0.0
20 1 98 -1.1907510748681367
20 1 69 -0.3623953556358518
20 2 82 0.0
20 3 64 -1.2133419813435151
20 3 18 -1.4589446318387391
20 3 4 -0.9156848655784007
20 3 10 -2.658207618299515
20 4 118 -2.2009345036424803
20 4 87 -0.11732026112402863
20 5 70 0.0
20 6 74 0.0
20 7 0 -0.6765364226404439
20 7 92 -0.7100385230407265
20 8 42 0.0
20 9 73 -0.4118766093646798
20 9 47 -1.0859113058367138
20 10 81 -0.4962115172813882
20 10 45 -1.9755586640478242
20 10 95 -1.3764100194543174
20 11 41 -0.022977127373489448
20 11 91 -3.784722585814873
20 12 96 -2.1322521167389903
20 12 49 -1.5984899874851477
20 12 117 -2.435123610308297
20 12 23 -1.94225087294545
20 12 29 -1.8687667121870704
20 12 15 -1.4892538140249143
20 12 63 -2.682296115313118
20 13 35 -0.4096219763851137
20 13 51 -2.5552161165480114
20 13 101 -1.353156017096158
20 14 13 -0.6893955391687603
20 14 79 -0.6969129497834519
20 15 112 -0.7867044830694084
20 15 53 -1.7776651919797872
20 15 85 -1.901543965700121
20 15 55 -1.9323114156129575
20 15 9 -2.5074739957199754
20 16 36 -1.1013956491084589
20 16 59 -0.40407632766829754
20 17 39 -2.108844920515088
20 17 57 -0.3642203790071098
20 17 127 -1.6934510197219346
20 18 33 -1.0438476844991242
20 18 21 -1.5052584190866491
20 18 103 -0.8534503094278963
20 19 107 -2.5229303811122077
20 19 31 -0.5908567181670221
20 19 111 -1.005331695469983
20 21 17 -0.7674954293926682
20 21 115 -1.1917389168618588
20 21 25 -1.460444274153865
20 22 89 -1.398071801197304
20 22 61 -0.28378688272906755
20 23 7 -0.157575755289744
20 23 27 -1.9256024537443137
20 24 105 0.0
20 25 3 -1.0139201564595062
20 25 67 -0.63995034801957
20 25 109 -2.2082989366818864
20 26 123 -1.0497008307577664
20 26 77 -1.051973770829181
20 26 125 -1.2016095615334235
21 0 80 -0.551547151416635
21 0 68 -0.8581583232166277
21 1 114 -0.48290196761628484
21 1 52 -0.9596949779528302
21 2 82 -1.4001761914139093
21 2 124 -0.28309729130977823
21 3 64 -1.5714356846923567
21 3 18 -1.229237485755122
21 3 4 -1.004212382390535
21 3 10 -2.0143679203470066
21 4 22 -1.0157389977462974
21 4 87 -0.44962816869519745
21 5 70 0.0
21 6 50 -2.518750093028934
21 6 84 -2.5396344105452693
21 6 72 -1.9661993164217448
21 6 88 -3.490817046753174
21 6 121 -0.7437619263690941
21 6 44 -3.090483156131226
21 6 14 -1.9019431133547753
21 7 0 -0.2638681279311065
21 7 92 -1.461340461891965
21 8 110 0.0
21 9 119 -1.9306558010062083
21 9 106 -2.2251196411710907
21 9 43 -1.711523247326152
21 9 28 -1.7096109831040207
21 9 94 -1.5268677800225554
21 9 47 -1.7828938724618615
21 10 99 -1.7724191548778807
21 10 8 -1.0707546486231942
21 10 24 -0.7188162073900972
21 11 41 -0.04912784435444593
21 11 91 -3.037792669944914
21 12 16 -1.1109529726800265
21 12 96 -4.150954982027951
21 12 49 -4.325885800573466
21 12 117 -4.56416315631817
21 12 54 -0.8339192469167358
21 12 63 -1.6244423801377201
21 13 35 -1.19232901408026
21 13 101 -0.36170694454987723
21 14 13 -1.318120491013231
21 14 79 -0.31148015689138153
21 15 112 0.0
21 16 36 -0.5172229585527998
21 16 59 -0.9067708172897092
21 17 39 -2.0006027039827976
21 17 57 -0.26812072461374514
21 17 127 -2.303277174208325
21 18 33 -1.2651422809294108
21 18 21 -0.9723644647207672
21 18 103 -1.0799482805151568
21 19 31 0.0
21 20 75 0.0
21 22 61 0.0
21 23 7 -0.69546213462579
21 23 27 -0.6908375731315899
21 24 105 0.0
21 25 3 -3.3985786488378924
21 25 67 -0.10463242547832231
21 25 109 -2.7192566382361694
21 26 123 -0.0019703529701241905
21 26 77 -6.230527594352784
22 0 80 0.0
22 1 98 -1.6873552871014348
22 1 114 -1.6583297359723508
22 1 52 -0.7961781948350627
22 1 69 -1.7516612355966485
22 2 82 0.0
22 3 64 -1.2199999710793192
22 3 18 -1.4718265399901989
22 3 4 -1.2150154981688552
22 3 10 -1.7228389540700448
22 4 87 0.0
22 5 70 0.0
22 6 72 -0.9590911980073183
22 6 88 -2.222941200339185
22 6 121 -0.8609754736770542
22 6 44 -2.456676750230895
22 7 0 -0.0015991102500808273
22 7 92 -6.4391073466903626
22 8 110 0.0
22 9 119 -2.4497501246647775
22 9 106 -1.6481463261885052
22 9 43 -1.0806466765221476
22 9 94 -1.2786824643564627
22 9 47 -2.2681956722862586
22 10 60 0.0
22 11 41 -0.055263627187838546
22 11 91 -2.923144887041324
22 12 16 -2.1989982681236317
22 12 96 -1.4957772423262086
22 12 49 -2.7362988291335024
22 12 117 -1.6941830327433431
22 12 54 -2.360235453253351
22 12 23 -2.7509995244669416
22 12 29 -2.2456607725335798
22 12 15 -2.633802124284748
22 12 63 -2.5191520320476655
22 13 35 -0.48971018415688605
22 13 51 -2.819940090393015
22 13 101 -1.116003083328123
22 14 13 -5.65153361828748
22 14 79 -0.0035183083760539835
22 15 112 -0.7191366486182007
22 15 85 -1.8642463767596262
22 15 9 -1.0277410386087509
22 16 36 -0.010685972694820824
22 16 59 -4.544161589113756
22 17 39 -1.5877009230898949
22 17 57 -0.2989061236001396
22 17 127 -2.9192161349561023
22 18 33 -5.617636059748345
22 18 21 -1.4994465163237605
22 18 103 -0.2573299447340119
22 19 31 0.0
22 20 75 0.0
22 21 25 0.0
22 23 7 -0.7023134900284305
22 23 27 -0.6840641297240007
22 24 105 0.0
22 25 3 -2.591652753878982
22 25 67 -0.24641337627403848
22 25 109 -1.941386909540877
22 26 123 -1.6351692733737928
22 26 77 -1.9891101742147843
22 26 125 -0.40307270499703757
23 0 120 0.0
23 1 98 -1.1904738425803156
23 1 69 -0.3625164656322101
23 2 82 0.0
23 3 64 -1.2087287528636217
23 3 18 -1.466022527693694
23 3 4 -0.914996878199389
23 3 10 -2.658350564098426
23 4 118 -2.1998181486238786
23 4 87 -0.11745931169971056
23 5 70 0.0
23 6 26 -0.6377772041622048
23 6 74 -0.7517636260792867
23 7 0 -0.6754205846715025
23 7 92 -0.7111936881234233
23 8 42 0.0
23 9 73 -0.4125839058908905
23 9 47 -1.0845249445685463
23 10 81 -0.49760537095733326
23 10 45 -1.9753790697087659
23 10 95 -1.373155211183853
23 11 41 -0.024012722391087316
23 11 91 -3.7411538253181846
23 12 96 -2.1335827957752396
23 12 49 -1.5990637406780557
23 12 117 -2.4301882861305297
23 12 23 -1.9431169939063864
23 12 29 -1.877574577541417
23 12 15 -1.4866474625385155
23 12 63 -2.671694813993647
23 13 35 -0.4089709010228277
23 13 51 -2.55239294982603
23 13 101 -1.3556821618104147
23 14 13 -0.6915217292283942
23 14 79 -0.6947752782856964
23 15 112 -0.788481557822061
23 15 53 -1.7770938911634682
23 15 85 -1.9000422252621076
23 15 55 -1.9283760779461179
23 15 9 -2.5085004042966457
23 16 36 -1.0977677095845053
23 16 59 -0.40588766529335246
23 17 39 -2.1084835026740256
23 17 57 -0.364198049347674
23 17 127 -1.6937740451957863
23 18 33 -1.048975735955065
23 18 21 -1.508961187175122
23 18 103 -0.847315060181166
23 19 107 -2.5248237093311814
23 19 31 -0.5887581715676277
23 19 111 -1.008100473396693
23 20 6 0.0
23 21 17 -0.7660883410645226
23 21 115 -1.1932302865503917
23 21 25 -1.4613105888383273
23 22 89 -1.3947219637163015
23 22 61 -0.2848885812491341
23 24 105 0.0
23 25 3 -1.0111048785103256
23 25 67 -0.6406002186092562
23 25 109 -2.2145083969387676
23 26 123 -1.051601687609676
23 26 77 -1.0516938534064653
23 26 125 -1.1997258831754127
24 0 80 0.0
24 1 98 -1.766042994216898
24 1 114 -1.6894952294897068
24 1 52 -0.7777284493648814
24 1 69 -1.687775241237911
24 2 82 0.0
24 3 10 -3.6624528779816434
24 3 58 -0.026004681120439424
24 4 87 0.0
24 5 5 -0.19606081592021732
24 5 70 -1.7257596431357791
24 6 72 -0.6183960423772256
24 6 88 -2.23422537284881
24 6 121 -1.174383427340096
24 6 44 -3.0987058343964233
24 7 0 -0.06710391246319938
24 7 92 -2.734877269735031
24 8 110 0.0
24 9 19 -0.10398123206323084
24 9 119 -6.294276152704798
24 9 106 -2.8153146565303744
24 9 43 -3.4678001199586497
24 9 94 -5.388959285288011
24 9 47 -6.666546234296151
24 10 104 0.0
24 11 65 -0.045279207310381514
24 11 41 -3.188288074134421
24 11 91 -5.800187247138974
24 12 16 -2.2070293883440506
24 12 96 -1.797084085486287
24 12 49 -2.795706251299191
24 12 117 -2.0110192463017382
24 12 54 -2.369437035642501
24 12 23 -2.6714702186915447
24 12 29 -1.9497642275883418
24 12 15 -1.9354156098479478
24 12 63 -2.526832160568292
24 13 35 -0.40790044320685953
24 13 51 -2.613117587666925
24 13 101 -1.340750357717754
24 14 13 -2.1469810512469354
24 14 79 -0.12424476013984415
24 15 112 -0.7193053651571008
24 15 85 -1.859658202609671
24 15 9 -1.0295051657915486
24 16 36 0.0
24 17 39 -1.5992905691831207
24 17 57 -0.29127948942631543
24 17 127 -2.9827486252499593
24 18 33 -3.1863944222181257
24 18 21 -0.26242889239044265
24 18 103 -1.6633749316239035
24 19 31 0.0
24 20 75 0.0
24 21 25 0.0
24 22 61 0.0
24 23 7 -0.6948426955135745
24 23 27 -0.6914545355119927
24 25 3 -2.6677678425657687
24 25 67 -0.23534814962476827
24 25 109 -1.9639911118884938
24 26 123 -1.6863113466190869
24 26 77 -1.817982689151943
24 26 125 -0.42702743298804235
25 0 48 -0.5915958233425848
25 0 126 -0.8061890821764099
25 1 100 -0.2342243488476656
25 1 69 -3.445778993397183
25 1 62 -1.7319683965225592
25 2 82 -1.050839262714517
25 2 124 -0.4302356545025741
25 3 64 -1.2603715510602946
25 3 18 -1.4455367942733757
25 3 4 -1.183292734237257
25 3 10 -1.745468613258479
25 4 22 -1.814745302937731
25 4 87 -0.17778711852672902
25 5 70 0.0
25 6 2 -1.0062701121932975
25 6 50 -2.545681369843641
25 6 121 -0.9031162624932709
25 6 14 -1.8924924897639397
25 7 0 -0.18492312165425953
25 7 92 -1.778852208842947
25 8 42 -1.9534213000582374
25 8 110 -0.15290428809584372
25 9 119 -2.2854375691385727
25 9 73 -1.040585909747125
25 9 106 -2.240008335376701
25 9 28 -1.9457054589906617
25 9 94 -1.7785092114594743
25 9 47 -2.0652304520911207
25 10 81 -1.8271821214081136
25 10 99 -2.1002698307981045
25 10 116 -2.0096695556390434
25 10 38 -1.5908970557063498
25 10 24 -1.52052061299389
25 10 108 -1.9371786640103996
25 10 45 -4.121100451898307
25 11 41 -0.04460770069015382
25 11 91 -3.132069715075958
25 12 56 0.0
25 13 35 0.0
25 14 13 -1.6711075249646212
25 14 79 -0.20830259109427957
25 15 112 -0.4813890986757037
25 15 53 -1.8668137634664272
25 15 85 -5.798465476574517
25 15 55 -1.6656141627724321
25 15 9 -3.34236242804086
25 16 36 -0.2893133362497141
25 16 59 -1.381416475341258
25 17 66 0.0
25 18 33 -2.1951922552739016
25 18 21 -0.8987881154279955
25 18 103 -0.7306410282777498
25 19 31 0.0
25 20 75 0.0
25 21 17 -1.4516827361922031
25 21 115 -0.26680277020552984
25 22 97 -2.0461818019192632
25 22 89 -4.114185340054537
25 22 61 -0.15731674839883736
25 23 7 -0.6953279240981999
25 23 27 -0.6909711823176732
25 24 105 0.0
25 26 123 -0.46865680633389273
25 26 77 -0.9830779966834693
26 0 48 -1.28087170743168
26 0 80 -0.5418554858552678
26 0 68 -1.962284569646466
26 1 114 -0.5393772469403332
26 1 52 -0.8749359360914946
26 2 124 0.0
26 3 64 -1.3107257705533089
26 3 18 -1.467091585629647
26 3 4 -1.13579153302646
26 3 10 -1.722535408832416
26 4 22 -1.1827178581211673
26 4 87 -0.3659243487537884
26 5 70 0.0
26 6 50 -2.719907997886491
26 6 84 -2.4741780689271318
26 6 72 -1.9465759820517514
26 6 88 -2.671906745561789
26 6 121 -0.7458774179532405
26 6 44 -3.093405573674871
26 6 14 -2.1341982617210773
26 7 0 -0.06493669944789725
26 7 92 -2.766634995180692
26 8 110 0.0
26 9 119 -2.0371639213335966
26 9 106 -1.6633227182362933
26 9 43 -1.709514967479414
26 9 28 -2.3760173840249355
26 9 94 -1.336971479596357
26 9 47 -1.9408599643633488
26 10 99 -3.1582949871997603
26 10 83 -0.2757350458845137
26 10 8 -2.5566752462753946
26 10 24 -2.112579257912877
26 11 41 -0.055338224453161
26 11 91 -2.9218329083224086
26 12 16 -1.693966632133195
26 12 117 -4.443420951162906
26 12 54 -1.763195795069508
26 12 76 -0.6620149581271623
26 12 63 -2.1443135780360594
26 13 35 -0.7904843272720068
26 13 101 -0.6044497973465833
26 14 13 -2.5525294427699214
26 14 79 -0.08108469720029678
26 15 122 0.0
26 16 36 -0.12636880862952365
26 16 59 -2.13106970957274
26 17 39 -1.7634452330171655
26 17 57 -0.27876371543895245
26 17 127 -2.633478569211177
26 18 33 -2.798568821145655
26 18 21 -0.7732770497616515
26 18 103 -0.738972064317332
26 19 31 0.0
26 20 75 0.0
26 21 113 0.0
26 22 97 -2.073358185855603
26 22 61 -0.13440347234863756
26 23 7 -0.6952915166755192
26 23 27 -0.6910074327845588
26 24 105 0.0
26 25 3 -4.52974009924598
26 25 67 -0.07647277731728977
26 25 109 -2.767189099059158
