0 1 98 -2.1279525695293096
0 1 69 -0.12678943274027854
0 2 82 0.0
0 3 64 -1.5953159693846384
0 3 18 -1.1650021530579342
0 3 4 -0.8689065435759336
0 3 10 -2.720775646025618
0 4 87 0.0
0 5 70 0.0
0 6 121 0.0
0 7 0 -0.8219722529448487
0 7 92 -0.5790399910571021
0 8 42 -0.5436697831890184
0 8 110 -0.8689626166051074
0 9 119 -1.7907962140076228
0 9 73 -1.0044241754665542
0 9 106 -2.386108188302515
0 9 94 -2.5760154985786117
0 9 47 -1.2078010281656832
0 10 81 -0.09958524221983366
0 10 45 -2.356120733588299
0 11 41 -0.07429229275428817
0 11 91 -2.6366642483303897
0 12 96 -3.2913108087857643
0 12 49 -0.860186024708745
0 12 117 -3.6577193023495886
0 12 23 -1.6019430927542526
0 12 29 -2.984786080863171
0 12 15 -1.7873419374346369
0 12 63 -2.3595698098186495
0 13 35 -0.4308801479395721
0 13 51 -2.025532097720125
0 13 101 -1.522620194531785
0 14 13 -0.5551221038538201
0 14 79 -0.853321024369675
0 15 112 -1.5425543146428693
0 15 53 -1.7127996080878192
0 15 85 -2.5422847788907132
0 15 55 -0.8472370559806116
0 15 9 -2.317477967578024
0 16 36 -0.9318826427431562
0 16 59 -0.5005644591645552
0 17 39 -3.251601788463281
0 17 57 -0.4858765792616001
0 17 127 -1.0609404917288263
0 18 33 -0.8736415095136257
0 18 21 -1.271746517397531
0 18 103 -1.1965678889386806
0 19 31 0.0
0 20 75 0.0
0 21 17 -0.41448329026011915
0 21 115 -1.5206774326462944
0 21 25 -2.1139944586635977
0 22 89 -2.0128833102528114
0 22 61 -0.14341193068140148
0 23 7 -0.7004472602875998
0 23 27 -0.6859000060174958
0 24 105 0.0
0 25 3 -1.597560501123414
0 25 67 -0.28172340750607194
0 25 109 -3.1435825022715633
0 26 123 -1.1496339241903328
0 26 77 -0.6909115680035911
0 26 125 -1.7030442266252273
1 0 68 0.0
1 2 82 -2.2296820233050147
1 2 124 -0.11379893821870331
1 3 64 -1.5068664485927765
1 3 18 -1.2336860441236044
1 3 4 -0.9830348759504227
1 3 10 -2.1803166376200416
1 4 87 0.0
1 5 70 0.0
1 6 50 -1.5413552866975364
1 6 84 -1.5575849753235773
1 6 121 -1.5025076379848321
1 6 14 -1.0421551626279164
1 7 0 -0.4084850662710212
1 7 92 -1.092599595836828
1 8 42 -1.268106238419041
1 8 110 -0.3304002438718011
1 9 119 -2.9404190833239894
1 9 73 -1.1074488867558103
1 9 106 -2.2830887307765733
1 9 28 -1.465139222641477
1 9 94 -1.5091371610755953
1 9 47 -2.770345048906885
1 10 81 -1.7324147493450381
1 10 99 -1.9192806916523144
1 10 116 -1.1913801468594598
1 10 8 -1.895513692901127
1 10 24 -1.5772108503455213
1 10 45 -4.145374813004413
1 11 41 -0.07197158153151492
1 11 91 -2.6672539093908147
1 12 16 -1.611829313131613
1 12 49 -10.853131559351363
1 12 34 -0.5184017973741826
1 12 54 -2.198970322165161
1 12 23 -10.254295115256657
1 12 63 -2.364094838186115
1 13 101 0.0
1 14 13 -1.0303699960242598
1 14 79 -0.4414160073352422
1 15 112 -0.871954898450268
1 15 53 -0.5415139666588898
1 16 36 -0.41453503548054477
1 16 59 -1.0807155555451953
1 17 39 -9.313186043175646
1 17 57 -1.106163775164757E-4
1 17 127 -10.800777993088364
1 18 33 -1.2850582629695957
1 18 21 -1.1816019395496171
1 18 103 -0.8756800148261489
1 19 31 0.0
1 20 75 0.0
1 21 115 0.0
1 22 97 -1.2243437158985901
1 22 89 -3.3749899955867386
1 22 61 -0.3977484771656405
1 23 7 -0.6961145180980435
1 23 27 -0.6901886220699357
1 24 105 0.0
1 25 3 -8.574688394986598
1 25 67 -3.0883243863112723E-4
1 25 109 -9.028356613563034
1 26 123 -0.01596425817542484
1 26 77 -4.14537442962072
2 0 80 0.0
2 1 98 -2.880382982011389
2 1 114 -3.3365320410524406
2 1 52 -0.11672047171561652
2 1 69 -3.990375189034294
2 3 64 -1.217056957985177
2 3 18 -1.499222293859615
2 3 4 -1.045753024146078
2 3 10 -2.0466349358093807
2 4 87 0.0
2 5 70 0.0
2 6 72 -1.3731155681033602
2 6 88 -1.534574992564903
2 6 121 -0.8396068361187791
2 6 44 -2.3100536604437787
2 7 0 -6.67320742342365E-4
2 7 92 -7.312573396370385
2 8 110 0.0
2 9 119 -2.591052756133018
2 9 106 -1.6183547794854007
2 9 43 -1.1224130818600404
2 9 94 -1.246972725729545
2 9 47 -2.171841971824317
2 10 83 0.0
2 11 41 -0.07521438190569671
2 11 91 -2.624784302828523
2 12 16 -3.0869330213009682
2 12 96 -1.4307042669097971
2 12 49 -4.714584994725902
2 12 117 -2.863815151264206
2 12 54 -1.883600153338391
2 12 23 -4.6522334550498154
2 12 76 -0.8879323623895867
2 12 29 -4.52062767024283
2 12 15 -5.734485323725158
2 12 63 -2.7806033190383075
2 13 35 -0.4765130924879999
2 13 51 -5.251128832252628
2 13 101 -0.9839979923249896
2 14 13 -6.606691090697484
2 14 79 -0.0013522098999980154
2 15 112 -3.9414153896912816
2 15 85 -5.567782397972113
2 15 9 -3.0531334049325394
2 15 122 -0.07305512123069786
2 16 36 -0.0018481926612810686
2 16 59 -6.294471011261697
2 17 39 -1.0985383342513102
2 17 57 -0.4794980183128203
2 17 127 -3.0460170961912483
2 18 33 -6.635729280527165
2 18 21 -1.0258960261310939
2 18 103 -0.44595550060406647
2 19 31 0.0
2 20 75 0.0
2 21 25 0.0
2 22 61 0.0
2 23 7 -0.6955688386723874
2 23 27 -0.6907313727110306
2 24 105 0.0
2 25 3 -4.635829889384318
2 25 67 -0.4712697111125416
2 25 109 -1.0048685758579463
2 26 125 0.0
3 0 80 -1.6709017590307687
3 0 120 -0.961683962692931
3 0 46 -0.8447285901963643
3 1 98 -2.1368801546874145
3 1 114 -1.943077238522048
3 1 52 -0.8054029159594389
3 1 69 -1.231661705748137
3 2 82 0.0
3 4 118 -1.508998022783012
3 4 87 -0.24991297090721187
3 5 5 -1.8235450457498292
3 5 70 -0.1760839064266446
3 6 72 0.0
3 7 0 -8.319658395366456
3 7 92 -2.4370878649023013E-4
3 8 42 0.0
3 9 19 -3.3948203492033113
3 9 40 -0.03412217632258869
3 10 90 -2.006289722939563
3 10 11 -1.2424662651304588
3 10 45 -2.308962361121509
3 10 95 -0.7392381036505996
3 11 65 0.0
3 12 16 -3.333406734255888
3 12 96 -2.517633069655804
3 12 49 -1.5261877482679012
3 12 117 -2.218846306864445
3 12 54 -2.5715844933877894
3 12 23 -2.1742538170111194
3 12 29 -1.7183943272905295
3 12 15 -2.1284430702309414
3 12 63 -2.6722374875431605
3 13 35 -0.4253688396070923
3 13 51 -2.7667958957333147
3 13 101 -1.260161555757003
3 14 13 -5.897528353311321E-4
3 14 79 -7.4361018939304735
3 15 112 -0.9667594767583896
3 15 85 -1.0402061730252772
3 15 9 -1.3231140419476215
3 16 59 0.0
3 17 39 -1.6261654978178275
3 17 57 -0.6140176861947532
3 17 127 -1.3388557537718817
3 18 33 -2.5431073380215925
3 18 21 -7.745751522471006
3 18 103 -0.08235419345090247
3 19 107 -2.0801813647462697
3 19 31 -1.046756509913311
3 19 111 -0.6462295642333067
3 20 75 0.0
3 21 25 0.0
3 22 89 -3.6556662417427166
3 22 61 -0.026184104354160628
3 23 7 -0.6966321053975889
3 23 27 -0.6896743582592002
3 24 37 -4.207599908123403E-4
3 24 105 -7.773658352548012
3 25 3 -1.591927085789535
3 25 67 -0.4865297719755923
3 25 109 -1.7053380330009267
3 26 123 -2.400900740451772
3 26 77 -0.45336361437636785
3 26 125 -1.2950772597946558
4 0 86 0.0
4 1 98 -2.1279500494193457
4 1 69 -0.12678977340409286
4 2 82 0.0
4 3 64 -1.593652433383048
4 3 18 -1.1645289383979218
4 3 4 -0.8702137619270925
4 3 10 -2.7198259631623736
4 5 70 0.0
4 6 121 0.0
4 7 0 -0.8248030198846849
4 7 92 -0.5768253444636335
4 8 42 -0.5439685513410982
4 8 110 -0.8685491384977331
4 9 119 -1.789765766357377
4 9 73 -1.0043956635976063
4 9 106 -2.386138348569793
4 9 94 -2.577675293619218
4 9 47 -1.2079800519734942
4 10 81 -0.09958474005154742
4 10 45 -2.3561255292809764
4 11 41 -0.07418508101565888
4 11 91 -2.638055455100551
4 12 96 -3.2793580096085106
4 12 49 -0.8615805723161634
4 12 117 -3.6630103100905553
4 12 23 -1.6016080010331162
4 12 29 -2.984768035792957
4 12 15 -1.7878200806714815
4 12 63 -2.3565054554177243
4 13 35 -0.4309058319985737
4 13 51 -2.0241227835170412
4 13 101 -1.5233968802734112
4 14 13 -0.5529173080437283
4 14 79 -0.8562995407302962
4 15 112 -1.5417258771284366
4 15 53 -1.713990682363587
4 15 85 -2.5424488748502254
4 15 55 -0.8472114574137618
4 15 9 -2.3170780118846217
4 16 36 -0.9318204042663581
4 16 59 -0.5006048946017995
4 17 39 -3.247204938161228
4 17 57 -0.4858715721197889
4 17 127 -1.0614423551373438
4 18 33 -0.8773858947334907
4 18 21 -1.273767149605078
4 18 103 -1.189558174669487
4 19 31 0.0
4 20 75 0.0
4 21 17 -0.41395256578271294
4 21 115 -1.5216784246303565
4 21 25 -2.1150886946674357
4 22 89 -2.0140777235139424
4 22 61 -0.14322787289002709
4 23 7 -0.6998957782298562
4 23 27 -0.6864438213350226
4 24 105 0.0
4 25 3 -1.5978037904120608
4 25 67 -0.28124608810888535
4 25 109 -3.1508192922999108
4 26 123 -1.1504428275555691
4 26 77 -0.6903281757936965
4 26 125 -1.7032436418413892
5 0 80 -2.30970870235373
5 0 120 -0.9625152508818997
5 0 46 -0.6562776809113016
5 1 98 -2.1344109254571615
5 1 114 -1.7067227529245306
5 1 52 -0.9660417274988915
5 1 69 -1.1405608498292759
5 2 82 0.0
5 3 64 -0.24382469699974424
5 3 18 -2.860353053043202
5 3 4 -1.8386508725800739
5 3 10 -9.265584735247685
5 4 118 -1.1897901680713205
5 4 87 -0.36281533777099545
5 6 72 0.0
5 7 0 -9.056266059912542
5 7 92 -1.1666456247984384E-4
5 8 42 0.0
5 9 71 0.0
5 10 90 -1.5747972040223253
5 10 45 -2.1806978249846733
5 10 95 -0.38568044007646884
5 11 41 0.0
5 12 16 -3.513731101596956
5 12 96 -2.5182778267388968
5 12 49 -1.5266453655168617
5 12 117 -2.4142789990033164
5 12 54 -2.619868289522396
5 12 23 -2.174736324655842
5 12 29 -1.5817294854356763
5 12 15 -2.1289378013730427
5 12 63 -2.6326497809977867
5 13 35 -0.5630306446251871
5 13 51 -2.7671455580670643
5 13 101 -1.0005468482550415
5 14 13 -3.120819420729899E-4
5 14 79 -8.072400806700903
5 15 112 -1.0559753020499978
5 15 85 -0.9513945875439463
5 15 9 -1.324465966111536
5 16 59 0.0
5 17 39 -1.7992994563353024
5 17 57 -0.5630633131459298
5 17 127 -1.3275601908389363
5 18 33 -0.9051912924921788
5 18 21 -8.181726569986337
5 18 103 -0.5187640922730491
5 19 107 -1.4712818244543493
5 19 31 -1.4005769473151293
5 19 111 -0.6464271221690222
5 20 75 0.0
5 21 25 0.0
5 22 89 -1.8514288575639202
5 22 61 -0.17080333560445607
5 23 7 -0.69746954043408
5 23 27 -0.6888434231031869
5 24 37 -2.4859161891320535E-4
5 24 105 -8.29982338583133
5 25 3 -1.5964540145346475
5 25 67 -0.4268423294877662
5 25 109 -1.9322646919956483
5 26 123 -2.345022592341167
5 26 77 -0.426654902856572
5 26 125 -1.3804466568561624
6 0 120 0.0
6 1 98 -2.0187058910171207
6 1 69 -0.14251706811380002
6 2 82 0.0
6 3 64 -1.6229030018099253
6 3 18 -1.1616107314105923
6 3 4 -0.9611321138748109
6 3 10 -2.232744994580896
6 4 118 -3.1352415094142643
6 4 87 -0.044463250748089274
6 5 70 0.0
6 7 0 -0.9503293650501043
6 7 92 -0.48876030575804313
6 8 42 0.0
6 9 73 -0.3775167386167986
6 9 47 -1.1569674896188646
6 10 81 -0.5972989615846764
6 10 45 -1.4451965490621477
6 10 95 -1.5417593884845289
6 11 41 -0.07525917611229468
6 11 91 -2.6242110426403906
6 12 96 -2.839735536590843
6 12 49 -1.4783831796414082
6 12 117 -3.5164512895982867
6 12 23 -2.173520303909597
6 12 29 -2.2908535612554357
6 12 15 -0.9221379075735202
6 12 63 -2.6419284704442205
6 13 35 -0.8372010455893267
6 13 51 -1.1633314788903
6 13 101 -1.3679205978271107
6 14 13 -0.4886227855219607
6 14 79 -0.9505475881661621
6 15 112 -1.7132974404012482
6 15 53 -1.6702387853725262
6 15 85 -1.294864410000147
6 15 55 -1.1287293871209325
6 15 9 -3.3770358324917913
6 16 36 -1.0110310574701002
6 16 59 -0.45231090057750273
6 17 39 -2.7634149019053624
6 17 57 -0.3944614988900143
6 17 127 -1.33605350188183
6 18 33 -0.8414463578073291
6 18 21 -1.403678067169754
6 18 103 -1.1294164935618936
6 19 107 -1.8153336885186253
6 19 31 -0.7845583347214463
6 19 111 -0.9652309517279312
6 20 75 0.0
6 21 17 -0.3426172217169124
6 21 115 -1.4622390672732544
6 21 25 -2.8408977382363343
6 22 89 -1.071004697465536
6 22 61 -0.4195600832438667
6 23 7 -0.8817770247267164
6 23 27 -0.5345148214047065
6 24 105 0.0
6 25 3 -0.6805593840969522
6 25 67 -0.8141302835306923
6 25 109 -2.982976844146108
6 26 123 -1.1435113508373427
6 26 77 -0.6653012492573316
6 26 125 -1.7886639903295882
7 0 80 0.0
7 1 98 -1.2623474702453072
7 1 114 -1.7842796065437432
7 1 52 -1.075212878295024
7 1 69 -1.5708521636218884
7 2 82 0.0
7 3 64 -0.58551938972012
7 3 18 -2.037551834595844
7 3 4 -1.1686243409033994
7 3 10 -6.193927777702138
7 4 87 0.0
7 5 70 0.0
7 6 72 -0.8440529743850819
7 6 88 -1.48534398119545
7 6 121 -1.2301987569982078
7 6 44 -2.968570176194637
7 8 110 0.0
7 9 119 -9.207812652856981
7 9 106 -8.249972465092585
7 9 43 -9.496242544686789
7 9 93 -5.28507856808201E-4
7 9 94 -9.997330261810156
7 9 47 -9.982650477620178
7 10 1 0.0
7 11 41 -1.9846081452697028E-4
7 11 91 -8.525018114015614
7 12 16 -2.2884828432728153
7 12 96 -1.6765369045034944
7 12 49 -3.0052821772112863
7 12 117 -1.9239440953008526
7 12 54 -1.8303333993091733
7 12 23 -2.987903667339923
7 12 29 -2.134617685512592
7 12 15 -2.5705270294205746
7 12 63 -2.2030427420868346
7 13 35 -0.45089400054827555
7 13 51 -2.774411304513863
7 13 101 -1.2021230454784662
7 14 13 -0.8023230567875298
7 14 79 -0.594726133437071
7 15 112 -0.8353374217768822
7 15 85 -2.3277357768974727
7 15 9 -0.7576737623349102
7 16 36 -0.9615471589019644
7 16 59 -0.481753910792243
7 17 39 -1.5642298793442933
7 17 57 -0.30210523250334936
7 17 127 -2.966355328201685
7 18 33 -0.9187147215278098
7 18 21 -1.874398615922874
7 18 103 -0.8040313639579499
7 19 31 0.0
7 20 75 0.0
7 21 25 0.0
7 22 61 0.0
7 23 7 -0.6953433318564692
7 23 27 -0.690955841776861
7 24 105 0.0
7 25 3 -2.3350630730339144
7 25 67 -0.32527191312667003
7 25 109 -1.7100059982985962
7 26 123 -2.6694241543872637
7 26 77 -2.226930712421541
7 26 125 -0.1949826774185549
8 0 80 -0.47621217729824844
8 0 46 -0.9705665702160097
8 1 98 -1.4737727691096103
8 1 114 -1.8516739823987671
8 1 52 -1.0054812314421633
8 1 69 -1.3939329125573963
8 2 82 0.0
8 3 64 -1.2709197321445178
8 3 18 -1.4271555119664545
8 3 4 -0.9886579649851415
8 3 10 -2.231565258835924
8 4 118 -1.3743210202181881
8 4 87 -0.2917052573816499
8 5 70 0.0
8 6 72 -0.8822607986209993
8 6 88 -2.6205896393299395
8 6 121 -0.8707191883074976
8 6 44 -2.356582364391983
8 7 0 -0.0020330763674495825
8 7 92 -6.199221547080086
8 9 106 -1.814694516500577
8 9 43 -0.4012832095684114
8 9 94 -1.7858654543255232
8 10 30 0.0
8 11 41 -0.05240045163787551
8 11 91 -2.9749258884467253
8 12 16 -2.2978778355204112
8 12 96 -1.642341981389681
8 12 49 -2.051528087010447
8 12 117 -2.2220313930210707
8 12 54 -1.93807319306137
8 12 23 -2.421973524965541
8 12 29 -2.1466622904680674
8 12 15 -3.3257327067998514
8 12 63 -2.48257731194618
8 13 35 -0.4510806227440492
8 13 51 -2.7696295856659745
8 13 101 -1.2027226136227394
8 14 13 -5.09358709101522
8 14 79 -0.006154872507568361
8 15 112 -0.8353305426190732
8 15 85 -2.3631671318067187
8 15 9 -0.7504643634107698
8 16 36 -0.07675796307708811
8 16 59 -2.6052316470027095
8 17 39 -1.5719679543608787
8 17 57 -0.4152757264224989
8 17 127 -2.0233969475691755
8 18 33 -4.104709386127626
8 18 21 -1.1883824330463852
8 18 103 -0.38744137432390197
8 19 111 0.0
8 20 75 0.0
8 21 25 0.0
8 22 61 0.0
8 23 7 -0.7016784736193038
8 23 27 -0.6846880552119667
8 24 105 0.0
8 25 3 -2.601745821033222
8 25 67 -0.2939001947071194
8 25 109 -1.711996250395659
8 26 123 -2.8521510585515917
8 26 77 -1.9423397187940739
8 26 125 -0.22450465727302635
9 0 80 -2.3068893940013404
9 0 120 -0.9623978719875381
9 0 46 -0.6569046529348138
9 1 98 -2.134420373936646
9 1 114 -1.7060716592812166
9 1 52 -0.9670303951352478
9 1 69 -1.1397508283371744
9 2 82 0.0
9 3 64 -0.23412080228632326
9 3 18 -3.085991864343353
9 3 4 -1.8139082773684343
9 3 10 -10.309984554764728
9 4 118 -1.2024468350174777
9 4 87 -0.35732964429056163
9 5 70 0.0
9 6 72 0.0
9 7 0 -10.021845249178233
9 7 92 -4.441989784241926E-5
9 8 42 0.0
9 10 90 -1.5748217262129678
9 10 45 -2.1806642585880844
9 10 95 -0.38567854970256193
9 11 41 0.0
9 12 16 -3.5211396200739364
9 12 96 -2.5183126992787765
9 12 49 -1.5267301575276457
9 12 117 -2.4140026098031497
9 12 54 -2.6210787040773105
9 12 23 -2.1748090242840576
9 12 29 -1.5817354655550004
9 12 15 -2.1289794349886604
9 12 63 -2.6282237051686965
9 13 35 -0.5631891959251161
9 13 51 -2.766812440748095
9 13 101 -1.0003582561434727
9 14 13 -1.1863338969448103E-4
9 14 79 -9.039531895138241
9 15 112 -1.055971950664142
9 15 85 -0.9514021781606994
9 15 9 -1.3244593267553122
9 16 59 0.0
9 17 39 -1.7982828541890805
9 17 57 -0.5633220207607001
9 17 127 -1.3276391812965724
9 18 33 -0.9681294808911224
9 18 21 -9.117666890889986
9 18 103 -0.4778785457351242
9 19 107 -1.4713076302007406
9 19 31 -1.400529714834823
9 19 111 -0.6464380309236394
9 20 75 0.0
9 21 25 0.0
9 22 89 -1.8529235096660568
9 22 61 -0.17052519217295875
9 23 7 -0.6973783178032386
9 23 27 -0.6889338704365167
9 24 37 -2.530789066289167E-4
9 24 105 -8.281935770738649
9 25 3 -1.5956019972675044
9 25 67 -0.4272219053212944
9 25 109 -1.9317473035865458
9 26 123 -2.3458464183782173
9 26 77 -0.4268525554886433
9 26 125 -1.3796201676269462
10 0 80 0.0
10 1 98 -1.2527973519471565
10 1 114 -1.7243792880782185
10 1 52 -1.1485863694817204
10 1 69 -1.519016187063674
10 2 82 0.0
10 3 64 -1.2269761070660632
10 3 18 -1.5191172844679932
10 3 4 -1.0252792624304707
10 3 10 -2.046231861939495
10 4 87 0.0
10 5 70 0.0
10 6 72 -1.3733117973253643
10 6 88 -1.5397350697088223
10 6 121 -0.8395525937909921
10 6 44 -2.298676963696388
10 7 0 -7.081501429632333E-5
10 7 92 -9.555474920713191
10 8 110 0.0
10 9 119 -2.589151175606043
10 9 106 -1.6189815538428285
10 9 43 -1.12199852279081
10 9 94 -1.2470105993147957
10 9 47 -2.173093282345913
10 11 41 -0.07523196666686674
10 11 91 -2.6245592171174073
10 12 16 -2.301909084300554
10 12 96 -1.26428761567304
10 12 49 -2.9105134926206704
10 12 117 -1.8085277140597427
10 12 54 -1.8290730459393456
10 12 23 -2.9881817494247382
10 12 29 -3.091342598486321
10 12 15 -3.549934902985546
10 12 63 -2.1712040891787394
10 13 35 -0.5181481272070562
10 13 51 -2.769779605915201
10 13 101 -1.0738173234452972
10 14 13 -8.744352422457206
10 14 79 -1.5937147853275173E-4
10 15 112 -0.8352622268559834
10 15 85 -2.5393564506661606
10 15 9 -0.7188299645808739
10 16 36 -0.0011810105123151722
10 16 59 -6.741975287748223
10 17 39 -1.2601898503802258
10 17 57 -0.4176951906727649
10 17 127 -2.8501285363672664
10 18 33 -8.009716070630637
10 18 21 -1.0470474135607797
10 18 103 -0.4327921893865227
10 19 31 0.0
10 20 75 0.0
10 21 25 0.0
10 22 61 0.0
10 23 7 -0.6972030309333889
10 23 27 -0.6891077136821149
10 24 105 0.0
10 25 3 -2.497936387488937
10 25 67 -0.3070315435858457
10 25 109 -1.7031002382255014
10 26 123 -2.7048113606559183
10 26 77 -2.1953851032964895
10 26 125 -0.19625654891862432
11 0 80 -1.6754747938285892
11 0 120 -0.961694043426455
11 0 46 -0.8427244875678304
11 1 98 -2.1368791613144413
11 1 114 -1.9434649387109677
11 1 52 -0.8050161635661204
11 1 69 -1.2320643169729417
11 2 82 0.0
11 3 64 0.0
11 4 118 -1.5118518907333847
11 4 87 -0.24910420099216088
11 5 5 -1.850401558208099
11 5 70 -0.1709947943873869
11 6 72 0.0
11 7 0 -8.326847436268203
11 7 92 -2.4196282548752935E-4
11 8 42 0.0
11 9 19 -4.254604123589185
11 9 40 -0.014300476705734557
11 10 90 -2.0062880878261353
11 10 11 -1.2424712763556698
11 10 45 -2.3089595243894885
11 10 95 -0.7392361248742951
11 12 16 -3.3378364533776286
11 12 96 -2.5176518673922774
11 12 49 -1.5261944683260855
11 12 117 -2.218864291689493
11 12 54 -2.5729187143812893
11 12 23 -2.1742669225434565
11 12 29 -1.7167314089864036
11 12 15 -2.128455094072308
11 12 63 -2.6726876092139764
11 13 35 -0.42705969609838684
11 13 51 -2.7668635651796647
11 13 101 -1.2562611635573007
11 14 13 -5.867911488181922E-4
11 14 79 -7.441134976850317
11 15 112 -0.9668110488204256
11 15 85 -1.0401495111705474
11 15 9 -1.3231155845160476
11 16 59 0.0
11 17 39 -1.6227710106618287
11 17 57 -0.614339004642293
11 17 127 -1.3407454568258745
11 18 33 -2.135207973574108
11 18 21 -7.741791706006166
11 18 103 -0.1263053281269525
11 19 107 -2.0801855220991534
11 19 31 -1.046753087311294
11 19 111 -0.6462308663024764
11 20 75 0.0
11 21 25 0.0
11 22 89 -3.655535042423632
11 22 61 -0.026187585295963173
11 23 7 -0.6967718629179783
11 23 27 -0.689535589088086
11 24 37 -4.2877624725701495E-4
11 24 105 -7.7547897237289884
11 25 3 -1.5918816862498921
11 25 67 -0.48653325136067155
11 25 109 -1.7053771153130404
11 26 123 -2.4003133797457634
11 26 77 -0.45327672200833163
11 26 125 -1.2954734040504015
12 0 48 -0.1604137585486109
12 0 126 -1.909133729259197
12 1 100 -0.06450530279798947
12 1 69 -10.497623402456759
12 1 62 -2.7735290791302796
12 2 82 -1.993413288213744
12 2 124 -0.1464483324770888
12 3 64 -1.5624804234542362
12 3 18 -1.2691073077643134
12 3 4 -0.932416458516977
12 3 10 -2.15674910719243
12 4 22 -0.29449020871354725
12 4 87 -1.3661437157428677
12 5 70 0.0
12 6 2 -1.2131684794675066
12 6 50 -1.726654425632866
12 6 121 -1.5613455437481123
12 6 14 -1.15513812753414
12 7 0 -0.3227351393756212
12 7 92 -1.287954709098724
12 8 42 -1.2679788742327336
12 8 110 -0.33045011454980483
12 9 119 -2.0143991880017516
12 9 73 -0.9826177008510436
12 9 106 -2.3464970170256976
12 9 28 -1.7589743476831436
12 9 94 -2.2091640307903604
12 9 47 -2.166727193894993
12 10 81 -1.8089094591455572
12 10 99 -2.1299995941576335
12 10 116 -1.5715163432240067
12 10 38 -2.367794970892814
12 10 24 -1.5772180518340655
12 10 108 -1.6308519981089258
12 10 45 -4.297590220547585
12 11 41 -0.0747096773183069
12 11 91 -2.631267931607126
12 13 35 0.0
12 14 13 -1.2532736222380174
12 14 79 -0.33626804811661737
12 15 112 -1.0987963140682713
12 15 53 -0.9273984431817537
12 15 85 -9.5978900162227
12 15 55 -1.3054643895525553
12 15 9 -10.34990512583547
12 16 36 -0.3979577297749711
12 16 59 -1.1137982729543632
12 17 57 0.0
12 18 33 -1.264423613086049
12 18 21 -1.213845061171022
12 18 103 -0.8662035906776757
12 19 31 0.0
12 20 75 0.0
12 21 17 -0.9680728607895932
12 21 115 -0.4777363107531362
12 22 97 -0.8774594571945143
12 22 89 -3.3706504481907578
12 22 61 -0.5982103451235423
12 23 7 -0.6970890693681693
12 23 27 -0.6892207692484893
12 24 105 0.0
12 25 67 0.0
12 26 123 -1.0161971650126065
12 26 77 -0.4493681471717172
13 0 48 -0.4675454579725619
13 0 68 -1.3911730584484152
13 0 126 -2.0820171994776837
13 1 100 -0.012512236796478745
13 1 62 -4.387297765045675
13 2 82 -1.9228174380027034
13 2 124 -0.15805184817592208
13 3 64 -1.5585991777737451
13 3 18 -1.2865256473540723
13 3 4 -0.9272662748732647
13 3 10 -2.13955902219526
13 4 22 -0.5314221855553002
13 4 87 -0.8861700951859904
13 5 70 0.0
13 6 2 -1.6441862482494967
13 6 50 -1.8245083199514283
13 6 84 -2.429399803436067
13 6 121 -1.3234612054618429
13 6 14 -1.2336371390832457
13 7 0 -0.2215152670522884
13 7 92 -1.6159776928037004
13 8 42 -1.2690352355789913
13 8 110 -0.3300367532584305
13 9 119 -2.090155491335885
13 9 73 -0.9503892864638825
13 9 106 -2.355480063713556
13 9 28 -2.066835098958633
13 9 94 -2.2495181225093988
13 9 47 -1.814877688590141
13 10 81 -1.7664073020323667
13 10 99 -2.130227527037346
13 10 116 -1.8220394370117579
13 10 38 -2.6486694405236424
13 10 8 -2.169940635531375
13 10 24 -1.5774488675430014
13 10 108 -1.9416216235321577
13 10 45 -4.294306582455544
13 11 41 -0.06432430457669004
13 11 91 -2.7758074895209752
13 12 34 0.0
13 14 13 -1.46347423018072
13 14 79 -0.26322471668490605
13 15 112 -1.2224253595326098
13 15 53 -0.3979103577545316
13 15 55 -3.3883967080538664
13 16 36 -0.37868536244803097
13 16 59 -1.1544242938357479
13 17 57 0.0
13 18 33 -1.4602814856148096
13 18 21 -1.1131756494390375
13 18 103 -0.822538515306051
13 19 31 0.0
13 20 75 0.0
13 21 17 -3.280862416393624
13 21 115 -0.03832077057679484
13 22 97 -1.2809183900807484
13 22 89 -3.376634683384883
13 22 61 -0.37388548384391335
13 23 7 -0.6962548908407166
13 23 27 -0.6900490982292085
13 24 105 0.0
13 25 67 0.0
13 26 123 -0.10179676687082176
13 26 77 -2.335243581464397
14 0 80 -0.6317634232594305
14 0 46 -0.7585467524891023
14 1 98 -1.5945359074008814
14 1 114 -1.9931061262791592
14 1 52 -0.8845142788345215
14 1 69 -1.3950884989062544
14 2 82 0.0
14 3 64 -0.5236374715704403
14 3 18 -2.0421299948650717
14 3 4 -1.291785517591652
14 3 10 -5.774319966141111
14 4 118 -0.7990326855844941
14 4 87 -0.5974076689085235
14 5 70 0.0
14 6 72 -0.7352100666540163
14 6 88 -1.9731653824262423
14 6 121 -1.0890071926957765
14 6 44 -3.100455635533554
14 7 0 -0.9474441073632149
14 7 92 -0.4905831524887458
14 8 42 -4.501211622169648
14 8 110 -0.011157559490961018
14 9 12 0.0
14 10 78 -8.950378009808086E-5
14 10 95 -9.321274449398484
14 11 41 -3.385608282157416E-4
14 11 91 -7.990976058086022
14 12 16 -2.39640731033647
14 12 96 -1.719939696125293
14 12 49 -2.740600753546208
14 12 117 -2.221253415668117
14 12 54 -1.9363965861961672
14 12 23 -2.5913103501951125
14 12 29 -1.8987524510560423
14 12 15 -2.4216312944511476
14 12 63 -2.3106430287699276
14 13 35 -0.36045107522443065
14 13 51 -2.7745907908251497
14 13 101 -1.4260198254711165
14 15 112 -0.835349792942496
14 15 85 -1.7373683782154252
14 15 9 -0.9408540911406738
14 16 36 -1.8673240213395836
14 16 59 -0.1678704537080404
14 17 39 -1.5776601736950795
14 17 57 -0.34543825567027037
14 17 127 -2.457692127027313
14 18 33 -0.821302740271149
14 18 21 -2.00726627316398
14 18 103 -0.8538177587317184
14 19 107 -5.610459534961053
14 19 31 -0.003666099292160722
14 20 75 0.0
14 21 25 0.0
14 22 61 0.0
14 23 7 -0.6910865079752293
14 23 27 -0.695212108286125
14 24 105 0.0
14 25 3 -1.9067313058852822
14 25 67 -0.39898443033894737
14 25 109 -1.71239219512163
14 26 123 -3.1000640801737207
14 26 77 -1.7354546003146054
14 26 125 -0.25021461670248607
15 0 80 -1.183195581286695
15 0 68 -0.3657133412815984
15 1 114 -0.42751273720969907
15 1 52 -1.055923832509585
15 2 82 -2.1143585451239866
15 2 124 -0.12864130596969697
15 3 64 -1.5588756769716656
15 3 18 -1.1580683413744064
15 3 4 -0.9163923505891736
15 3 10 -2.5826182778647384
15 4 22 -0.4431509930559946
15 4 87 -1.027250954102852
15 5 70 0.0
15 6 50 -1.3470960512896033
15 6 84 -2.544940483045538
15 6 72 -3.010655599953282
15 6 88 -3.6134266825346835
15 6 121 -1.0746405118100169
15 6 44 -4.000235590444587
15 6 14 -1.4890909363549487
15 7 0 -0.545310368812999
15 7 92 -0.8666957641666222
15 8 110 0.0
15 9 119 -1.7306858267295528
15 9 106 -2.3531971193569885
15 9 43 -1.9442211738304356
15 9 28 -1.4396196753641417
15 9 94 -2.161020461732647
15 9 47 -1.4590870922008836
15 10 99 -1.4749067694658227
15 10 8 -1.086365657067087
15 10 24 -0.8352655072328716
15 11 41 -0.057388206828091065
15 11 91 -2.8864733346403995
15 12 16 -1.1408470694718211
15 12 96 -9.762164248155262
15 12 49 -10.751610279757568
15 12 117 -10.00299031679756
15 12 54 -1.310206219783933
15 12 76 -1.4356898362630364
15 12 63 -1.7567093987241285
15 13 35 -3.9396149843067687
15 13 101 -0.019647457471664305
15 14 13 -0.7541875495657531
15 14 79 -0.6356193587119945
15 16 36 -0.6969245074001493
15 16 59 -0.6893840682417409
15 17 39 -9.887225561810304
15 17 57 -8.725161695591406E-5
15 17 127 -10.220171096438841
15 18 33 -1.0291250643054963
15 18 21 -1.3310121722354913
15 18 103 -0.9716162383435613
15 19 31 0.0
15 20 75 0.0
15 21 113 0.0
15 22 61 0.0
15 23 7 -0.6961930346243516
15 23 27 -0.6901105755583541
15 24 105 0.0
15 25 3 -8.478589861255774
15 25 67 -3.3926316590456994E-4
15 25 109 -8.937766871148229
15 26 123 0.0
16 0 80 -0.9333454783888386
16 0 120 -1.5233852008135487
16 0 46 -0.9447125832475096
16 1 98 -1.6099270791254527
16 1 114 -2.0106822404458233
16 1 52 -0.8714243603850983
16 1 69 -1.3949505983859873
16 2 82 0.0
16 3 58 0.0
16 4 118 -1.361794246363215
16 4 87 -0.29598400792118107
16 5 5 -2.08485826738209
16 5 70 -0.13275996429525927
16 6 72 -0.06534367488571825
16 6 44 -2.760588567491384
16 7 0 -2.254639299354287
16 7 92 -0.11083254718954434
16 8 42 0.0
16 9 32 -2.482091291473445
16 9 19 -2.5822733546011034
16 9 40 -0.17336603615967808
16 10 20 -1.1082792414645746
16 10 104 -0.40755531910118475
16 10 90 -7.527033829803497
16 10 11 -5.58266628482468
16 10 95 -8.11855637029639
16 11 65 0.0
16 12 16 -2.3653215026639085
16 12 96 -2.0851706005308586
16 12 49 -2.115136948848146
16 12 117 -2.223750004213195
16 12 54 -2.0015397947433318
16 12 23 -2.3415533297568825
16 12 29 -2.013080932581296
16 12 15 -2.3132416174063377
16 12 63 -2.4173907248480844
16 13 35 -0.3930834645625408
16 13 51 -2.789687425648621
16 13 101 -1.3333711291689865
16 14 13 -0.1473971162622515
16 14 79 -1.9874183391701048
16 15 112 -0.8354877669959838
16 15 85 -1.6709015492407289
16 15 9 -0.9721743655156102
16 17 39 -1.5736852300350421
16 17 57 -0.418554203836831
16 17 127 -2.004537144576
16 18 103 0.0
16 19 107 -4.5253985764378655
16 19 31 -0.07468617137764008
16 19 111 -2.7946720754693586
16 20 75 0.0
16 21 25 0.0
16 22 89 -7.789096617962624
16 22 61 -4.143127358333044E-4
16 23 7 -0.6957415643643913
16 23 27 -0.6905595101694078
16 24 37 0.0
16 25 3 -2.302995749032276
16 25 67 -0.33137516299632974
16 25 109 -1.7031702888290094
16 26 123 -2.927980540435085
16 26 77 -1.8361234394868344
16 26 125 -0.23944986277425456
17 0 48 -0.842217010190314
17 0 126 -0.5634434387566639
17 1 100 -0.11422713615791155
17 1 69 -9.959045623568745
17 1 62 -2.2265746211663164
17 2 82 -1.3738593048295957
17 2 124 -0.29186169259930295
17 3 64 -1.4689129097058264
17 3 18 -1.4294223545565974
17 3 4 -0.8982237397602468
17 3 10 -2.0948820858698363
17 4 22 -1.1223458411237521
17 4 87 -0.39380627388846057
17 5 70 0.0
17 6 2 -0.7272257480743085
17 6 50 -2.7516072971515513
17 6 121 -1.096712344786813
17 6 14 -2.1289698757209643
17 7 0 -0.09848130885760326
17 7 92 -2.366725086677384
17 8 42 -2.3943135900107535
17 8 110 -0.09566905466002147
17 9 119 -2.089081280470598
17 9 73 -1.0165979889437202
17 9 106 -2.354476075622989
17 9 28 -2.143288763590688
17 9 94 -2.6610399336891244
17 9 47 -1.459776838536623
17 10 81 -1.8776463419277158
17 10 99 -2.132169984497198
17 10 116 -2.2212996508344913
17 10 38 -1.5649531755809358
17 10 24 -1.5793219797402538
17 10 108 -1.6543017762962968
17 10 45 -4.300302923479338
17 11 41 -0.04060344681048225
17 11 91 -3.2241353501881753
17 12 56 0.0
17 13 35 0.0
17 14 13 -2.277891792573127
17 14 79 -0.10814223717419678
17 15 112 -0.528293978188544
17 15 53 -1.2978172893725126
17 15 85 -9.547194991963323
17 15 55 -1.986635515487734
17 15 9 -10.254785564637206
17 16 36 -0.22356153360164413
17 16 59 -1.6077677281886018
17 18 33 -2.3417154418003534
17 18 21 -0.934176000677541
17 18 103 -0.6715266473608972
17 19 31 0.0
17 20 75 0.0
17 21 17 -0.8875859555509236
17 21 115 -0.5304303662387468
17 22 97 -2.0451347495872323
17 22 89 -3.9825180685101853
17 22 61 -0.16017040007963593
17 23 7 -0.6964871450843512
17 23 27 -0.6898183342743419
17 24 105 0.0
17 25 67 0.0
17 26 123 -0.23276512463941423
17 26 77 -1.5718514798188603
18 0 80 -0.9374367648497148
18 0 120 -1.5221864452947595
18 0 46 -0.9412614167190517
18 1 98 -1.6098305230352319
18 1 114 -2.0087758573991943
18 1 52 -0.8722389262994064
18 1 69 -1.3946850104501902
18 2 82 0.0
18 3 58 0.0
18 4 118 -1.373377266835926
18 4 87 -0.292025116601404
18 5 5 -2.110487127073606
18 5 70 -0.12917395437115411
18 6 72 -0.06727206966296148
18 6 44 -2.7324576190460745
18 7 0 -1.789270666127009
18 7 92 -0.182820061575302
18 8 42 0.0
18 9 32 -1.5506734167715825
18 9 19 -2.4714386578518392
18 9 40 -0.35178456197204894
18 10 20 -1.0906217298399412
18 10 104 -0.41785949465475614
18 10 90 -6.973424399184132
18 10 11 -5.451564401419616
18 10 95 -8.073439364493296
18 11 65 0.0
18 12 16 -2.3825678093015417
18 12 96 -2.043199052428202
18 12 49 -2.143692635216001
18 12 117 -2.223884473720611
18 12 54 -2.00859640503176
18 12 23 -2.332175643647185
18 12 29 -2.060974916966102
18 12 15 -2.320532355195349
18 12 63 -2.3449508623799025
18 13 35 -0.39557522567578834
18 13 51 -2.7777667377705524
18 13 101 -1.3298000193701451
18 14 13 -0.24568171291407065
18 14 79 -1.5240455716738683
18 15 112 -0.8354074244855555
18 15 85 -1.6699344690368203
18 15 9 -0.9727477257814664
18 16 102 0.0
18 17 39 -1.5737370214857427
18 17 57 -0.4137092237761935
18 17 127 -2.0284621300672723
18 19 107 -4.49074079026547
18 19 31 -0.07387914304883342
18 19 111 -2.8133485819785937
18 20 75 0.0
18 21 25 0.0
18 22 89 -7.086029863574177
18 22 61 -8.370628829472885E-4
18 23 7 -0.6934772482305065
18 23 27 -0.692817221798105
18 24 37 0.0
18 25 3 -2.372685370108248
18 25 67 -0.3218991564565663
18 25 109 -1.7037557778187828
18 26 123 -2.9290452265202536
18 26 77 -1.7694805475194737
18 26 125 -0.25343464956734774
19 0 80 0.0
19 1 98 -1.3049995375469499
19 1 114 -1.7577911332615126
19 1 52 -1.1058757000497546
19 1 69 -1.489519098219764
19 2 82 0.0
19 3 64 -1.2021570199876888
19 3 18 -1.5569641217218295
19 3 4 -0.9641205999348124
19 3 10 -2.231554584156793
19 4 118 -0.6391031952926778
19 4 87 -0.750279625388384
19 5 70 0.0
19 6 72 -0.8798849718120864
19 6 88 -2.620560855045225
19 6 121 -0.8731000993528233
19 6 44 -2.3564863906219102
19 7 0 -0.0015324822297181522
19 7 92 -6.48163262909791
19 8 110 0.0
19 9 106 -1.8121660160872202
19 9 43 -0.4621718517056247
19 9 94 -1.788024012060068
19 9 47 -3.231569268823373
19 10 30 0.0
19 11 41 -0.05240081057471058
19 11 91 -2.974919216490734
19 12 16 -2.2406208511724093
19 12 96 -1.7290916728786496
19 12 49 -2.756172247919346
19 12 117 -1.9045353366415267
19 12 54 -1.8332212971971407
19 12 23 -2.4326014401515037
19 12 29 -2.144770031646753
19 12 15 -3.1694083913759057
19 12 63 -2.334008047153998
19 13 35 -0.4351088398238724
19 13 51 -2.7725130336509256
19 13 101 -1.2368368029120542
19 14 13 -5.24742312887434
19 14 79 -0.005274946113117842
19 15 112 -0.8353456392832087
19 15 85 -2.5389483005602895
19 15 9 -0.7188218326206159
19 16 36 -0.0749150295875988
19 16 59 -2.6286244280318787
19 17 39 -1.5664128366958419
19 17 57 -0.32108590503399836
19 17 127 -2.7204328105952196
19 18 33 -4.22450280204234
19 18 21 -1.1752278275178094
19 18 103 -0.3906472938515963
19 20 75 0.0
19 21 25 0.0
19 22 61 0.0
19 23 7 -0.701903556768817
19 23 27 -0.6844668133930611
19 24 105 0.0
19 25 3 -2.4402656831035996
19 25 67 -0.3111324853372781
19 25 109 -1.7134355007823412
19 26 123 -2.768989039735957
19 26 77 -2.1084902241833454
19 26 125 -0.20352051416347022
20 0 120 0.0
20 1 98 -2.0577468469525906
20 1 69 -0.13666941617297748
20 2 82 0.0
20 3 64 -1.6089866263661847
20 3 18 -1.2118130572146888
20 3 4 -0.9824461523099542
20 3 10 -2.0568314925552715
20 4 118 -3.1680536377097956
20 4 87 -0.04299668216500599
20 5 70 0.0
20 6 74 0.0
20 7 0 -0.9104616748204857
20 7 92 -0.5147306244092761
20 8 42 0.0
20 9 73 -0.42881962911669375
20 9 47 -1.0534784867532574
20 10 81 -0.5411771661061144
20 10 45 -1.5528434959358428
20 10 95 -1.5784624893784363
20 11 41 -0.07525760764491042
20 11 91 -2.6242311093386532
20 12 96 -2.813727946348576
20 12 49 -1.2328069756391846
20 12 117 -3.459631118398736
20 12 23 -2.130675968300398
20 12 29 -2.2311430436054467
20 12 15 -1.164802005255762
20 12 63 -2.5388468864463074
20 13 35 -0.6154583472633313
20 13 51 -1.5193688481809047
20 13 101 -1.4239676585947385
20 14 13 -0.5052895091173752
20 14 79 -0.9246527975714312
20 15 112 -1.6363782472407182
20 15 53 -1.6224669061169272
20 15 85 -1.5811371455779322
20 15 55 -0.9948341688791636
20 15 9 -3.4302370608139787
20 16 36 -0.983183983778935
20 16 59 -0.4685934476812048
20 17 39 -2.8431835500747065
20 17 57 -0.38790064140772285
20 17 127 -1.3345360857629913
20 18 33 -0.8666218860729334
20 18 21 -1.402223092113799
20 18 103 -1.0978682861644435
20 19 107 -2.2001913312362613
20 19 31 -0.6751981516263992
20 19 111 -0.9671564879715543
20 21 17 -0.3292416426460601
20 21 115 -1.4991761649022928
20 21 25 -2.8609077114697583
20 22 89 -1.1582297574885183
20 22 61 -0.3769383220933931
20 23 7 -0.21941947337095952
20 23 27 -1.624474480879405
20 24 105 0.0
20 25 3 -0.8887664815469749
20 25 67 -0.5918913256799776
20 25 109 -3.3366035804577154
20 26 123 -1.1485497682802617
20 26 77 -0.6908225742918552
20 26 125 -1.7051779334081518
21 0 80 -1.215146950789386
21 0 68 -0.3519239843935534
21 1 114 -0.3157173100635108
21 1 52 -1.3066169277973685
21 2 82 -2.1145875654740514
21 2 124 -0.12860986966582952
21 3 64 -1.5486249571522959
21 3 18 -1.1612415784745935
21 3 4 -0.9231906162763285
21 3 10 -2.5624804878181
21 4 22 -0.435519482846189
21 4 87 -1.0410847255770799
21 5 70 0.0
21 6 50 -1.242588246059593
21 6 84 -2.5453041405235917
21 6 72 -3.011310208748971
21 6 88 -3.4941821972187666
21 6 121 -1.0898244741703091
21 6 44 -4.000878328262167
21 6 14 -1.6157637108006027
21 7 0 -0.5137498310954975
21 7 92 -0.911920391738447
21 8 110 0.0
21 9 119 -1.7382140360599676
21 9 106 -2.3530930241423413
21 9 43 -1.9441339638000548
21 9 28 -1.4672535859004312
21 9 94 -2.1123436406861327
21 9 47 -1.450435676173036
21 10 99 -1.4647851806885508
21 10 8 -1.093295469353744
21 10 24 -0.8352591972165622
21 11 41 -0.0525088013004734
21 11 91 -2.9729140006474633
21 12 16 -0.8673646245376236
21 12 96 -9.677825392608403
21 12 49 -10.707380636523798
21 12 117 -9.928872910546906
21 12 54 -1.0650118408404357
21 12 63 -1.447806666545235
21 13 35 -4.0482747005123105
21 13 101 -0.017606549028874374
21 14 13 -0.7840306207847574
21 14 79 -0.6098397815559597
21 15 112 0.0
21 16 36 -0.6770781172800681
21 16 59 -0.7094786815011624
21 17 39 -9.810816542182277
21 17 57 -9.418332074827751E-5
21 17 127 -10.143679388958349
21 18 33 -1.0016943299367806
21 18 21 -1.363194926478085
21 18 103 -0.975772016962721
21 19 31 0.0
21 20 75 0.0
21 22 61 0.0
21 23 7 -0.6958662857666885
21 23 27 -0.6904354488415674
21 24 105 0.0
21 25 3 -8.405155800043989
21 25 67 -3.884850473571914E-4
21 25 109 -8.711393056936176
21 26 123 -0.01478646991009316
21 26 77 -4.2214268365918475
22 0 80 0.0
22 1 98 -1.2520761042769486
22 1 114 -1.7244407102434023
22 1 52 -1.1485539190160734
22 1 69 -1.519955193305611
22 2 82 0.0
22 3 64 -1.2219832183217083
22 3 18 -1.514586031901057
22 3 4 -1.0321243400984705
22 3 10 -2.0463457001603933
22 4 87 0.0
22 5 70 0.0
22 6 72 -1.3733181473565534
22 6 88 -1.53526862115322
22 6 121 -0.839586943672542
22 6 44 -2.3081193442954646
22 7 0 -2.471990275158987E-4
22 7 92 -8.305440363353846
22 8 110 0.0
22 9 119 -2.5897878683905327
22 9 106 -1.6153478531611924
22 9 43 -1.1242228203088505
22 9 94 -1.2470006938351295
22 9 47 -2.1726779393395987
22 10 60 0.0
22 11 41 -0.0752252239541274
22 11 91 -2.6246455176784664
22 12 16 -2.304687497776932
22 12 96 -1.267720676216944
22 12 49 -2.925276684661722
22 12 117 -1.8100844034050902
22 12 54 -1.8301256324864306
22 12 23 -2.9747578216326342
22 12 29 -3.0985480261272684
22 12 15 -3.5159026225841887
22 12 63 -2.1614453763818515
22 13 35 -0.5167800253318935
22 13 51 -2.770221920984683
22 13 101 -1.076125252098908
22 14 13 -7.588423256238082
22 14 79 -5.064068990687566E-4
22 15 112 -0.8352725209899966
22 15 85 -2.5393435624215726
22 15 9 -0.718822889085156
22 16 36 -0.0013918930112493926
22 16 59 -6.577786445540399
22 17 39 -1.261731173926159
22 17 57 -0.41626019752351534
22 17 127 -2.858966859611739
22 18 33 -7.346434218414016
22 18 21 -1.0425321770885563
22 18 103 -0.4357269517377971
22 19 31 0.0
22 20 75 0.0
22 21 25 0.0
22 23 7 -0.6975710427198168
22 23 27 -0.6887428027918564
22 24 105 0.0
22 25 3 -2.510103540496943
22 25 67 -0.30565759491457506
22 25 109 -1.7031917704450827
22 26 123 -2.7044742682752254
22 26 77 -2.195658050865452
22 26 125 -0.19624702151607637
23 0 120 0.0
23 1 98 -2.0565225387311306
23 1 69 -0.13684884089482946
23 2 82 0.0
23 3 64 -1.6065888863802236
23 3 18 -1.2120108259193116
23 3 4 -0.9828548906031601
23 3 10 -2.05893352784341
23 4 118 -3.1771934821773065
23 4 87 -0.04259703765713608
23 5 70 0.0
23 6 26 -0.5376952310760914
23 6 74 -0.8772933643191397
23 7 0 -0.9136232986318904
23 7 92 -0.5126078737020651
23 8 42 0.0
23 9 73 -0.4291525197141371
23 9 47 -1.0528570739539629
23 10 81 -0.5411549981375039
23 10 45 -1.5523732522811717
23 10 95 -1.5790077465829326
23 11 41 -0.07525376482464831
23 11 91 -2.6242802755460723
23 12 96 -2.816098907246818
23 12 49 -1.2365742392357624
23 12 117 -3.4614440589085453
23 12 23 -2.124682767635819
23 12 29 -2.232994356765359
23 12 15 -1.1636738325493807
23 12 63 -2.5334459237397153
23 13 35 -0.6148747618987928
23 13 51 -1.5198010139642841
23 13 101 -1.4248855968103378
23 14 13 -0.505869462104059
23 14 79 -0.9237713375865813
23 15 112 -1.6385639501749418
23 15 53 -1.622617163871275
23 15 85 -1.5810257991251286
23 15 55 -0.994450359942278
23 15 9 -3.4213250820222663
23 16 36 -0.9831225499614767
23 16 59 -0.4686301712591341
23 17 39 -2.841419723618691
23 17 57 -0.3881319876689555
23 17 127 -1.334330509399625
23 18 33 -0.8691989731675215
23 18 21 -1.4032166059738858
23 18 103 -1.0939003318338687
23 19 107 -2.192402517617427
23 19 31 -0.6768123844810627
23 19 111 -0.9672752805744721
23 20 6 0.0
23 21 17 -0.32918287417102504
23 21 115 -1.5004346108375686
23 21 25 -2.8567468254847337
23 22 89 -1.1599096337243002
23 22 61 -0.37617019127539103
23 24 105 0.0
23 25 3 -0.887499191163944
23 25 67 -0.593040118756428
23 25 109 -3.333406942498834
23 26 123 -1.150281577129957
23 26 77 -0.6896335721211586
23 26 125 -1.7054396828394576
24 0 80 0.0
24 1 98 -1.249077118547543
24 1 114 -1.7768296505487102
24 1 52 -1.0838691878442925
24 1 69 -1.5809820087459896
24 2 82 0.0
24 3 10 -7.149872933441981
24 3 58 -7.852720630403181E-4
24 4 87 0.0
24 5 5 -0.07817460475059754
24 5 70 -2.587643110748351
24 6 72 -0.9728905186836506
24 6 88 -1.3287682951220747
24 6 121 -1.2125518484444582
24 6 44 -2.8172411904514427
24 7 0 -0.11814388458341243
24 7 92 -2.194342463986775
24 8 110 0.0
24 9 19 -0.005301816148760077
24 9 119 -8.710686243934108
24 9 106 -6.074876568452665
24 9 43 -5.988867130773092
24 9 94 -8.56678780656328
24 9 47 -8.977514585332218
24 10 104 0.0
24 11 65 -0.030752035835700506
24 11 41 -3.506630261438297
24 11 91 -8.158914868225162
24 12 16 -2.2752243947198654
24 12 96 -1.609111010219286
24 12 49 -3.0082666099309616
24 12 117 -1.9270969412180707
24 12 54 -1.8475369382581408
24 12 23 -3.0062939189950337
24 12 29 -2.1030604088517384
24 12 15 -2.765210676031993
24 12 63 -2.206650624832898
24 13 35 -0.4668468166789514
24 13 51 -2.773889345267486
24 13 101 -1.1692329139367394
24 14 13 -1.8946098494325943
24 14 79 -0.16296254937915614
24 15 112 -0.8353204301154099
24 15 85 -2.356448153099727
24 15 9 -0.7518184950254924
24 16 36 0.0
24 17 39 -1.570277498766243
24 17 57 -0.3045350077756291
24 17 127 -2.9087048249910916
24 18 33 -3.043351207605872
24 18 21 -2.5255868852692913
24 18 103 -0.13660605132743547
24 19 31 0.0
24 20 75 0.0
24 21 25 0.0
24 22 61 0.0
24 23 7 -0.6951861740567478
24 23 27 -0.6911123360991998
24 25 3 -2.4831570542933226
24 25 67 -0.30696909419000556
24 25 109 -1.7101016846007995
24 26 123 -2.6787533159022576
24 26 77 -2.21590018303438
24 26 125 -0.19565483241437545
25 0 48 -0.8419955897547822
25 0 126 -0.5636110226780575
25 1 100 -0.1141955309708999
25 1 69 -9.852957408289246
25 1 62 -2.2268850345433155
25 2 82 -1.3738957963629075
25 2 124 -0.29184932527042007
25 3 64 -1.4687213137683603
25 3 18 -1.4284693259297865
25 3 4 -0.8990153260963526
25 3 10 -2.094477033696207
25 4 22 -1.1229656680938616
25 4 87 -0.39350727454114126
25 5 70 0.0
25 6 2 -0.7288494972158855
25 6 50 -2.739372779178111
25 6 121 -1.096715675200649
25 6 14 -2.1289742308585033
25 7 0 -0.10040577495049402
25 7 92 -2.348318421725154
25 8 42 -2.3889033187502164
25 8 110 -0.09621383829212367
25 9 119 -2.0891111000957756
25 9 73 -1.0159894907930977
25 9 106 -2.3545155733584555
25 9 28 -2.143298608459432
25 9 94 -2.6640193496561264
25 9 47 -1.4597930323565511
25 10 81 -1.8775701280965256
25 10 99 -2.1321785117483953
25 10 116 -2.22130907334001
25 10 38 -1.564958810683322
25 10 24 -1.5793312064982126
25 10 108 -1.6543280295006013
25 10 45 -4.300415272762074
25 11 41 -0.04079095029622494
25 11 91 -3.219621175514767
25 12 56 0.0
25 13 35 0.0
25 14 13 -2.2611834029876747
25 14 79 -0.11006832348082073
25 15 112 -0.5284800949566316
25 15 53 -1.298053669986661
25 15 85 -9.31559901616264
25 15 55 -1.9855296233177893
25 15 9 -10.149452284541853
25 16 36 -0.22369447969552922
25 16 59 -1.607237229122339
25 17 66 0.0
25 18 33 -2.3347526488294448
25 18 21 -0.9352589224313942
25 18 103 -0.6720094861912258
25 19 31 0.0
25 20 75 0.0
25 21 17 -0.8888082356575804
25 21 115 -0.5295760687445041
25 22 97 -2.0451856590304827
25 22 89 -3.976299614486367
25 22 61 -0.1602991398795377
25 23 7 -0.6966005537172806
25 23 27 -0.689705692158049
25 24 105 0.0
25 26 123 -0.23315172364610814
25 26 77 -1.5703777612717127
26 0 48 -0.4450365124776451
26 0 80 -1.538022065728246
26 0 68 -1.9352125906495175
26 1 114 -0.5084269829765249
26 1 52 -0.9198995154522447
26 2 124 0.0
26 3 64 -1.4603808432942518
26 3 18 -1.3087020542842525
26 3 4 -0.9899467825149593
26 3 10 -2.070797468870497
26 4 22 -0.43504924528691835
26 4 87 -1.041946910214557
26 5 70 0.0
26 6 50 -1.2235564768990492
26 6 84 -2.5053556015376417
26 6 72 -3.012705777120845
26 6 88 -2.8525552897603874
26 6 121 -1.3328589891074447
26 6 44 -3.8144960752813835
26 6 14 -1.4629802849458928
26 7 0 -0.05211983710134561
26 7 92 -2.9801563867378777
26 8 110 0.0
26 9 119 -2.1583828562522056
26 9 106 -2.234871457777371
26 9 43 -1.8523128717342294
26 9 28 -1.7979271303895146
26 9 94 -1.3393056037780442
26 9 47 -1.6453812701778858
26 10 99 -4.112296469062016
26 10 83 -0.11959432870578805
26 10 8 -3.1233941690701488
26 10 24 -2.949956004149383
26 11 41 -0.07511480300206871
26 11 91 -2.626059948574803
26 12 16 -1.4250835396399273
26 12 117 -8.813585057087945
26 12 54 -1.3398468940169197
26 12 76 -1.0521203920491025
26 12 63 -1.9086486051513867
26 13 35 -3.892151397113806
26 13 101 -0.02061239047243587
26 14 13 -2.675474995536054
26 14 79 -0.07136078606832603
26 15 122 0.0
26 16 36 -0.11248487373945033
26 16 59 -2.2406518125230654
26 17 39 -7.510485115609013
26 17 57 -6.770411417947013E-4
26 17 127 -8.951856795704233
26 18 33 -2.623335464563679
26 18 21 -0.7996370391420347
26 18 103 -0.7382544239301727
26 19 31 0.0
26 20 75 0.0
26 21 113 0.0
26 22 97 -1.491300638739014
26 22 61 -0.25499511643861356
26 23 7 -0.6950424247141525
26 23 27 -0.6912555215624663
26 24 105 0.0
26 25 3 -7.572002693929604
26 25 67 -0.0012734672847521528
26 25 109 -7.184832368338331
