0 1 98 -1.2891239412762416
0 1 69 -0.32229013864840284
0 2 82 0.0
0 3 64 -1.5150892930047235
0 3 18 -1.3145887558014986
0 3 4 -0.7814288037305346
0 3 10 -2.921085382446336
0 4 87 0.0
0 5 70 0.0
0 6 121 0.0
0 7 0 -1.481778990849958
0 7 92 -0.25777780629158087
0 8 42 -0.6056481692494858
0 8 110 -0.7890428356019812
0 9 119 -1.8592730662757728
0 9 73 -1.1469723042384181
0 9 106 -2.40434435826061
0 9 94 -2.8758260473173123
0 9 47 -0.9677866529109915
0 10 81 -0.08677970727831064
0 10 45 -2.487458565193099
0 11 41 -0.04785797165921538
0 11 91 -3.063351133033965
0 12 96 -2.6993470120202487
0 12 49 -1.1472673045906632
0 12 117 -2.744905581461005
0 12 23 -1.5855791957655685
0 12 29 -2.099929273864929
0 12 15 -1.9298811068034236
0 12 63 -2.544232185750216
0 13 35 -0.39713459639561005
0 13 51 -2.60538578718032
0 13 101 -1.370886355650096
0 14 13 -0.2568027244559383
0 14 79 -1.485102150417098
0 15 112 -1.015152593401306
0 15 53 -1.7244814300431548
0 15 85 -2.2819578626475407
0 15 55 -1.2975436448640838
0 15 9 -2.4757344400332597
0 16 36 -1.7562992934125445
0 16 59 -0.18956701899862852
0 17 39 -2.7557792278467814
0 17 57 -0.35560371469140434
0 17 127 -1.4452367737060376
0 18 33 -0.5688896304589766
0 18 21 -1.7994459375752117
0 18 103 -1.315069105513249
0 19 31 0.0
0 20 75 0.0
0 21 17 -0.6538279859289218
0 21 115 -1.2964767835068023
0 21 25 -1.577672265011924
0 22 89 -1.8058570870860584
0 22 61 -0.1795257264187991
0 23 7 -0.6965302199713244
0 23 27 -0.6897755475268402
0 24 105 0.0
0 25 3 -2.3453854800620153
0 25 67 -0.11754503035738284
0 25 109 -4.193771807808066
0 26 123 -1.1074413578612068
0 26 77 -1.211972875792705
0 26 125 -0.9888958806152052
1 0 68 0.0
1 2 82 -0.9993379917750678
1 2 124 -0.45906062059498554
1 3 64 -1.4099370923889587
1 3 18 -1.40926319209188
1 3 4 -1.0993105716274219
1 3 10 -1.7236291479578707
1 4 87 0.0
1 5 70 0.0
1 6 50 -1.6266280962289386
1 6 84 -1.5119724127689527
1 6 121 -1.5330590308562868
1 6 14 -1.0022308194766978
1 7 0 -0.31200110659269975
1 7 92 -1.3166963541315206
1 8 42 -1.280384801896714
1 8 110 -0.32563365133012606
1 9 119 -3.441255682936773
1 9 73 -1.0046671106364728
1 9 106 -2.2145359074888837
1 9 28 -1.6352633783047916
1 9 94 -1.3270377693901052
1 9 47 -3.4283024965311153
1 10 81 -1.5931721641060872
1 10 99 -1.8788325319256187
1 10 116 -1.6792474369840298
1 10 8 -1.7168932184307732
1 10 24 -1.3384517912099585
1 10 45 -4.162865320786373
1 11 41 -0.052190721423476714
1 11 91 -2.978832419047203
1 12 16 -1.8369541721325506
1 12 49 -6.221560881981685
1 12 34 -0.601870916884842
1 12 54 -1.7927011163020061
1 12 23 -7.011616382563044
1 12 63 -2.0913926859861
1 13 101 0.0
1 14 13 -1.3115080158891455
1 14 79 -0.3139076018273141
1 15 112 -0.873111472585985
1 15 53 -0.5406836698458979
1 16 36 -0.46257956175482706
1 16 59 -0.9933265097742395
1 17 39 -5.677188275371057
1 17 57 -0.00938320193161327
1 17 127 -5.130069865614487
1 18 33 -1.4396274521842436
1 18 21 -0.842904872065885
1 18 103 -1.1010381927527448
1 19 31 0.0
1 20 75 0.0
1 21 115 0.0
1 22 97 -1.6088099495104728
1 22 89 -3.987703582030939
1 22 61 -0.24675496734611704
1 23 7 -0.6946041497472637
1 23 27 -0.6916923310439181
1 24 105 0.0
1 25 3 -4.4628986697061395
1 25 67 -0.021745525834513835
1 25 109 -4.606981819893735
1 26 123 -0.004108679561877194
1 26 77 -5.496707212971859
2 0 80 0.0
2 1 98 -2.486853266807987
2 1 114 -2.550133626430828
2 1 52 -0.2651958292562639
2 1 69 -2.635239835352518
2 3 64 -1.2662789230469205
2 3 18 -1.4908302325350093
2 3 4 -1.1587605516307413
2 3 10 -1.7200296298590436
2 4 87 0.0
2 5 70 0.0
2 6 72 -0.9732190296994884
2 6 88 -2.2706110935551007
2 6 121 -0.8611233333688595
2 6 44 -2.3413340666573994
2 7 0 -0.00486626241060735
2 7 92 -5.327861253217305
2 8 110 0.0
2 9 119 -2.550482359673078
2 9 106 -1.5784475983685509
2 9 43 -1.099967306808047
2 9 94 -1.266034289938933
2 9 47 -2.2943055683003717
2 10 83 0.0
2 11 41 -0.05163071397128635
2 11 91 -2.9893428389168077
2 12 16 -2.338071173539507
2 12 96 -2.4416335879183957
2 12 49 -3.5603579918028756
2 12 117 -3.0836321927281585
2 12 54 -1.845543433226986
2 12 23 -3.541297797564238
2 12 76 -0.8169038014587567
2 12 29 -4.397240973558732
2 12 15 -4.301406546346773
2 12 63 -2.434139211600949
2 13 35 -0.6046226985714299
2 13 51 -4.834846165172754
2 13 101 -0.807948590592615
2 14 13 -4.579175866805045
2 14 79 -0.01031638253406358
2 15 112 -2.751352439677582
2 15 85 -4.246418688234654
2 15 9 -2.331881863942976
2 15 122 -0.1926988468631192
2 16 36 -0.010292624586656272
2 16 59 -4.581469597996424
2 17 39 -1.704595257624891
2 17 57 -0.22433477598952753
2 17 127 -3.9577298119825017
2 18 33 -4.770728091781135
2 18 21 -1.397276917033734
2 18 103 -0.29536966771151163
2 19 31 0.0
2 20 75 0.0
2 21 25 0.0
2 22 61 0.0
2 23 7 -0.695440279343231
2 23 27 -0.6908593280507582
2 24 105 0.0
2 25 3 -4.5838528107452
2 25 67 -0.10173747538167117
2 25 109 -2.447404093529797
2 26 125 0.0
3 0 80 -1.3029003396197383
3 0 120 -1.0060253543968354
3 0 46 -1.0144880896419737
3 1 98 -1.7878263036603106
3 1 114 -1.7675312379464823
3 1 52 -0.8322654284923645
3 1 69 -1.483422504751369
3 2 82 0.0
3 4 118 -2.001801421105396
3 4 87 -0.1451317971606275
3 5 5 -1.668079213259891
3 5 70 -0.20900521477622472
3 6 72 0.0
3 7 0 -6.330734549510836
3 7 92 -0.0017823126336653824
3 8 42 0.0
3 9 19 -3.72564659803786
3 9 40 -0.024392609428415347
3 10 90 -1.8378866173542965
3 10 11 -1.437867373679586
3 10 45 -2.284861327517589
3 10 95 -0.6899028004380747
3 11 65 0.0
3 12 16 -3.3223889534283675
3 12 96 -2.1987534581515904
3 12 49 -1.5793105461131103
3 12 117 -2.235843431406794
3 12 54 -2.8294119156607174
3 12 23 -1.9818771927969108
3 12 29 -1.9722039346502278
3 12 15 -1.9305834864585951
3 12 63 -2.8318845765911234
3 13 35 -0.45302411713364876
3 13 51 -2.613711566849635
3 13 101 -1.2343114808278086
3 14 13 -0.004000788899245027
3 14 79 -5.523263440017315
3 15 112 -0.7269942354785297
3 15 85 -1.7399233637736404
3 15 9 -1.0755606114436407
3 16 59 0.0
3 17 39 -1.5788201343457235
3 17 57 -0.5155591052726111
3 17 127 -1.6265072015352098
3 18 33 -1.9690181041844161
3 18 21 -5.778989667461515
3 18 103 -0.15395067520856798
3 19 107 -1.8555411808304438
3 19 31 -1.1542123775617645
3 19 111 -0.6380419078449261
3 20 75 0.0
3 21 25 0.0
3 22 89 -3.1299116153043323
3 22 61 -0.04470625915132157
3 23 7 -0.6947768580872905
3 23 27 -0.6915201545608931
3 24 37 -0.003311308913707227
3 24 105 -5.712066923143805
3 25 3 -1.9451741063676482
3 25 67 -0.349984691562746
3 25 109 -1.8816483436591245
3 26 123 -1.7435364517991208
3 26 77 -1.0581057472869801
3 26 125 -0.7381727573834468
4 0 86 0.0
4 1 98 -1.2891518736395136
4 1 69 -0.3222795165890398
4 2 82 0.0
4 3 64 -1.512652842590176
4 3 18 -1.3142063389401886
4 3 4 -0.7826596768230635
4 3 10 -2.922493336460056
4 5 70 0.0
4 6 121 0.0
4 7 0 -1.4812076350388612
4 7 92 -0.2579458763140776
4 8 42 -0.6057409466924899
4 8 110 -0.7889313945135831
4 9 119 -1.8575851282139777
4 9 73 -1.147199507388793
4 9 106 -2.4054874610512176
4 9 94 -2.8766539526959467
4 9 47 -0.9678950683968268
4 10 81 -0.08677717501213829
4 10 45 -2.487486498191064
4 11 41 -0.0479439769341188
4 11 91 -3.0615983111899374
4 12 96 -2.694011577495331
4 12 49 -1.1470987878066872
4 12 117 -2.7474915629058376
4 12 23 -1.5859385141837654
4 12 29 -2.1006501955214154
4 12 15 -1.9301223825773217
4 12 63 -2.544874981359516
4 13 35 -0.39697536031644204
4 13 51 -2.606754961655866
4 13 101 -1.3709098940459865
4 14 13 -0.2570012172313904
4 14 79 -1.4844245118583776
4 15 112 -1.0155477464833569
4 15 53 -1.7242071678055138
4 15 85 -2.279655511590379
4 15 55 -1.2972424665533704
4 15 9 -2.4783936198189216
4 16 36 -1.7549646498752485
4 16 59 -0.18984581882055312
4 17 39 -2.7570320461214757
4 17 57 -0.3557424559772831
4 17 127 -1.444486939665731
4 18 33 -0.5681229709693056
4 18 21 -1.7986755317449787
4 18 103 -1.3171635617647963
4 19 31 0.0
4 20 75 0.0
4 21 17 -0.6536572351217318
4 21 115 -1.2964754387697526
4 21 25 -1.5781042900981321
4 22 89 -1.8059865151420393
4 22 61 -0.17950027640270286
4 23 7 -0.6966892533568114
4 23 27 -0.689617609772774
4 24 105 0.0
4 25 3 -2.3414099250252054
4 25 67 -0.11825438808824511
4 25 109 -4.177417101076547
4 26 123 -1.1076083836174633
4 26 77 -1.212412281362444
4 26 125 -0.9883961930563139
5 0 80 -1.5332028716174881
5 0 120 -1.0057891301282293
5 0 46 -0.8713152934293941
5 1 98 -1.806218420488903
5 1 114 -1.4853674037463145
5 1 52 -0.9632576860356746
5 1 69 -1.4799058934472376
5 2 82 0.0
5 3 64 -0.18095395608502654
5 3 18 -3.0880936085333426
5 3 4 -2.125949766921165
5 3 10 -7.389265763091025
5 4 118 -1.994811116559985
5 4 87 -0.1462280520949209
5 6 72 0.0
5 7 0 -7.102645402714012
5 7 92 -8.232638617404267E-4
5 8 42 0.0
5 9 71 0.0
5 10 90 -1.5794121371040972
5 10 45 -1.8814749036558025
5 10 95 -0.44388597959940457
5 11 41 0.0
5 12 16 -3.4800178971244717
5 12 96 -2.497325134972122
5 12 49 -1.5786392138777234
5 12 117 -2.6665892054390756
5 12 54 -2.90560611828468
5 12 23 -1.9812589636762161
5 12 29 -1.5281886140296708
5 12 15 -1.9300333979409807
5 12 63 -2.874202869827205
5 13 35 -0.43912726977530475
5 13 51 -2.6095904567005137
5 13 101 -1.2664278156406092
5 14 13 -0.002045382712516405
5 14 79 -6.193192878552138
5 15 112 -0.897310625203112
5 15 85 -1.3788520054766373
5 15 9 -1.0774343700547184
5 16 59 0.0
5 17 39 -1.8584984115087222
5 17 57 -0.4436340751295434
5 17 127 -1.5975427122782224
5 18 33 -1.7734380366164433
5 18 21 -6.3203411884717
5 18 103 -0.18819603313691394
5 19 107 -1.8516094928286393
5 19 31 -1.3247258608487669
5 19 111 -0.5496706395038129
5 20 75 0.0
5 21 25 0.0
5 22 89 -2.0101552809416496
5 22 61 -0.14383326994918835
5 23 7 -0.6955391732036592
5 23 27 -0.6907608958943126
5 24 37 -0.0020152234554983183
5 24 105 -6.20803263621728
5 25 3 -1.6364899007997995
5 25 67 -0.398776920020676
5 25 109 -2.0084429109427204
5 26 123 -1.7018606049599476
5 26 77 -0.7957186192040566
5 26 125 -1.0040317606650402
6 0 120 0.0
6 1 98 -1.0601698159992758
6 1 69 -0.425255117309911
6 2 82 0.0
6 3 64 -1.3499006471966555
6 3 18 -1.4438009856127938
6 3 4 -0.8474979499169297
6 3 10 -2.5741394088376395
6 4 118 -2.1178758508533337
6 4 87 -0.12815940712701446
6 5 70 0.0
6 7 0 -0.6346667715122296
6 7 92 -0.7552611389949844
6 8 42 0.0
6 9 73 -0.42020077278303714
6 9 47 -1.0697768040885616
6 10 81 -0.5323684077362174
6 10 45 -1.859751270614606
6 10 95 -1.3583831997682292
6 11 41 -0.025274950465701454
6 11 91 -3.690552331636012
6 12 96 -2.332547096294868
6 12 49 -1.578216233410957
6 12 117 -2.8670033065788063
6 12 23 -1.979775532809219
6 12 29 -1.9813719072892053
6 12 15 -1.1892120319436532
6 12 63 -2.8251700216593663
6 13 35 -0.5487973418237664
6 13 51 -2.0987387534455912
6 13 101 -1.2048234147967554
6 14 13 -0.7487756744739212
6 14 79 -0.6404508218851522
6 15 112 -0.946871755411367
6 15 53 -1.6143843391200083
6 15 85 -1.6661161864663785
6 15 55 -1.871206244213962
6 15 9 -2.6575951730043776
6 16 36 -0.8779546925597167
6 16 59 -0.5372245945017764
6 17 39 -1.6949839185040905
6 17 57 -0.49907752130486766
6 17 127 -1.5639513471146946
6 18 33 -1.1056863926696059
6 18 21 -1.243145888994408
6 18 103 -0.9661610846490071
6 19 107 -2.5620450715114176
6 19 31 -0.5665005132767545
6 19 111 -1.034665462364218
6 20 75 0.0
6 21 17 -0.7478200662465314
6 21 115 -1.1389757944930152
6 21 25 -1.5776687090083237
6 22 89 -1.0014137756839312
6 22 61 -0.45785328003654185
6 23 7 -0.7677635924881728
6 23 27 -0.6237138702782816
6 24 105 0.0
6 25 3 -1.0283802531087305
6 25 67 -0.5623787305253057
6 25 109 -2.6233086214469177
6 26 123 -1.0910603992222734
6 26 77 -0.872492682975638
6 26 125 -1.4014839218272483
7 0 80 0.0
7 1 98 -1.693629881466529
7 1 114 -1.8318517964278946
7 1 52 -0.7448238556697916
7 1 69 -1.708074818833241
7 2 82 0.0
7 3 64 -1.3484363556576269
7 3 18 -1.544957239064202
7 3 4 -1.0324754224026784
7 3 10 -1.7666254355688542
7 4 87 0.0
7 5 70 0.0
7 6 72 -0.6373830649636713
7 6 88 -2.246530840168925
7 6 121 -1.1707325708810068
7 6 44 -2.8928018601114642
7 8 110 0.0
7 9 119 -7.159870176119341
7 9 106 -6.000583349661507
7 9 43 -7.319490627079863
7 9 93 -0.004715692462884378
7 9 94 -7.752029461792338
7 9 47 -7.935647776259808
7 10 1 0.0
7 11 41 -0.0021776445149079737
7 11 91 -6.130600108756782
7 12 16 -2.2238816569023454
7 12 96 -1.7684973968194557
7 12 49 -2.676541752619382
7 12 117 -2.044669504354238
7 12 54 -2.269392424701329
7 12 23 -2.7268133507602546
7 12 29 -1.8884950132112517
7 12 15 -2.08325022496158
7 12 63 -2.5462844598145367
7 13 35 -0.44295666541801776
7 13 51 -2.6360092733497984
7 13 101 -1.251000315442875
7 14 13 -0.8341323983625021
7 14 79 -0.5696048945790356
7 15 112 -0.7134549459621325
7 15 85 -2.0105982119956773
7 15 9 -0.9777860728478923
7 16 36 -0.24434599119030295
7 16 59 -1.5288565867669879
7 17 39 -1.5842544161427388
7 17 57 -0.29207485496525953
7 17 127 -3.03267211743401
7 18 33 -1.7376164438565262
7 18 21 -1.5539639946857433
7 18 103 -0.48995747231044573
7 19 31 0.0
7 20 75 0.0
7 21 25 0.0
7 22 61 0.0
7 23 7 -0.695092776372403
7 23 27 -0.6912053627412935
7 24 105 0.0
7 25 3 -2.851351576413648
7 25 67 -0.23270299729815971
7 25 109 -1.8981543388632434
7 26 123 -1.789698960386319
7 26 77 -1.6186580638430048
7 26 125 -0.45440572530993795
8 0 80 -0.6449916307794359
8 0 46 -0.7437395272824128
8 1 98 -1.7845609242109353
8 1 114 -1.7887291313823175
8 1 52 -0.8260339917753927
8 1 69 -1.482036117152134
8 2 82 0.0
8 3 64 -1.2180603229011813
8 3 18 -1.5126756408667172
8 3 4 -1.1777099310863666
8 3 10 -1.7378754468194892
8 4 118 -2.0161290383794963
8 4 87 -0.14291235885359915
8 5 70 0.0
8 6 72 -0.966992613798716
8 6 88 -2.2806412985583933
8 6 121 -0.8635161455672495
8 6 44 -2.3446602874923608
8 7 0 -0.01661012209178184
8 7 92 -4.106036570284505
8 9 106 -1.8524928132103822
8 9 43 -0.4995977427410023
8 9 94 -1.4423162142535393
8 10 30 0.0
8 11 41 -0.051261828406450785
8 11 91 -2.996330315392386
8 12 16 -2.217402003987641
8 12 96 -1.9915541226076439
8 12 49 -1.8690116241284118
8 12 117 -2.039929528459266
8 12 54 -2.259948265399197
8 12 23 -2.3623213733786366
8 12 29 -1.9791636206116818
8 12 15 -2.9109166598405256
8 12 63 -2.536492512481299
8 13 35 -0.43998454128955794
8 13 51 -2.610613475542514
8 13 101 -1.2642035438211103
8 14 13 -3.2380438123856807
8 14 79 -0.04003124683534161
8 15 112 -0.7129250462607388
8 15 85 -2.011371848166926
8 15 9 -0.9782012564036561
8 16 36 -0.13902010105364754
8 16 59 -2.041841650069748
8 17 39 -1.5863099875812163
8 17 57 -0.4105591165210125
8 17 127 -2.0246411767850723
8 18 33 -3.9643466229501274
8 18 21 -1.4719424540663493
8 18 103 -0.2856304889535564
8 19 111 0.0
8 20 75 0.0
8 21 25 0.0
8 22 61 0.0
8 23 7 -0.6967928140977955
8 23 27 -0.6895147894037301
8 24 105 0.0
8 25 3 -2.300570875629227
8 25 67 -0.29110897960857535
8 25 109 -1.8814818551055301
8 26 123 -1.887922895395976
8 26 77 -1.5321691870814214
8 26 125 -0.4579997994216351
9 0 80 -1.5319698099189039
9 0 120 -1.005760004341208
9 0 46 -0.8719774741388405
9 1 98 -1.8057590851628267
9 1 114 -1.4826887813412997
9 1 52 -0.9652048007292949
9 1 69 -1.47964408908645
9 2 82 0.0
9 3 64 -0.16042701293252237
9 3 18 -3.5301525378342657
9 3 4 -2.131303955922443
9 3 10 -8.346912887873234
9 4 118 -1.999626010066615
9 4 87 -0.14547200655289183
9 5 70 0.0
9 6 72 0.0
9 7 0 -7.974126921441964
9 7 92 -3.4431460501324553E-4
9 8 42 0.0
9 10 90 -1.579344781638728
9 10 45 -1.881450276553551
9 10 95 -0.4439134678558226
9 11 41 0.0
9 12 16 -3.4736534852304333
9 12 96 -2.4981130433521983
9 12 49 -1.5779005144583522
9 12 117 -2.6598279410139027
9 12 54 -2.907520539706886
9 12 23 -1.980496065368003
9 12 29 -1.5285800954436115
9 12 15 -1.9291533830339722
9 12 63 -2.8884585306026644
9 13 35 -0.43845484778083893
9 13 51 -2.605144080466775
9 13 101 -1.26913308162091
9 14 13 -7.248212177700814E-4
9 14 79 -7.229947918417295
9 15 112 -0.8982628204574967
9 15 85 -1.3791741977056398
9 15 9 -1.07605742599756
9 16 59 0.0
9 17 39 -1.861556010334583
9 17 57 -0.44385002982027155
9 17 127 -1.594510971754597
9 18 33 -1.7728147186634706
9 18 21 -7.402388488890536
9 18 103 -0.18688879238595862
9 19 107 -1.8533164228140429
9 19 31 -1.3240332404841377
9 19 111 -0.5495259401066843
9 20 75 0.0
9 21 25 0.0
9 22 89 -2.010740433698929
9 22 61 -0.1437427823225219
9 23 7 -0.6946612827831496
9 23 27 -0.6916353673768795
9 24 37 -0.0020564169872134114
9 24 105 -6.187818169452382
9 25 3 -1.631518538794496
9 25 67 -0.40250597786465486
9 25 109 -1.9971216634383866
9 26 123 -1.7010944268150452
9 26 77 -0.7947384905377678
9 26 125 -1.005622187628764
10 0 80 0.0
10 1 98 -1.5363193830526216
10 1 114 -1.7581258262524078
10 1 52 -0.8247349696294402
10 1 69 -1.7480701299140131
10 2 82 0.0
10 3 64 -1.2719228330101457
10 3 18 -1.4830057752511427
10 3 4 -1.1566937264819221
10 3 10 -1.724686058279412
10 4 87 0.0
10 5 70 0.0
10 6 72 -0.972856793804016
10 6 88 -2.2733629018376864
10 6 121 -0.8609798372177161
10 6 44 -2.3404387035540064
10 7 0 -3.943499832137389E-4
10 7 92 -7.838468929199236
10 8 110 0.0
10 9 119 -2.5480236323637215
10 9 106 -1.5790400208072057
10 9 43 -1.0999854612583215
10 9 94 -1.265903003031804
10 9 47 -2.2953069741101944
10 11 41 -0.051786407441842146
10 11 91 -2.9864090319667445
10 12 16 -2.1482394688804862
10 12 96 -1.4683733267848025
10 12 49 -2.6630636251284434
10 12 117 -1.7186617100096657
10 12 54 -2.2552729485877197
10 12 23 -2.7672389363272822
10 12 29 -2.378791623643542
10 12 15 -2.7737616742229503
10 12 63 -2.5108254450382086
10 13 35 -0.4909012687655926
10 13 51 -2.8682839269498057
10 13 101 -1.1052466821785154
10 14 13 -6.785835796181055
10 14 79 -0.001130301691155656
10 15 112 -0.71278547394069
10 15 85 -2.0137867761946717
10 15 9 -0.9775250908456425
10 16 36 -0.004588926390691087
10 16 59 -5.3864027698477885
10 17 39 -1.5708002668989092
10 17 57 -0.3024084734320491
10 17 127 -2.9358586892537875
10 18 33 -6.784751805932652
10 18 21 -1.4972787823158424
10 18 103 -0.2547233105150716
10 19 31 0.0
10 20 75 0.0
10 21 25 0.0
10 22 61 0.0
10 23 7 -0.6960720875937274
10 23 27 -0.6902308036635244
10 24 105 0.0
10 25 3 -2.76039011172603
10 25 67 -0.2449794463498983
10 25 109 -1.870722862588291
10 26 123 -1.7153386825407575
10 26 77 -2.003450501595898
10 26 125 -0.3780034944176917
11 0 80 -1.303236757226549
11 0 120 -1.0060410234857784
11 0 46 -1.0142202367532378
11 1 98 -1.7879024047035885
11 1 114 -1.7670055735227503
11 1 52 -0.8324439791249771
11 1 69 -1.483419754777083
11 2 82 0.0
11 3 64 0.0
11 4 118 -2.002070559756383
11 4 87 -0.14508976641150845
11 5 5 -1.8943048814347017
11 5 70 -0.16301653614973374
11 6 72 0.0
11 7 0 -6.378892046546799
11 7 92 -0.0016984436539572803
11 8 42 0.0
11 9 19 -4.248632089862555
11 9 40 -0.014386754288124689
11 10 90 -1.8378608126216587
11 10 11 -1.437933384207904
11 10 45 -2.2848192036851214
11 10 95 -0.6898882920197125
11 12 16 -3.321473627728176
11 12 96 -2.199136749911271
11 12 49 -1.5794117016467264
11 12 117 -2.2346270859197146
11 12 54 -2.828988788588625
11 12 23 -1.9820585825220123
11 12 29 -1.972288842047024
11 12 15 -1.9307284481370228
11 12 63 -2.8330214586907543
11 13 35 -0.4525825061392773
11 13 51 -2.614491730879776
11 13 101 -1.2350802786992348
11 14 13 -0.003830590896762222
11 14 79 -5.566650890606436
11 15 112 -0.7272301321108614
11 15 85 -1.7391746402767179
11 15 9 -1.0756118168882378
11 16 59 0.0
11 17 39 -1.579142515229804
11 17 57 -0.5157477004498001
11 17 127 -1.6255967896789623
11 18 33 -1.8418656591775149
11 18 21 -5.80845381532133
11 18 103 -0.176168690216543
11 19 107 -1.8555674095194543
11 19 31 -1.1542779007095338
11 19 111 -0.6379950431146113
11 20 75 0.0
11 21 25 0.0
11 22 89 -3.1300372777089702
11 22 61 -0.04470051416274032
11 23 7 -0.6949267288359161
11 23 27 -0.6913707934514236
11 24 37 -0.0033694767680641823
11 24 105 -5.694682073701092
11 25 3 -1.945452761588631
11 25 67 -0.34982499752360785
11 25 109 -1.8821257723204106
11 26 123 -1.743411543602917
11 26 77 -1.0585919580618093
11 26 125 -0.7378655134691147
12 0 48 -0.22788362056279238
12 0 126 -1.5906991730247826
12 1 100 -0.18992220664481507
12 1 69 -4.873188421696866
12 1 62 -1.799826359455222
12 2 82 -0.9983501511800758
12 2 124 -0.459636573500468
12 3 64 -1.4953603236631348
12 3 18 -1.3580618914977687
12 3 4 -0.9923363977136951
12 3 10 -1.9107867269682905
12 4 22 -0.6631821376294326
12 4 87 -0.7240379377595277
12 5 70 0.0
12 6 2 -1.4940133121516428
12 6 50 -1.6512302432933872
12 6 121 -1.487635174439932
12 6 14 -1.027753205337822
12 7 0 -0.26371366119661077
12 7 92 -1.4618521852596538
12 8 42 -1.2769673958127818
12 8 110 -0.32695215700098895
12 9 119 -1.9273900922291864
12 9 73 -1.0053940183405792
12 9 106 -2.276780820535522
12 9 28 -1.8130800005248153
12 9 94 -1.740883048206358
12 9 47 -3.0482535544509424
12 10 81 -1.5940730905447962
12 10 99 -2.127359820961823
12 10 116 -1.6688439663810255
12 10 38 -2.388023731511293
12 10 24 -1.5677771543070316
12 10 108 -1.7605963847363488
12 10 45 -4.073034330551609
12 11 41 -0.05202423049128625
12 11 91 -2.9819450440443034
12 13 35 0.0
12 14 13 -1.455074878373675
12 14 79 -0.26576780423391827
12 15 112 -0.8687100937161248
12 15 53 -0.9657258232710804
12 15 85 -6.090018672823165
12 15 55 -1.7086198149538983
12 15 9 -4.109257587139615
12 16 36 -0.4438837352491833
12 16 59 -1.0259382150722856
12 17 57 0.0
12 18 33 -1.395443049370034
12 18 21 -0.8529710248346289
12 18 103 -1.1204598618565969
12 19 31 0.0
12 20 75 0.0
12 21 17 -1.1260707949367001
12 21 115 -0.3920135136361995
12 22 97 -1.7220043506314773
12 22 89 -4.206471839384837
12 22 61 -0.21518336438393845
12 23 7 -0.695115644263569
12 23 27 -0.6911825840944024
12 24 105 0.0
12 25 67 0.0
12 26 123 -0.5176367228042431
12 26 77 -0.9061602844567956
13 0 48 -0.630898725329985
13 0 68 -1.0563958979799812
13 0 126 -2.118765388682677
13 1 100 -0.10445037202133245
13 1 62 -2.310813878258481
13 2 82 -0.9983080977033401
13 2 124 -0.45966111245369473
13 3 64 -1.551809706266361
13 3 18 -1.434212860285081
13 3 4 -0.9779342390709137
13 3 10 -1.7501624610410749
13 4 22 -1.0182655120367896
13 4 87 -0.448196628497104
13 5 70 0.0
13 6 2 -1.6821355787717798
13 6 50 -1.5907206145948933
13 6 84 -2.523002089425577
13 6 121 -0.9559348605385426
13 6 14 -1.927071323543522
13 7 0 -0.23110861754627382
13 7 92 -1.57819730523942
13 8 42 -1.2430604173247275
13 8 110 -0.3403797705065242
13 9 119 -1.9697216892990914
13 9 73 -1.1428453316696916
13 9 106 -2.282588376573386
13 9 28 -1.9793593722980076
13 9 94 -1.659342377768448
13 9 47 -2.196852816478436
13 10 81 -1.5938324976992473
13 10 99 -2.118454879810174
13 10 116 -1.813822713449539
13 10 38 -2.73347676303872
13 10 8 -2.3120884883217805
13 10 24 -1.4668319585110374
13 10 108 -2.2840251237036187
13 10 45 -4.07266140707846
13 11 41 -0.05179617884772957
13 11 91 -2.9862252066063077
13 12 34 0.0
13 14 13 -1.5305645481731684
13 14 79 -0.24387376636274785
13 15 112 -0.6256658485747387
13 15 53 -0.9112262828881329
13 15 55 -2.763606179660543
13 16 36 -0.3269161138541264
13 16 59 -1.2770606003690146
13 17 57 0.0
13 18 33 -1.6232431494078803
13 18 21 -0.7986622089709807
13 18 103 -1.0418210707365303
13 19 31 0.0
13 20 75 0.0
13 21 17 -1.6685568488197569
13 21 115 -0.2088942203806004
13 22 97 -1.990994793416358
13 22 89 -4.200741314464578
13 22 61 -0.16433702105274434
13 23 7 -0.6952146806707594
13 23 27 -0.6910839461879402
13 24 105 0.0
13 25 67 0.0
13 26 123 -0.27083185424181133
13 26 77 -1.4386186622455068
14 0 80 -0.7989461565441628
14 0 46 -0.5974784034274754
14 1 98 -1.7832411447050975
14 1 114 -1.7926513448632881
14 1 52 -0.8224779179176525
14 1 69 -1.487008755561482
14 2 82 0.0
14 3 64 -0.6898059993783421
14 3 18 -1.733347796369969
14 3 4 -1.362264097270423
14 3 10 -2.7248750098973575
14 4 118 -1.079399018028937
14 4 87 -0.41521197148839073
14 5 70 0.0
14 6 72 -0.9717447860385937
14 6 88 -2.772919843037712
14 6 121 -0.685987804729352
14 6 44 -2.891264824089821
14 7 0 -0.5420820853551657
14 7 92 -0.871164851633306
14 8 42 -2.570488323987278
14 8 110 -0.07958250901999898
14 9 12 0.0
14 10 78 -6.229143956238434E-4
14 10 95 -7.381412896351487
14 11 41 -0.003410423813646333
14 11 91 -5.682623437165021
14 12 16 -2.2278806563801834
14 12 96 -1.7670407584358845
14 12 49 -2.802815498757541
14 12 117 -2.0468874693719554
14 12 54 -2.2725842026164598
14 12 23 -2.1926666280569838
14 12 29 -1.7402852006959983
14 12 15 -2.7609563901568706
14 12 63 -2.5476615606089803
14 13 35 -0.4472308157449887
14 13 51 -2.7509586218365025
14 13 101 -1.2149087727515036
14 15 112 -0.7137231913319199
14 15 85 -2.0118077837715007
14 15 9 -0.9770066654138749
14 16 36 -0.6617318498028953
14 16 59 -0.7255815337732215
14 17 39 -1.6102494638391727
14 17 57 -0.2900551111018348
14 17 127 -2.9576677409803223
14 18 33 -1.4538531772173882
14 18 21 -1.474029024484847
14 18 103 -0.621141284359383
14 19 107 -4.514236875006089
14 19 31 -0.011012373870577635
14 20 75 0.0
14 21 25 0.0
14 22 61 0.0
14 23 7 -0.6937354727498927
14 23 27 -0.6925592342542277
14 24 105 0.0
14 25 3 -2.7873810160300647
14 25 67 -0.23565003175538018
14 25 109 -1.9081095251549145
14 26 123 -1.8979869704728924
14 26 77 -1.5121026794582397
14 26 125 -0.46253712765742644
15 0 80 -0.6548456983034016
15 0 68 -0.7329742942270873
15 1 114 -0.47286252552938085
15 1 52 -0.9760825140712103
15 2 82 -1.4477493310630307
15 2 124 -0.2680086335129458
15 3 64 -1.5887317400293628
15 3 18 -1.207369315161349
15 3 4 -0.9937314292673664
15 3 10 -2.0664064230881554
15 4 22 -0.8362891987224784
15 4 87 -0.5679525523507457
15 5 70 0.0
15 6 50 -2.0438091333378856
15 6 84 -2.424370183527898
15 6 72 -2.09041080996151
15 6 88 -3.2930535907827267
15 6 121 -0.8471102983866243
15 6 44 -3.0722741962962385
15 6 14 -1.9228641465645735
15 7 0 -0.2834613599406799
15 7 92 -1.399064449512124
15 8 110 0.0
15 9 119 -1.8472405675590597
15 9 106 -2.2687763682657525
15 9 43 -1.7484394024097285
15 9 28 -1.6645368818905641
15 9 94 -1.601435225887589
15 9 47 -1.7489352105894922
15 10 99 -1.7820178072663646
15 10 8 -1.0756751996557041
15 10 24 -0.7120560314389254
15 11 41 -0.049144286659196325
15 11 91 -3.0374661957420876
15 12 16 -1.1488491080996508
15 12 96 -4.767203119235979
15 12 49 -5.387838527714495
15 12 117 -5.656206663773783
15 12 54 -1.18051631690443
15 12 76 -1.7846044843598252
15 12 63 -1.65316354333016
15 13 35 -1.5908443069851377
15 13 101 -0.2278464784853141
15 14 13 -1.3177307630566375
15 14 79 -0.3116226188083754
15 16 36 -0.5032873484753467
15 16 59 -0.9277057757157156
15 17 39 -2.7260039459831598
15 17 57 -0.12305593713158725
15 17 127 -2.9896434812026556
15 18 33 -1.2463511682109365
15 18 21 -0.9620925868209914
15 18 103 -1.1075862384675026
15 19 31 0.0
15 20 75 0.0
15 21 113 0.0
15 22 61 0.0
15 23 7 -0.6946325763200324
15 23 27 -0.691663987928309
15 24 105 0.0
15 25 3 -4.12410548455204
15 25 67 -0.10098192128302341
15 25 109 -2.52732159407211
15 26 123 0.0
16 0 80 -1.1690108543333908
16 0 120 -1.3735006009916284
16 0 46 -0.8298678337393681
16 1 98 -1.7842082629115588
16 1 114 -1.7891761078073278
16 1 52 -0.8253704569225166
16 1 69 -1.483247754263403
16 2 82 0.0
16 3 58 0.0
16 4 118 -1.841598638806119
16 4 87 -0.1726450106309543
16 5 5 -2.370678716806154
16 5 70 -0.09807302389646069
16 6 72 -0.05716099127341483
16 6 44 -2.8903279425436113
16 7 0 -1.046124864353854
16 7 92 -0.4327794250288972
16 8 42 0.0
16 9 32 -2.9388507383030396
16 9 19 -2.9709329739643575
16 9 40 -0.11001799849193483
16 10 20 -1.634331630263251
16 10 104 -0.24580140135227624
16 10 90 -5.979575634260723
16 10 11 -3.966169863598908
16 10 95 -6.597336212266453
16 11 65 0.0
16 12 16 -2.2244450132927596
16 12 96 -1.975854985021451
16 12 49 -2.4255122783967797
16 12 117 -2.0447001724482803
16 12 54 -2.268931481855546
16 12 23 -2.2187359226683556
16 12 29 -1.8419640117678162
16 12 15 -2.450666154151141
16 12 63 -2.5450768420937004
16 13 35 -0.44165476669038595
16 13 51 -3.1452160033060768
16 13 101 -1.158455274468845
16 14 13 -0.5213059368097238
16 14 79 -0.9007733723802951
16 15 112 -0.7128581845104128
16 15 85 -1.9829401521768435
16 15 9 -0.9886057660510026
16 17 39 -1.5992733921689113
16 17 57 -0.3082707023897122
16 17 127 -2.760813087909532
16 18 103 0.0
16 19 107 -4.407944269372848
16 19 31 -0.0745202688433932
16 19 111 -2.8195772300433823
16 20 75 0.0
16 21 25 0.0
16 22 89 -5.658324600437422
16 22 61 -0.0034944548976809675
16 23 7 -0.694277694741053
16 23 27 -0.692017942998051
16 24 37 0.0
16 25 3 -2.939704235990857
16 25 67 -0.2299304986339804
16 25 109 -1.880395242518204
16 26 123 -1.902211723779674
16 26 77 -1.516916854166864
16 26 125 -0.4598559768463493
17 0 48 -0.6833318535424039
17 0 126 -0.7030598040070951
17 1 100 -0.2293933007870722
17 1 69 -3.8632669890172044
17 1 62 -1.6929014518002086
17 2 82 -0.9982147608758436
17 2 124 -0.45971558199495266
17 3 64 -1.4233194777729699
17 3 18 -1.4621455600332298
17 3 4 -1.048892677189314
17 3 10 -1.7314754567689081
17 4 22 -1.5775812932626745
17 4 87 -0.23126884042702378
17 5 70 0.0
17 6 2 -1.0314471343773925
17 6 50 -2.5797466403657
17 6 121 -0.8640778906291082
17 6 14 -1.9222592718187934
17 7 0 -0.14076433940514713
17 7 92 -2.0302248362905617
17 8 42 -2.014953132517458
17 8 110 -0.14309313432891183
17 9 119 -2.08150956503458
17 9 73 -1.1181260439139447
17 9 106 -2.2806121636892507
17 9 28 -1.9753594366677356
17 9 94 -1.8820798465603767
17 9 47 -1.8632964651366093
17 10 81 -1.7606426144555551
17 10 99 -2.135811195999369
17 10 116 -2.034375402060226
17 10 38 -1.5767083639493413
17 10 24 -1.5983274220688102
17 10 108 -1.8725118945971369
17 10 45 -4.102631915009115
17 11 41 -0.04451753247885613
17 11 91 -3.134048371271423
17 12 56 0.0
17 13 35 0.0
17 14 13 -1.9522619811436106
17 14 79 -0.1530959526065012
17 15 112 -0.4001863009415572
17 15 53 -1.9999677492602033
17 15 85 -6.031855521454216
17 15 55 -1.7335813001933604
17 15 9 -4.172511262562413
17 16 36 -0.24178237721960394
17 16 59 -1.5381738192975756
17 18 33 -2.142930309925121
17 18 21 -0.7882319983970468
17 18 103 -0.8485350924399873
17 19 31 0.0
17 20 75 0.0
17 21 17 -1.3472667461295968
17 21 115 -0.3010372563343362
17 22 97 -2.018084204916241
17 22 89 -4.347179276776943
17 22 61 -0.15765210921577244
17 23 7 -0.6959530919516193
17 23 27 -0.6903491202826147
17 24 105 0.0
17 25 67 0.0
17 26 123 -0.3887606941090723
17 26 77 -1.1328822795965896
18 0 80 -1.168712282042627
18 0 120 -1.3820649493498633
18 0 46 -0.8251402276191896
18 1 98 -1.7842999676523434
18 1 114 -1.7918201272181458
18 1 52 -0.8233683543566065
18 1 69 -1.4851063349170666
18 2 82 0.0
18 3 58 0.0
18 4 118 -1.8448286326412824
18 4 87 -0.17203750372172066
18 5 5 -2.402463239778761
18 5 70 -0.094854528660355
18 6 72 -0.05719061226479161
18 6 44 -2.889824543235272
18 7 0 -0.8779969790406256
18 7 92 -0.5371945192944394
18 8 42 0.0
18 9 32 -1.7466590672535296
18 9 19 -2.8971239003385474
18 9 40 -0.26076388174097304
18 10 20 -1.4709300502370644
18 10 104 -0.2915645184926113
18 10 90 -5.857792683388571
18 10 11 -3.9781793771147616
18 10 95 -6.42705103495144
18 11 65 0.0
18 12 16 -2.2266593930488385
18 12 96 -1.944304789375344
18 12 49 -2.450228260772583
18 12 117 -2.0466413747917045
18 12 54 -2.2714377619620514
18 12 23 -2.2042851393823755
18 12 29 -1.857401711863591
18 12 15 -2.456982888236557
18 12 63 -2.5469607158687078
18 13 35 -0.44427053277246625
18 13 51 -3.0631160814555325
18 13 101 -1.1648601855573044
18 14 13 -0.6701381180962035
18 14 79 -0.7166981532969349
18 15 112 -0.7131151144296878
18 15 85 -1.9685617959394648
18 15 9 -0.9936379227014185
18 16 102 0.0
18 17 39 -1.6041065974873048
18 17 57 -0.3073395171915173
18 17 127 -2.7562428487640465
18 19 107 -4.395679561464166
18 19 31 -0.07281686708153104
18 19 111 -2.849065257028924
18 20 75 0.0
18 21 25 0.0
18 22 89 -4.824681707402638
18 22 61 -0.008061515948068143
18 23 7 -0.6938204003692516
18 23 27 -0.6924744136706529
18 24 37 0.0
18 25 3 -2.9675411650477783
18 25 67 -0.22573903158481826
18 25 109 -1.8928353104219833
18 26 123 -1.9059103037890244
18 26 77 -1.5064464488404334
18 26 125 -0.46264456532695264
19 0 80 0.0
19 1 98 -1.7319574150385841
19 1 114 -1.7909871778938211
19 1 52 -0.7327333661237863
19 1 69 -1.7391293545257502
19 2 82 0.0
19 3 64 -1.2217731515050299
19 3 18 -1.5102361663440376
19 3 4 -1.1763260126630815
19 3 10 -1.737127594008236
19 4 118 -0.6566304314093715
19 4 87 -0.7310481080035484
19 5 70 0.0
19 6 72 -0.9667613625964648
19 6 88 -2.280618359976195
19 6 121 -0.8637166011679356
19 6 44 -2.3447203998303254
19 7 0 -0.01191481832634817
19 7 92 -4.435923910071116
19 8 110 0.0
19 9 106 -1.8554179590646074
19 9 43 -0.5256908639181843
19 9 94 -1.4440282646700326
19 9 47 -4.104980363381013
19 10 30 0.0
19 11 41 -0.046913281557430186
19 11 91 -3.082819394890262
19 12 16 -2.2185345163396004
19 12 96 -1.7642415720624196
19 12 49 -2.7399967379280237
19 12 117 -2.0427407620624844
19 12 54 -2.2621007450376167
19 12 23 -1.9934950551320452
19 12 29 -1.9799493081517066
19 12 15 -2.6838151324909507
19 12 63 -2.5390260567101546
19 13 35 -0.4395793321679518
19 13 51 -2.7036455486539723
19 13 101 -1.242257608063166
19 14 13 -3.5352818480476866
19 14 79 -0.029583858558432156
19 15 112 -0.7128625151316105
19 15 85 -2.0116431415121196
19 15 9 -0.9781862526710153
19 16 36 -0.12738390774258093
19 16 59 -2.123565791116394
19 17 39 -1.5747020511123933
19 17 57 -0.30924931387432075
19 17 127 -2.8313539196683424
19 18 33 -4.276617862339027
19 18 21 -1.5005687768619045
19 18 103 -0.2703568173200681
19 20 75 0.0
19 21 25 0.0
19 22 61 0.0
19 23 7 -0.697499653297168
19 23 27 -0.6888135697751648
19 24 105 0.0
19 25 3 -2.3938173129201403
19 25 67 -0.2794821779639044
19 25 109 -1.8803007298134327
19 26 123 -1.8993657425511483
19 26 77 -1.524325006337646
19 26 125 -0.4579667853658436
20 0 120 0.0
20 1 98 -1.0603561239629786
20 1 69 -0.42515639175687425
20 2 82 0.0
20 3 64 -1.3398563334679956
20 3 18 -1.4528839999203749
20 3 4 -0.8492740610790083
20 3 10 -2.5705086365327587
20 4 118 -2.212507213320948
20 4 87 -0.11588902428673718
20 5 70 0.0
20 6 74 0.0
20 7 0 -0.681627084235381
20 7 92 -0.7048015377035415
20 8 42 0.0
20 9 73 -0.41858721819503963
20 9 47 -1.0728736076901038
20 10 81 -0.48781100493750695
20 10 45 -1.9342131414477437
20 10 95 -1.4209141880106484
20 11 41 -0.02654965049325906
20 11 91 -3.641984150731464
20 12 96 -2.2148947119412252
20 12 49 -1.5772095356705382
20 12 117 -2.80431054641887
20 12 23 -1.978388685708529
20 12 29 -1.9766582089311822
20 12 15 -1.2728717727258045
20 12 63 -2.7047621323006705
20 13 35 -0.5148313879566648
20 13 51 -2.23655511056797
20 13 101 -1.2188401898048271
20 14 13 -0.7021260588539154
20 14 79 -0.6842482056110223
20 15 112 -0.9383404724274627
20 15 53 -1.618846657943576
20 15 85 -1.762985161495983
20 15 55 -1.8624914589286043
20 15 9 -2.4795730899393584
20 16 36 -0.8720407318933144
20 16 59 -0.5414522907114993
20 17 39 -1.79712286926851
20 17 57 -0.4884441725599155
20 17 127 -1.511202182304673
20 18 33 -1.115252240900757
20 18 21 -1.2711745381117237
20 18 103 -0.93734723125789
20 19 107 -2.5231020593126705
20 19 31 -0.5860875235050913
20 19 111 -1.0125558706595081
20 21 17 -0.738242946701348
20 21 115 -1.1517255335831686
20 21 25 -1.580091949005239
20 22 89 -1.1151696094096164
20 22 61 -0.3972881300512939
20 23 7 -0.17529989127183265
20 23 27 -1.827626961837899
20 24 105 0.0
20 25 3 -1.0751732814036155
20 25 67 -0.5756524480766992
20 25 109 -2.3390050481244304
20 26 123 -1.1019509302141837
20 26 77 -0.873535696367845
20 26 125 -1.3850758553505678
21 0 80 -0.6546768550790272
21 0 68 -0.7331568900209483
21 1 114 -0.4725985705122488
21 1 52 -0.9765192588666511
21 2 82 -1.4522211173043376
21 2 124 -0.2666382003282822
21 3 64 -1.5852697711011423
21 3 18 -1.207009404191934
21 3 4 -1.001775746070744
21 3 10 -2.0495695747514238
21 4 22 -0.9620865933848789
21 4 87 -0.4814201943954506
21 5 70 0.0
21 6 50 -2.027654870132998
21 6 84 -2.432505120257231
21 6 72 -2.090254054762844
21 6 88 -3.2929991426975684
21 6 121 -0.8508153058825209
21 6 44 -3.072239099802473
21 6 14 -1.9217022032500408
21 7 0 -0.28161678673899265
21 7 92 -1.4047141184376501
21 8 110 0.0
21 9 119 -1.8382651005766741
21 9 106 -2.2688069285179773
21 9 43 -1.7484381390703547
21 9 28 -1.6353279162605088
21 9 94 -1.6377789252574564
21 9 47 -1.7479766508179015
21 10 99 -1.7820158112193978
21 10 8 -1.0756952324313354
21 10 24 -0.7120427904522308
21 11 41 -0.04938129183308657
21 11 91 -3.0327726776636386
21 12 16 -1.0323625293910745
21 12 96 -4.303184388736977
21 12 49 -5.029607685723851
21 12 117 -4.915434944091557
21 12 54 -0.881885574770643
21 12 63 -1.5973383360576159
21 13 35 -1.8871605496926631
21 13 101 -0.16428681989998034
21 14 13 -1.3056579187273984
21 14 79 -0.3160735692728462
21 15 112 0.0
21 16 36 -0.5156540462742093
21 16 59 -0.9090915317919148
21 17 39 -2.1351038005325043
21 17 57 -0.1832135688559362
21 17 127 -3.012321894459053
21 18 33 -1.24582733856383
21 18 21 -0.9567454575990084
21 18 103 -1.1142656837489047
21 19 31 0.0
21 20 75 0.0
21 22 61 0.0
21 23 7 -0.6946394584284318
21 23 27 -0.6916571262669152
21 24 105 0.0
21 25 3 -3.587457128188092
21 25 67 -0.12063434508201008
21 25 109 -2.4537173358221533
21 26 123 -0.0022325850370145933
21 26 77 -6.105711240284716
22 0 80 0.0
22 1 98 -1.5366117901588097
22 1 114 -1.7577790957087307
22 1 52 -0.8245323197064104
22 1 69 -1.7485625145056187
22 2 82 0.0
22 3 64 -1.2688403851666998
22 3 18 -1.4856875147275965
22 3 4 -1.1577704737505752
22 3 10 -1.7242318047622427
22 4 87 0.0
22 5 70 0.0
22 6 72 -0.9728858400379002
22 6 88 -2.2724986760457586
22 6 121 -0.8610697031711111
22 6 44 -2.340854798014892
22 7 0 -0.0016321409766344825
22 7 92 -6.418678602922467
22 8 110 0.0
22 9 119 -2.5509168929903496
22 9 106 -1.5785931856851634
22 9 43 -1.1000115348366453
22 9 94 -1.2660006416042984
22 9 47 -2.293619784160779
22 10 60 0.0
22 11 41 -0.051682833715827985
22 11 91 -2.9883597119127105
22 12 16 -2.149570209812883
22 12 96 -1.4690314750281332
22 12 49 -2.6695209915969356
22 12 117 -1.7172731471871308
22 12 54 -2.255463069382745
22 12 23 -2.7621290788693793
22 12 29 -2.381916400882518
22 12 15 -2.7725982380733547
22 12 63 -2.5056559463717103
22 13 35 -0.4891542186019193
22 13 51 -2.858888750639315
22 13 101 -1.1101097222324388
22 14 13 -5.643235652181432
22 14 79 -0.003547676707807842
22 15 112 -0.7129636123792212
22 15 85 -2.0145160101734643
22 15 9 -0.9770344789690616
22 16 36 -0.006526311196141222
22 16 59 -5.035174777262167
22 17 39 -1.5713766372713625
22 17 57 -0.30217193483131266
22 17 127 -2.9368962527258105
22 18 33 -5.679921963899869
22 18 21 -1.4793722607262665
22 18 103 -0.2629172090680144
22 19 31 0.0
22 20 75 0.0
22 21 25 0.0
22 23 7 -0.6963708886215033
22 23 27 -0.6899338314068991
22 24 105 0.0
22 25 3 -2.757070037350015
22 25 67 -0.2445836445298546
22 25 109 -1.874106649598555
22 26 123 -1.7219222103213911
22 26 77 -1.9800923779572828
22 26 125 -0.3809365466264293
23 0 120 0.0
23 1 98 -1.0602767427418684
23 1 69 -0.4251984528356928
23 2 82 0.0
23 3 64 -1.3358636455241408
23 3 18 -1.454760987383557
23 3 4 -0.8508275299592547
23 3 10 -2.5697920059896764
23 4 118 -2.2219655629393937
23 4 87 -0.11473301221733044
23 5 70 0.0
23 6 26 -0.6329893869151956
23 6 74 -0.7571568930871551
23 7 0 -0.6809306110255873
23 7 92 -0.7055148423974877
23 8 42 0.0
23 9 73 -0.41935429232355564
23 9 47 -1.0713995868368562
23 10 81 -0.48885443523672883
23 10 45 -1.9309698804035857
23 10 95 -1.4202073191988287
23 11 41 -0.027053885333353848
23 11 91 -3.623421095249762
23 12 96 -2.218970557147493
23 12 49 -1.5776530153082389
23 12 117 -2.798054316716203
23 12 23 -1.9791207028123934
23 12 29 -1.979685640359651
23 12 15 -1.2707766708061559
23 12 63 -2.7034431706519757
23 13 35 -0.5152834932062998
23 13 51 -2.230427967839989
23 13 101 -1.2201484357615882
23 14 13 -0.7025737741150451
23 14 79 -0.6838086184797522
23 15 112 -0.9390408980079865
23 15 53 -1.619690374127606
23 15 85 -1.7601241069519928
23 15 55 -1.8620003141695154
23 15 9 -2.481086485076725
23 16 36 -0.8710072208695945
23 16 59 -0.5421955292199444
23 17 39 -1.7965313425219775
23 17 57 -0.4883971191074508
23 17 127 -1.511777758417988
23 18 33 -1.1167224747484363
23 18 21 -1.2728233658253167
23 18 103 -0.9349405356572559
23 19 107 -2.524964660237704
23 19 31 -0.5848329902764186
23 19 111 -1.0140691029885978
23 20 6 0.0
23 21 17 -0.7382735403137974
23 21 115 -1.1522477664968704
23 21 25 -1.579220046276125
23 22 89 -1.11558146417246
23 22 61 -0.39708729519677216
23 24 105 0.0
23 25 3 -1.0726396684633788
23 25 67 -0.5743101314167608
23 25 109 -2.3559592642412253
23 26 123 -1.1024778995720805
23 26 77 -0.8743095709190148
23 26 125 -1.3830883712842168
24 0 80 0.0
24 1 98 -1.7081133238744022
24 1 114 -1.8370225126365476
24 1 52 -0.738041738905012
24 1 69 -1.706761379216225
24 2 82 0.0
24 3 10 -3.7091298644468265
24 3 58 -0.02480392087150724
24 4 87 0.0
24 5 5 -0.14936777863094303
24 5 70 -1.975098149561704
24 6 72 -0.6779912406763204
24 6 88 -2.068883458646663
24 6 121 -1.16993458291995
24 6 44 -2.8886675237933916
24 7 0 -0.08545577036215549
24 7 92 -2.5021799675946617
24 8 110 0.0
24 9 19 -0.05307748169700047
24 9 119 -6.533347192994158
24 9 106 -3.5188962591284922
24 9 43 -4.056072492797271
24 9 94 -6.061498267118876
24 9 47 -6.949192993173226
24 10 104 0.0
24 11 65 -0.03831992835794964
24 11 41 -3.3376454889914675
24 11 91 -6.178027268883503
24 12 16 -2.2218814681303436
24 12 96 -1.7653947930525988
24 12 49 -2.6622955369311905
24 12 117 -2.0438336889792823
24 12 54 -2.2666462839749
24 12 23 -2.7233482806402947
24 12 29 -1.903887098472362
24 12 15 -2.085667029274254
24 12 63 -2.5429965577424642
24 13 35 -0.44188952789948954
24 13 51 -2.62047397723994
24 13 101 -1.257334936877089
24 14 13 -1.9564413641130345
24 14 79 -0.1524062096398263
24 15 112 -0.7131348387247783
24 15 85 -2.006866836137499
24 15 9 -0.9795354953703996
24 16 36 0.0
24 17 39 -1.5818589656050748
24 17 57 -0.2968452049453243
24 17 127 -2.9710707651366643
24 18 33 -3.130018909851247
24 18 21 -0.19235103997724995
24 18 103 -2.030530807223595
24 19 31 0.0
24 20 75 0.0
24 21 25 0.0
24 22 61 0.0
24 23 7 -0.6943248871558456
24 23 27 -0.6919708593254817
24 25 3 -2.705084387754863
24 25 67 -0.24457524926853824
24 25 109 -1.8964651608652932
24 26 123 -1.7768819695646638
24 26 77 -1.6146115664947855
24 26 125 -0.45907591955566335
25 0 48 -0.6833270047509804
25 0 126 -0.7030647494292447
25 1 100 -0.2293532228578046
25 1 69 -3.863071833514819
25 1 62 -1.6930969312157564
25 2 82 -0.9978850713023625
25 2 124 -0.4599080468231981
25 3 64 -1.4210562408789857
25 3 18 -1.4642047390736639
25 3 4 -1.0483893414665235
25 3 10 -1.7328634491447532
25 4 22 -1.5774816537980405
25 4 87 -0.23129476804284177
25 5 70 0.0
25 6 2 -1.031210950713509
25 6 50 -2.57956277488001
25 6 121 -0.8642881988770469
25 6 14 -1.9223243650337398
25 7 0 -0.14326145827688302
25 7 92 -2.0138596537393587
25 8 42 -2.00902698714476
25 8 110 -0.14400792124133283
25 9 119 -2.076821012580304
25 9 73 -1.1165674460222315
25 9 106 -2.2811552301437534
25 9 28 -1.9756807419016877
25 9 94 -1.8838734743174936
25 9 47 -1.8679682542031206
25 10 81 -1.7605975144640786
25 10 99 -2.1360335495027085
25 10 116 -2.034523799465019
25 10 38 -1.5768177131767223
25 10 24 -1.5984600846799988
25 10 108 -1.8726167638283802
25 10 45 -4.0963920669113225
25 11 41 -0.04483650439140582
25 11 91 -3.127067131783418
25 12 56 0.0
25 13 35 0.0
25 14 13 -1.9437979365644755
25 14 79 -0.15450314940120383
25 15 112 -0.4003104728876463
25 15 53 -1.9999890896718535
25 15 85 -6.0044520682315214
25 15 55 -1.7339139485764892
25 15 9 -4.167453923565989
25 16 36 -0.24503635056691597
25 16 59 -1.5263663517793755
25 17 66 0.0
25 18 33 -2.146935560590608
25 18 21 -0.7916031280985295
25 18 103 -0.8438758206373538
25 19 31 0.0
25 20 75 0.0
25 21 17 -1.3472478482016863
25 21 115 -0.30104389449927044
25 22 97 -2.019558924612622
25 22 89 -4.278917717982424
25 22 61 -0.15849367806488754
25 23 7 -0.6962309211692488
25 23 27 -0.6900729201797098
25 24 105 0.0
25 26 123 -0.38866942122774584
25 26 77 -1.1330743989854424
26 0 48 -1.1014878100295808
26 0 80 -0.6302972027641497
26 0 68 -2.00107215766976
26 1 114 -0.4315256822862707
26 1 52 -1.0484441635592487
26 2 124 0.0
26 3 64 -1.3889611693518804
26 3 18 -1.4767544256546623
26 3 4 -1.0674321277276646
26 3 10 -1.723740181907166
26 4 22 -1.2854078769120914
26 4 87 -0.3237069350407009
26 5 70 0.0
26 6 50 -2.5210158292949325
26 6 84 -2.264484268949797
26 6 72 -2.0904317969217105
26 6 88 -2.6185575689028644
26 6 121 -0.8749010810451889
26 6 44 -3.076002906347769
26 6 14 -1.8569368381537796
26 7 0 -0.05505632308858109
26 7 92 -2.9268004263695886
26 8 110 0.0
26 9 119 -2.0217868116531457
26 9 106 -1.7347762412499967
26 9 43 -1.7469136989673897
26 9 28 -2.383914981684196
26 9 94 -1.3247002283589921
26 9 47 -1.8403680510615197
26 10 99 -3.152736476632535
26 10 83 -0.26552250858099685
26 10 8 -2.5879259538567254
26 10 24 -2.1603566548700663
26 11 41 -0.051786518097647394
26 11 91 -2.9864069500462582
26 12 16 -1.9867019136020896
26 12 117 -4.252653748622428
26 12 54 -1.4921249273837651
26 12 76 -0.6565378623227659
26 12 63 -2.2529528362303854
26 13 35 -0.9611963790573391
26 13 101 -0.48197107407593714
26 14 13 -2.7762869993556065
26 14 79 -0.06429245495356431
26 15 122 0.0
26 16 36 -0.11251800705570272
26 16 59 -2.2403735540198917
26 17 39 -1.7080089635669975
26 17 57 -0.2645718173662463
26 17 127 -2.971250147783587
26 18 33 -2.8259326488323513
26 18 21 -0.7144847971097871
26 18 103 -0.7956176063042449
26 19 31 0.0
26 20 75 0.0
26 21 113 0.0
26 22 97 -1.9168864412833277
26 22 61 -0.1590709311237736
26 23 7 -0.6946344950083262
26 23 27 -0.6916620749310302
26 24 105 0.0
26 25 3 -4.263972521500888
26 25 67 -0.10523878194268184
26 25 109 -2.455455187949513
