0 1 98 -1.5264600324586424
0 1 69 -0.2450103400195494
0 2 82 0.0
0 3 64 -0.8788363168527361
0 3 18 -1.5977394966943719
0 3 4 -1.3043604820901615
0 3 10 -2.197912520045037
0 4 87 0.0
0 5 70 0.0
0 6 121 0.0
0 7 0 -0.6331336566479414
0 7 92 -0.7569935752205618
0 8 42 -0.7829212109684517
0 8 110 -0.6107727896168886
0 9 119 -2.1456923023217453
0 9 73 -0.9628853180531128
0 9 106 -2.332044962890153
0 9 94 -2.540258602778029
0 9 47 -1.123068070346384
0 10 81 -0.0852095861461287
0 10 45 -2.5049436213339504
0 11 41 -0.09842840993001233
0 11 91 -2.3672363623495607
0 12 96 -2.420365660685533
0 12 49 -1.0473088922527876
0 12 117 -2.537234852121549
0 12 23 -1.8013278652412543
0 12 29 -2.210419379388122
0 12 15 -2.0299330723743325
0 12 63 -2.589375926668384
0 13 35 -0.4861505628482686
0 13 51 -2.5020876535995393
0 13 101 -1.1937024525664877
0 14 13 -0.6407956942796295
0 14 79 -0.7483914854050778
0 15 112 -1.1924662829024477
0 15 53 -1.4906729082971386
0 15 85 -2.4438806801844155
0 15 55 -1.3460350435467328
0 15 9 -2.0857524955938085
0 16 36 -1.0900197066594657
0 16 59 -0.4097892458327801
0 17 39 -2.3692355084256422
0 17 57 -0.42330528482643204
0 17 127 -1.380037563358272
0 18 33 -1.2271569643524638
0 18 21 -1.7295848878839173
0 18 103 -0.6357895865206509
0 19 31 0.0
0 20 75 0.0
0 21 17 -0.789412124144699
0 21 115 -1.0798419754114972
0 21 25 -1.5787189700531588
0 22 89 -2.0861818799456966
0 22 61 -0.13257218521992514
0 23 7 -0.7463879687858912
0 23 27 -0.6425982603208927
0 24 105 0.0
0 25 3 -1.6895204525587506
0 25 67 -0.3225250966347099
0 25 109 -2.396080552312298
0 26 123 -0.9319544630366017
0 26 77 -1.2694203040151222
0 26 125 -1.1232466033899169
1 0 68 0.0
1 2 82 -0.8986318484991811
1 2 124 -0.5227738694791136
1 3 64 -1.048799215200043
1 3 18 -1.5281976520629033
1 3 4 -1.2275148794971453
1 3 10 -1.9682891982566881
1 4 87 0.0
1 5 70 0.0
1 6 50 -1.6698598990673361
1 6 84 -1.5988161923971416
1 6 121 -1.4578684716899897
1 6 14 -0.9758839760086916
1 7 0 -0.45101146917459645
1 7 92 -1.0133070916429774
1 8 42 -0.9813372874202465
1 8 110 -0.46969893244198696
1 9 119 -2.5102069581830158
1 9 73 -1.1337109360181026
1 9 106 -2.0782284414846837
1 9 28 -1.751998060381436
1 9 94 -1.450975214699922
1 9 47 -2.7490065177861545
1 10 81 -1.5215866167343128
1 10 99 -1.9196788972750638
1 10 116 -1.8972673988192081
1 10 8 -1.810177855869711
1 10 24 -1.3134819251077559
1 10 45 -2.9470242975634164
1 11 41 -0.12725054478752257
1 11 91 -2.1245480098548493
1 12 16 -1.7259449832062697
1 12 49 -3.573391056050877
1 12 34 -0.7172925292987671
1 12 54 -1.923767724423539
1 12 23 -3.246580147104518
1 12 63 -2.1127904532012156
1 13 101 0.0
1 14 13 -0.7103743887768205
1 14 79 -0.6762117299698982
1 15 112 -0.8935323413525693
1 15 53 -0.5262908215159613
1 16 36 -0.8295987849488994
1 16 59 -0.5730987501097712
1 17 39 -2.26724559930207
1 17 57 -0.15826658549790087
1 17 127 -3.1516687695084085
1 18 33 -1.4833596942939842
1 18 21 -1.5857549754819253
1 18 103 -0.5650482915831239
1 19 31 0.0
1 20 75 0.0
1 21 115 0.0
1 22 97 -1.4731370934927113
1 22 89 -2.5896071931763607
1 22 61 -0.3627718234911356
1 23 7 -0.701004701674513
1 23 27 -0.6853509190475516
1 24 105 0.0
1 25 3 -2.146682401752408
1 25 67 -0.2709533576905216
1 25 109 -2.1162990268374555
1 26 123 -0.1539368517297643
1 26 77 -1.9471940787024484
2 0 80 0.0
2 1 98 -1.5062765495636157
2 1 114 -1.5760060251080696
2 1 52 -0.7951842405762243
2 1 69 -2.120526105481626
2 3 64 -1.1369939685661714
2 3 18 -1.5273502605753975
2 3 4 -1.318508624340323
2 3 10 -1.6369429506746371
2 4 87 0.0
2 5 70 0.0
2 6 72 -1.1689339016846552
2 6 88 -1.9313889403824511
2 6 121 -0.9002724020295962
2 6 44 -1.98125303573805
2 7 0 -0.3025335036808168
2 7 92 -1.3430193029777278
2 8 110 0.0
2 9 119 -2.1086709048201686
2 9 106 -1.7310069589825603
2 9 43 -1.2668388095878529
2 9 94 -1.345457749190336
2 9 47 -1.8366299857407236
2 10 83 0.0
2 11 41 -0.19987138731190865
2 11 91 -1.7083529063501997
2 12 16 -2.310026744095378
2 12 96 -2.1043167288171993
2 12 49 -2.808804792724952
2 12 117 -2.302036124242415
2 12 54 -2.1249184084823223
2 12 23 -2.5279737570845144
2 12 76 -1.880129068890667
2 12 29 -2.3552376297420903
2 12 15 -2.5095822418107896
2 12 63 -2.4026964410400193
2 13 35 -0.7597202156487467
2 13 51 -1.6416564078470095
2 13 101 -1.0831020642540885
2 14 13 -0.932766480905502
2 14 79 -0.49999069009171576
2 15 112 -1.963220793791774
2 15 85 -2.0394490228728746
2 15 9 -1.66903702036081
2 15 122 -0.6142145275027836
2 16 36 -0.44575528060816866
2 16 59 -1.0225974078229891
2 17 39 -1.5316382619424094
2 17 57 -0.45994349174512067
2 17 127 -1.880594190132404
2 18 33 -1.3482713478479842
2 18 21 -1.1659886177539007
2 18 103 -0.8470054318154844
2 19 31 0.0
2 20 75 0.0
2 21 25 0.0
2 22 61 0.0
2 23 7 -0.6796810121558127
2 23 27 -0.7067971647657254
2 24 105 0.0
2 25 3 -1.7171220607262543
2 25 67 -0.5438904774852487
2 25 109 -1.4273985603461616
2 26 125 0.0
3 0 80 -1.648432115132365
3 0 120 -0.8553906793614505
3 0 46 -0.9609438346654371
3 1 98 -1.779915312778479
3 1 114 -1.5831210427686457
3 1 52 -1.1272662396987312
3 1 69 -1.1970078915207552
3 2 82 0.0
3 4 118 -1.6179738345215477
3 4 87 -0.2210209070830369
3 5 5 -1.6320029980795507
3 5 70 -0.21758095172153333
3 6 72 0.0
3 7 0 -1.7410288744859452
3 7 92 -0.19278398363572932
3 8 42 0.0
3 9 19 -1.890386258050654
3 9 40 -0.16371195546106793
3 10 90 -1.8942307025451703
3 10 11 -1.7903915283542131
3 10 45 -2.134593394182814
3 10 95 -0.5720301727059968
3 11 65 0.0
3 12 16 -2.723456017823229
3 12 96 -2.237795753120065
3 12 49 -1.8029092324327314
3 12 117 -2.3588725619147293
3 12 54 -2.2709185723384495
3 12 23 -2.0718024594152844
3 12 29 -2.0448689570367984
3 12 15 -2.1051507730227357
3 12 63 -2.431403645684152
3 13 35 -0.5718612182852555
3 13 51 -2.2076265931201986
3 13 101 -1.1221936769231056
3 14 13 -0.32297921169943467
3 14 79 -1.2873142137484928
3 15 112 -0.7858225662317633
3 15 85 -1.4845297551983814
3 15 9 -1.1468162903423196
3 16 59 0.0
3 17 39 -1.8326207561736345
3 17 57 -0.4907877907107477
3 17 127 -1.479013675351932
3 18 33 -1.7295610025520949
3 18 21 -1.7986694557985854
3 18 103 -0.41989049531586276
3 19 107 -2.0346397745155724
3 19 31 -1.1630002034966544
3 19 111 -0.5856832188881034
3 20 75 0.0
3 21 25 0.0
3 22 89 -1.9061496447470352
3 22 61 -0.16093388958844893
3 23 7 -0.7126358884265135
3 23 27 -0.6740310332696594
3 24 37 -0.17470432317598286
3 24 105 -1.8307410674001845
3 25 3 -1.6284726557783824
3 25 67 -0.4458835727866465
3 25 109 -1.8108650187855249
3 26 123 -1.5260719792163013
3 26 77 -0.8503884103091099
3 26 125 -1.0346150502019433
4 0 86 0.0
4 1 98 -1.50303694800846
4 1 69 -0.25161189829855407
4 2 82 0.0
4 3 64 -0.9301172306694518
4 3 18 -1.577088110581431
4 3 4 -1.2618429827679274
4 3 10 -2.1560197959174836
4 5 70 0.0
4 6 121 0.0
4 7 0 -0.7060220676025405
4 7 92 -0.6804359513890409
4 8 42 -0.75417515365119
4 8 110 -0.6356303687836589
4 9 119 -2.089191854496425
4 9 73 -1.0154630139175687
4 9 106 -2.288775944275481
4 9 94 -2.377179172903999
4 9 47 -1.1401355087259346
4 10 81 -0.08794834562419947
4 10 45 -2.4746575239926
4 11 41 -0.10787717137886406
4 11 91 -2.2802157386585984
4 12 96 -2.3699395474556373
4 12 49 -1.1070126356218595
4 12 117 -2.498560657328338
4 12 23 -1.78014326851407
4 12 29 -2.185518557997136
4 12 15 -2.0291701305496344
4 12 63 -2.509763324132954
4 13 35 -0.5358968229374081
4 13 51 -2.0802072469660473
4 13 101 -1.2380419818416115
4 14 13 -0.6021101589966531
4 14 79 -0.7933096236138616
4 15 112 -1.247954828067206
4 15 53 -1.4946770458913554
4 15 85 -2.3151585007089324
4 15 55 -1.322766932693004
4 15 9 -2.0920008437452196
4 16 36 -1.0738152306418134
4 16 59 -0.4180981004743953
4 17 39 -2.26585487700494
4 17 57 -0.4302350015158962
4 17 127 -1.4028203770736651
4 18 33 -1.2274785998117523
4 18 21 -1.6443991330675776
4 18 103 -0.6658415296160201
4 19 31 0.0
4 20 75 0.0
4 21 17 -0.7449778484811854
4 21 115 -1.1033359388037045
4 21 25 -1.6425155573737529
4 22 89 -1.662445763659379
4 22 61 -0.21031927661417787
4 23 7 -0.740665400029322
4 23 27 -0.6477848838820034
4 24 105 0.0
4 25 3 -1.7197692620261846
4 25 67 -0.3691432963698039
4 25 109 -2.0435633997465086
4 26 123 -0.955123507457504
4 26 77 -1.2044765684351206
4 26 125 -1.1539565005724701
5 0 80 -2.1421452930929603
5 0 120 -0.8436487766461521
5 0 46 -0.7930578799517072
5 1 98 -1.814324783206387
5 1 114 -1.4993357738650734
5 1 52 -1.2033848906485372
5 1 69 -1.1596457298117124
5 2 82 0.0
5 3 64 -0.48208826329313736
5 3 18 -1.972030910183351
5 3 4 -1.7642591659540072
5 3 10 -2.630813242176981
5 4 118 -1.4390077938284298
5 4 87 -0.2707108439410032
5 6 72 0.0
5 7 0 -2.1484333098228947
5 7 92 -0.12405279439473485
5 8 42 0.0
5 9 71 0.0
5 10 90 -1.8398807849748484
5 10 45 -2.028304338089995
5 10 95 -0.3430464795914023
5 11 41 0.0
5 12 16 -2.855283312805988
5 12 96 -2.3079458342960137
5 12 49 -1.6841953522580781
5 12 117 -2.492600073744427
5 12 54 -2.383062123652207
5 12 23 -2.1127255475257476
5 12 29 -1.8488877000106954
5 12 15 -2.1006841007357675
5 12 63 -2.504134612275023
5 13 35 -0.5834988996430736
5 13 51 -2.1556962300136107
5 13 101 -1.1201381720663341
5 14 13 -0.24970057266337434
5 14 79 -1.5097464908084013
5 15 112 -0.8952717471354836
5 15 85 -1.278889400352256
5 15 9 -1.1610500927273348
5 16 59 0.0
5 17 39 -1.9284601611454213
5 17 57 -0.4788604668369423
5 17 127 -1.4475775717044805
5 18 33 -1.2680817644524165
5 18 21 -1.9050405969705775
5 18 103 -0.5624478160642102
5 19 107 -1.8941661154725626
5 19 31 -1.385595270736438
5 19 111 -0.5118571041568162
5 20 75 0.0
5 21 25 0.0
5 22 89 -1.7335540101001623
5 22 61 -0.19438052399088865
5 23 7 -0.72715314866132
5 23 27 -0.6602596877242396
5 24 37 -0.10520977313050611
5 24 105 -2.3039427992661357
5 25 3 -1.6486446390129605
5 25 67 -0.4274600978724576
5 25 109 -1.860941112914953
5 26 123 -1.5640767644165487
5 26 77 -0.7966581817255051
5 26 125 -1.0791455750160543
6 0 120 0.0
6 1 98 -1.3027255297263978
6 1 69 -0.31716582576359187
6 2 82 0.0
6 3 64 -0.9939724561475182
6 3 18 -1.5390346704332312
6 3 4 -1.2115108642039942
6 3 10 -2.140796065105566
6 4 118 -1.933800642295155
6 4 87 -0.15618326474444602
6 5 70 0.0
6 7 0 -0.6453384717490193
6 7 92 -0.743356828006924
6 8 42 0.0
6 9 73 -0.34605706466375763
6 9 47 -1.2291952811151137
6 10 81 -0.4746739402090699
6 10 45 -2.0724268073133523
6 10 95 -1.3781983648932146
6 11 41 -0.10171232474932045
6 11 91 -2.3360319372834737
6 12 96 -2.3090454998664116
6 12 49 -1.467300904696118
6 12 117 -2.4093942264380335
6 12 23 -2.0670561333504303
6 12 29 -1.9656117561705821
6 12 15 -1.4541900234978606
6 12 63 -2.5256053863334627
6 13 35 -0.6190473248949596
6 13 51 -1.8681061551557536
6 13 101 -1.180493912542936
6 14 13 -0.6787276068510365
6 14 79 -0.7077777241799044
6 15 112 -1.191034376834629
6 15 53 -1.5681316812397597
6 15 85 -1.993393962458595
6 15 55 -1.4628765429191681
6 15 9 -2.1214513869202207
6 16 36 -1.0122623800043418
6 16 59 -0.4516073381964797
6 17 39 -1.8202903556032588
6 17 57 -0.5214027535477037
6 17 127 -1.4092186440429508
6 18 33 -1.4079796463848209
6 18 21 -1.644109319877384
6 18 103 -0.5759360228097473
6 19 107 -2.352812375124768
6 19 31 -0.7681567677741055
6 19 111 -0.8186392521200951
6 20 75 0.0
6 21 17 -0.8225847227162698
6 21 115 -1.0166087092492102
6 21 25 -1.6150266460136955
6 22 89 -1.5101007287701216
6 22 61 -0.24960011909279675
6 23 7 -0.8270515545456792
6 23 27 -0.5750741444370764
6 24 105 0.0
6 25 3 -1.1036986252990715
6 25 67 -0.6461742873546785
6 25 109 -1.9357845265086662
6 26 123 -0.8937391492388057
6 26 77 -1.0941740993423716
6 26 125 -1.3623401062315992
7 0 80 0.0
7 1 98 -1.3716827700425556
7 1 114 -1.5595698156493436
7 1 52 -1.1136588220249932
7 1 69 -1.571475539453062
7 2 82 0.0
7 3 64 -1.4714448935125093
7 3 18 -1.4203023079416868
7 3 4 -1.171897596092921
7 3 10 -1.5187429652039037
7 4 87 0.0
7 5 70 0.0
7 6 72 -0.866097098112447
7 6 88 -1.7883650697816011
7 6 121 -1.2866495553776471
7 6 44 -1.995231589919332
7 8 110 0.0
7 9 119 -2.672187171329156
7 9 106 -2.297138278890899
7 9 43 -2.3724936030008488
7 9 93 -0.438551148321065
7 9 94 -3.125381078260075
7 9 47 -3.0320935803001743
7 10 1 0.0
7 11 41 -0.19145684330483173
7 11 91 -1.747294423229763
7 12 16 -2.339090440078868
7 12 96 -1.9803642859189274
7 12 49 -2.5924917744961355
7 12 117 -2.079478241399235
7 12 54 -2.220791986014223
7 12 23 -2.1445595049156903
7 12 29 -2.036635035799692
7 12 15 -2.1360877325892504
7 12 63 -2.3912935812630605
7 13 35 -0.7429446538502634
7 13 51 -1.5329695204571958
7 13 101 -1.1763727498493526
7 14 13 -0.7190751623395891
7 14 79 -0.6678745040584457
7 15 112 -0.8200740482998184
7 15 85 -1.6105531784173375
7 15 9 -1.0221405717793184
7 16 36 -0.5535832807106966
7 16 59 -0.855398232582094
7 17 39 -1.5924188704531528
7 17 57 -0.44453601146659943
7 17 127 -1.8614608523644092
7 18 33 -1.2907713846130358
7 18 21 -1.2119734877802613
7 18 103 -0.8501938077914222
7 19 31 0.0
7 20 75 0.0
7 21 25 0.0
7 22 61 0.0
7 23 7 -0.6786381602737949
7 23 27 -0.7078698156599259
7 24 105 0.0
7 25 3 -1.5893843559334104
7 25 67 -0.5679982837762584
7 25 109 -1.4727667846440113
7 26 123 -1.4037093954851463
7 26 77 -1.5594511531731874
7 26 125 -0.6086872305310742
8 0 80 -0.4477992380224152
8 0 46 -1.0189686397114508
8 1 98 -1.7356779221500283
8 1 114 -1.6239320842039364
8 1 52 -1.0915451899952102
8 1 69 -1.2347760721610277
8 2 82 0.0
8 3 64 -0.776697824886986
8 3 18 -1.8099905838003036
8 3 4 -1.3705235807188123
8 3 10 -2.100067824204044
8 4 118 -1.7606490940166668
8 4 87 -0.18866148384690462
8 5 70 0.0
8 6 72 -0.7963381614333974
8 6 88 -2.5135694156090618
8 6 121 -0.9935321306906739
8 6 44 -2.3250615611671788
8 7 0 -0.29361564679155633
8 7 92 -1.3687020017648315
8 9 106 -1.9888668704687023
8 9 43 -0.3913039706218743
8 9 94 -1.6767803312048066
8 10 30 0.0
8 11 41 -0.09687169842730545
8 11 91 -2.3824127471777268
8 12 16 -2.2389229392145484
8 12 96 -2.214297930456591
8 12 49 -2.128455965641813
8 12 117 -2.216421622772359
8 12 54 -2.198082554090746
8 12 23 -2.1404328747483508
8 12 29 -2.1050017205286413
8 12 15 -2.123395830048918
8 12 63 -2.452393377541316
8 13 35 -0.5946515101542592
8 13 51 -2.221098800741061
8 13 101 -1.0795294730639906
8 14 13 -0.8490671952698157
8 14 79 -0.5582908381698449
8 15 112 -0.7123481323513027
8 15 85 -2.034244909250742
8 15 9 -0.9709325250269196
8 16 36 -0.7124768983327167
8 16 59 -0.6741840264019883
8 17 39 -1.7636681407185943
8 17 57 -0.45210650655047363
8 17 127 -1.6487055558930557
8 18 33 -1.746521703374522
8 18 21 -1.5228970873210321
8 18 103 -0.49833497385197517
8 19 111 0.0
8 20 75 0.0
8 21 25 0.0
8 22 61 0.0
8 23 7 -0.721143472195743
8 23 27 -0.6659133827157503
8 24 105 0.0
8 25 3 -1.656990865892328
8 25 67 -0.4465567113230824
8 25 109 -1.7751352358740222
8 26 123 -1.419663189289973
8 26 77 -1.67810241620687
8 26 125 -0.5595317668692377
9 0 80 -2.0507797001328463
9 0 120 -0.8232913912361878
9 0 46 -0.8384480719428018
9 1 98 -1.8272069566618059
9 1 114 -1.4313515285491567
9 1 52 -1.25446628665689
9 1 69 -1.1554238806563546
9 2 82 0.0
9 3 64 -0.4153670908920463
9 3 18 -1.948592736286906
9 3 4 -1.833117298205019
9 3 10 -3.2830581270993378
9 4 118 -1.8342633556766121
9 4 87 -0.1740333472504973
9 5 70 0.0
9 6 72 0.0
9 7 0 -2.9860673512689093
9 7 92 -0.051804571303038054
9 8 42 0.0
9 10 90 -1.8369097048326855
9 10 45 -2.026577178997998
9 10 95 -0.3440334811535064
9 11 41 0.0
9 12 16 -3.084156883571428
9 12 96 -2.322914700566651
9 12 49 -1.4850095960336154
9 12 117 -2.5664178032952414
9 12 54 -2.630390693630335
9 12 23 -2.124663807318372
9 12 29 -1.8704180827042012
9 12 15 -2.0434978895509315
9 12 63 -2.553921001887799
9 13 35 -0.5473947382524582
9 13 51 -2.6144687889962612
9 13 101 -1.0545806911114428
9 14 13 -0.11574364024319973
9 14 79 -2.2136912225916587
9 15 112 -0.8412907526151422
9 15 85 -1.356416394235238
9 15 9 -1.1671133685372326
9 16 59 0.0
9 17 39 -1.8221902847211202
9 17 57 -0.5135821610332005
9 17 127 -1.4271980750888833
9 18 33 -1.4203512715120383
9 18 21 -2.4103771695368
9 18 103 -0.4025850842511376
9 19 107 -2.0346799584961683
9 19 31 -1.3626152262010185
9 19 111 -0.48892183988997767
9 20 75 0.0
9 21 25 0.0
9 22 89 -1.9974987057677296
9 22 61 -0.14580552142546724
9 23 7 -0.7424910884769466
9 23 27 -0.6461240274655751
9 24 37 -0.09938959136186959
9 24 105 -2.3579911195767167
9 25 3 -1.6566274152927487
9 25 67 -0.43174988328342256
9 25 109 -1.83353878181552
9 26 123 -1.5044222996398038
9 26 77 -0.8620631958131296
9 26 125 -1.0340486298015845
10 0 80 0.0
10 1 98 -1.5291265333953872
10 1 114 -1.5114245223324256
10 1 52 -1.1804772085968642
10 1 69 -1.3643471133731613
10 2 82 0.0
10 3 64 -0.7899241364983762
10 3 18 -1.7836800055091342
10 3 4 -1.3563565202930072
10 3 10 -2.1160685659342118
10 4 87 0.0
10 5 70 0.0
10 6 72 -1.1102891330295903
10 6 88 -2.7419689146955992
10 6 121 -0.6652478183284386
10 6 44 -2.3865443037458296
10 7 0 -0.0680748092941364
10 7 92 -2.72099236311859
10 8 110 0.0
10 9 119 -2.3200862831299816
10 9 106 -1.972357138986976
10 9 43 -1.263168257071451
10 9 94 -1.1929076812975696
10 9 47 -1.7343684608304433
10 11 41 -0.09792028622491908
10 11 91 -2.3721621962683916
10 12 16 -2.06169448447472
10 12 96 -1.8523589735588946
10 12 49 -2.4465476585327615
10 12 117 -1.7762488093303619
10 12 54 -2.2387451573361097
10 12 23 -2.4759239684290897
10 12 29 -2.176868918174828
10 12 15 -2.555959145825824
10 12 63 -2.546697344610758
10 13 35 -0.5721690397038683
10 13 51 -2.7160940887923246
10 13 101 -0.9954223615531466
10 14 13 -1.8197766154021988
10 14 79 -0.17681110609418862
10 15 112 -0.6724017522443695
10 15 85 -2.2288878092620155
10 15 9 -0.9626728009465207
10 16 36 -0.2884426411685145
10 16 59 -1.3840161196110439
10 17 39 -1.7553636373824246
10 17 57 -0.3534390666662731
10 17 127 -2.0803472400830656
10 18 33 -2.0869251269577744
10 18 21 -1.3928342594570438
10 18 103 -0.4659134509482326
10 19 31 0.0
10 20 75 0.0
10 21 25 0.0
10 22 61 0.0
10 23 7 -0.7466959706228506
10 23 27 -0.6423207041694127
10 24 105 0.0
10 25 3 -2.1131211850231755
10 25 67 -0.34181167739052165
10 25 109 -1.7798831260076793
10 26 123 -1.3481226293741675
10 26 77 -1.852291318741888
10 26 125 -0.538890288297267
11 0 80 -1.6898360943609518
11 0 120 -0.8462572246327349
11 0 46 -0.9507978575303173
11 1 98 -1.783820467073554
11 1 114 -1.588089012499334
11 1 52 -1.1283356306898655
11 1 69 -1.1903399365480374
11 2 82 0.0
11 3 64 0.0
11 4 118 -1.629877089358346
11 4 87 -0.21809837146006494
11 5 5 -1.786844850872315
11 5 70 -0.18330738554368434
11 6 72 0.0
11 7 0 -1.7011981037952553
11 7 92 -0.20146129615234817
11 8 42 0.0
11 9 19 -2.2742979215581998
11 9 40 -0.10855350256326925
11 10 90 -1.894326790775703
11 10 11 -1.8211568005201084
11 10 45 -2.1387966476102194
11 10 95 -0.5622145387148715
11 12 16 -2.722381225306046
11 12 96 -2.2477347178862335
11 12 49 -1.7814192023535176
11 12 117 -2.360873971132488
11 12 54 -2.2856990111488953
11 12 23 -2.0883771461612683
11 12 29 -2.0331483730326463
11 12 15 -2.094357649720897
11 12 63 -2.4505751240423628
11 13 35 -0.5768985285006788
11 13 51 -2.1628592026172435
11 13 101 -1.12896869258936
11 14 13 -0.33073616466761724
11 14 79 -1.2672487697169952
11 15 112 -0.786145223753438
11 15 85 -1.4838749185767264
11 15 9 -1.1468207439334455
11 16 59 0.0
11 17 39 -1.8427517014698103
11 17 57 -0.49245257265585785
11 17 127 -1.4675336279372477
11 18 33 -1.5975459865097572
11 18 21 -1.7958301851936491
11 18 103 -0.4594707769668248
11 19 107 -2.044075063432358
11 19 31 -1.1720879029333084
11 19 111 -0.5784257424608418
11 20 75 0.0
11 21 25 0.0
11 22 89 -1.91466731401316
11 22 61 -0.15945405374196722
11 23 7 -0.7162838313832858
11 23 27 -0.6705337515591461
11 24 37 -0.18088080823984862
11 24 105 -1.7989945138109558
11 25 3 -1.6272027567043805
11 25 67 -0.44425392228065796
11 25 109 -1.8188077780027094
11 26 123 -1.5196398824001967
11 26 77 -0.8557900520506488
11 26 125 -1.03208883864167
12 0 48 -0.20910632596250814
12 0 126 -1.6676443521160793
12 1 100 -0.2202575777360856
12 1 69 -3.2530013086445235
12 1 62 -1.8386631858315206
12 2 82 -0.7513293507592776
12 2 124 -0.6381648543105266
12 3 64 -1.1040220929828157
12 3 18 -1.5107698543683836
12 3 4 -1.1509639016844082
12 3 10 -2.029559544934493
12 4 22 -0.4385163203654642
12 4 87 -1.0356168531452459
12 5 70 0.0
12 6 2 -1.6112286049802094
12 6 50 -1.8762941913373237
12 6 121 -1.3157503066267475
12 6 14 -0.9704084512856976
12 7 0 -0.41968535048622135
12 7 92 -1.070764439970519
12 8 42 -0.9596679351567196
12 8 110 -0.482918755368022
12 9 119 -2.026490395699268
12 9 73 -1.0993063179170055
12 9 106 -2.1395682835176495
12 9 28 -1.815081594403847
12 9 94 -1.898883112009738
12 9 47 -2.2553711313422453
12 10 81 -1.4156518126051922
12 10 99 -2.0972786109561774
12 10 116 -1.7826126594864882
12 10 38 -2.6177342658863214
12 10 24 -1.4431184984558756
12 10 108 -2.2672720878421853
12 10 45 -2.9282237090763483
12 11 41 -0.11727180346248586
12 11 91 -2.201323871134681
12 13 35 0.0
12 14 13 -0.7328685194475222
12 14 79 -0.654943533590602
12 15 112 -1.286917833347064
12 15 53 -1.367243198670321
12 15 85 -3.122467993939971
12 15 55 -0.9590444458344559
12 15 9 -3.175726054633927
12 16 36 -0.8297925914748315
12 16 59 -0.5729488171186446
12 17 57 0.0
12 18 33 -1.5515084035948068
12 18 21 -1.6076835469801325
12 18 103 -0.5315033428825255
12 19 31 0.0
12 20 75 0.0
12 21 17 -0.6846309588092396
12 21 115 -0.7017365517462719
12 22 97 -1.2524913001872602
12 22 89 -2.820412097400982
12 22 61 -0.42369012961772656
12 23 7 -0.7135410298869592
12 23 27 -0.6731609414271724
12 24 105 0.0
12 25 67 0.0
12 26 123 -0.9021931275618006
12 26 77 -0.5203356639568985
13 0 48 -0.7074049707166566
13 0 68 -1.0155517464494495
13 0 126 -1.9318785666255225
13 1 100 -0.10674143872854681
13 1 62 -2.2902418548376953
13 2 82 -0.6408526873896355
13 2 124 -0.7483280218410614
13 3 64 -1.0449919009010766
13 3 18 -1.5428904543465607
13 3 4 -1.2608519322564387
13 3 10 -1.8896114479322799
13 4 22 -0.8813665804957523
13 4 87 -0.5348049511296846
13 5 70 0.0
13 6 2 -1.7450145101819032
13 6 50 -1.7450854471464072
13 6 84 -1.8660636407334557
13 6 121 -1.2516777624291755
13 6 14 -1.560783843183251
13 7 0 -0.43887024802864694
13 7 92 -1.0349741424119552
13 8 42 -1.0108334864551667
13 8 110 -0.4524239170098247
13 9 119 -2.069837441353698
13 9 73 -1.1569797775358588
13 9 106 -2.1162349734050006
13 9 28 -2.0369166644010193
13 9 94 -1.865945803920977
13 9 47 -1.872786058548092
13 10 81 -1.6503487137248323
13 10 99 -2.1017746005213938
13 10 116 -2.094624331766885
13 10 38 -2.648319843061062
13 10 8 -2.0735243754854573
13 10 24 -1.5128678822477808
13 10 108 -2.4199244572572836
13 10 45 -2.8656918446376918
13 11 41 -0.1654047224080156
13 11 91 -1.8809226195899045
13 12 34 0.0
13 14 13 -0.7346548436595516
13 14 79 -0.6532939595781968
13 15 112 -1.2538588832498412
13 15 53 -0.7363440864283476
13 15 55 -1.4450373731662276
13 16 36 -0.805773271073204
13 16 59 -0.5919314547456896
13 17 57 0.0
13 18 33 -1.3806075149765256
13 18 21 -1.4364282858339872
13 18 103 -0.6717796444759276
13 19 31 0.0
13 20 75 0.0
13 21 17 -1.3373761854749915
13 21 115 -0.30453475812930464
13 22 97 -1.583526117637151
13 22 89 -2.3345947236037063
13 22 61 -0.3596791810753442
13 23 7 -0.6919756589049381
13 23 27 -0.6943200762878544
13 24 105 0.0
13 25 67 0.0
13 26 123 -0.4442034862782424
13 26 77 -1.0253662080601933
14 0 80 -0.6551710091758512
14 0 46 -0.7326226670768514
14 1 98 -1.4209129797627293
14 1 114 -1.5966049843344383
14 1 52 -1.15732253090363
14 1 69 -1.4204851301022772
14 2 82 0.0
14 3 64 -1.4376793370673497
14 3 18 -1.4254773037524062
14 3 4 -1.1485388047964273
14 3 10 -1.5846072475807353
14 4 118 -0.8376278904299174
14 4 87 -0.5669301290173856
14 5 70 0.0
14 6 72 -0.9931243199153703
14 6 88 -1.657844616153809
14 6 121 -1.241362414512558
14 6 44 -1.8968336787342632
14 7 0 -0.7492444816971849
14 7 92 -0.640030331276073
14 8 42 -1.0368454539407521
14 8 110 -0.43784073558683395
14 9 12 0.0
14 10 78 -0.04764827780498109
14 10 95 -3.067638334564241
14 11 41 -0.24695769920995228
14 11 91 -1.5194771840960706
14 12 16 -2.4626647957320547
14 12 96 -1.989671355271042
14 12 49 -2.4371834155587835
14 12 117 -2.183690092152952
14 12 54 -2.1827906632849965
14 12 23 -2.269039839894092
14 12 29 -2.0231586318524215
14 12 15 -2.134057909800957
14 12 63 -2.1956238986492673
14 13 35 -0.8361399577963008
14 13 51 -1.3159196878231212
14 13 101 -1.2093461778032384
14 15 112 -0.918302646342142
14 15 85 -1.3232653429686316
14 15 9 -1.0950002581940856
14 16 36 -0.8271637068516573
14 16 59 -0.5749869813650992
14 17 39 -1.4965841735143934
14 17 57 -0.5775938191604998
14 17 127 -1.5377725477515871
14 18 33 -1.1357024992747307
14 18 21 -1.318529197424958
14 18 103 -0.888492935992615
14 19 107 -1.483627251975921
14 19 31 -0.2572349720864924
14 20 75 0.0
14 21 25 0.0
14 22 61 0.0
14 23 7 -0.6405353786479642
14 23 27 -0.7486814520196722
14 24 105 0.0
14 25 3 -1.407081655490338
14 25 67 -0.7203477156889666
14 25 109 -1.3146803752734266
14 26 123 -1.3522736855816306
14 26 77 -1.2119023651794743
14 26 125 -0.8125661389726194
15 0 80 -0.7294516976972367
15 0 68 -0.6581146377762072
15 1 114 -0.5753906540374529
15 1 52 -0.8266444910448787
15 2 82 -1.0798283398963189
15 2 124 -0.41499107487903086
15 3 64 -1.221095193637134
15 3 18 -1.403350149404502
15 3 4 -1.115375281830817
15 3 10 -2.028531421435338
15 4 22 -0.9090545022159949
15 4 87 -0.5156790321442013
15 5 70 0.0
15 6 50 -2.40498164815549
15 6 84 -2.3803895901798215
15 6 72 -1.764585699155959
15 6 88 -2.8245637582154366
15 6 121 -0.9977394750762666
15 6 44 -2.97244775280784
15 6 14 -1.7913424031698049
15 7 0 -0.4812515583411619
15 7 92 -0.9623593636627849
15 8 110 0.0
15 9 119 -1.9187006012344618
15 9 106 -2.0955324188880105
15 9 43 -1.8268060891069278
15 9 28 -1.6390801957213514
15 9 94 -1.9936055670294435
15 9 47 -1.4316727743135995
15 10 99 -1.803323698856649
15 10 8 -1.1657589840694629
15 10 24 -0.6470967737815086
15 11 41 -0.11701743356469603
15 11 91 -2.2033705873406353
15 12 16 -1.2144575254900163
15 12 96 -2.835952586947321
15 12 49 -3.4966414324348403
15 12 117 -3.0283673057988962
15 12 54 -1.2868332988669338
15 12 76 -1.909126038965495
15 12 63 -1.956027593687935
15 13 35 -1.724490363953477
15 13 101 -0.19633595532381082
15 14 13 -0.671850305432928
15 14 79 -0.7149075003986013
15 16 36 -0.8679762124354944
15 16 59 -0.5443828842261867
15 17 39 -2.2160772096291064
15 17 57 -0.2103601462526287
15 17 127 -2.5173682647870126
15 18 33 -1.3869275649452497
15 18 21 -1.5991544312081343
15 18 103 -0.6013140509453053
15 19 31 0.0
15 20 75 0.0
15 21 113 0.0
15 22 61 0.0
15 23 7 -0.7097208300171557
15 23 27 -0.6768437446193551
15 24 105 0.0
15 25 3 -1.8920250209642142
15 25 67 -0.33684548381035084
15 25 109 -2.000891790600551
15 26 123 0.0
16 0 80 -0.9689249455667099
16 0 120 -1.2867679060302357
16 0 46 -1.0661045832444362
16 1 98 -1.62544678793535
16 1 114 -1.5820231941808989
16 1 52 -1.160816747603798
16 1 69 -1.2574184318548094
16 2 82 0.0
16 3 58 0.0
16 4 118 -1.2881288874753454
16 4 87 -0.32266880288707
16 5 5 -1.712473893094706
16 5 70 -0.19896192655857145
16 6 72 -0.12379831916912899
16 6 44 -2.150362152606348
16 7 0 -0.5738712896245928
16 7 92 -0.8286012390766874
16 8 42 0.0
16 9 32 -2.3447002884966213
16 9 19 -1.815741117070264
16 9 40 -0.29920582198716494
16 10 20 -1.9206367480352795
16 10 104 -0.4552199367610916
16 10 90 -2.810692154534483
16 10 11 -2.3084821933892017
16 10 95 -2.82005685347504
16 11 65 0.0
16 12 16 -2.3801269535862057
16 12 96 -2.1589296357078083
16 12 49 -2.1902204718560703
16 12 117 -2.237112227884108
16 12 54 -2.1823139368123523
16 12 23 -2.106362426585686
16 12 29 -2.013936492208483
16 12 15 -2.1825040549716332
16 12 63 -2.3786785565924387
16 13 35 -0.6144229361734633
16 13 51 -1.9768936865182283
16 13 101 -1.1377224994702964
16 14 13 -0.6402313734417606
16 14 79 -0.7490202866998406
16 15 112 -0.7780150743593713
16 15 85 -1.5746879512589436
16 15 9 -1.0977795634783278
16 17 39 -1.7961564228804459
16 17 57 -0.4582381234649003
16 17 127 -1.6011340825682172
16 18 103 0.0
16 19 107 -2.307719686254346
16 19 31 -0.579751706482702
16 19 111 -1.077414339943107
16 20 75 0.0
16 21 25 0.0
16 22 89 -1.7772573081588885
16 22 61 -0.18524739841447616
16 23 7 -0.6889578864601158
16 23 27 -0.6973540987030137
16 24 37 0.0
16 25 3 -1.7586148532594703
16 25 67 -0.4099321689040969
16 25 109 -1.8077583969469757
16 26 123 -1.4969928022687107
16 26 77 -1.0864114020942657
16 26 125 -0.8237739353648594
17 0 48 -0.6140785817600565
17 0 126 -0.7790085599969485
17 1 100 -0.2792446267075246
17 1 69 -2.7820050402230874
17 1 62 -1.7052282480273155
17 2 82 -0.5516996293107272
17 2 124 -0.8579511715974397
17 3 64 -0.8749639119370045
17 3 18 -1.6244120164498401
17 3 4 -1.3654389901309256
17 3 10 -2.0338805457711917
17 4 22 -1.0151070739169878
17 4 87 -0.449987108061258
17 5 70 0.0
17 6 2 -1.2021872000663927
17 6 50 -2.276490396102442
17 6 121 -0.8474432943271327
17 6 14 -1.7819422870180344
17 7 0 -0.39780668948488657
17 7 92 -1.1141073582343735
17 8 42 -1.0831982208119784
17 8 110 -0.41326216497723045
17 9 119 -2.0692585224432696
17 9 73 -1.1663361063793654
17 9 106 -2.122560203211999
17 9 28 -2.00937579064464
17 9 94 -2.038283671553944
17 9 47 -1.7250434362955605
17 10 81 -1.960765097692362
17 10 99 -2.13544978359112
17 10 116 -2.0452057890373343
17 10 38 -1.766560171777402
17 10 24 -1.569468132234486
17 10 108 -1.7709772152371566
17 10 45 -2.7731980857405882
17 11 41 -0.12591628407837804
17 11 91 -2.1344356129530277
17 12 56 0.0
17 13 35 0.0
17 14 13 -0.7712245048281061
17 14 79 -0.6207269026503872
17 15 112 -0.748674131878074
17 15 53 -1.5078459794913126
17 15 85 -3.0909423683550665
17 15 55 -1.5627276410685131
17 15 9 -2.9838505562339623
17 16 36 -0.7572350283686874
17 16 59 -0.6329203804205125
17 18 33 -1.6671575319216287
17 18 21 -1.621907143029945
17 18 103 -0.48825648487599993
17 19 31 0.0
17 20 75 0.0
17 21 17 -0.8206538969150677
17 21 115 -0.5800752277513413
17 22 97 -2.126132770737342
17 22 89 -2.6207083533733897
17 22 61 -0.21325394709104836
17 23 7 -0.7050341962717414
17 23 27 -0.6813998076791359
17 24 105 0.0
17 25 67 0.0
17 26 123 -0.4171688889317927
17 26 77 -1.0756078162918072
18 0 80 -0.8955520433733757
18 0 120 -1.4134020756060202
18 0 46 -1.054680169400153
18 1 98 -1.4901904987974477
18 1 114 -1.628115226243914
18 1 52 -1.1609059438944935
18 1 69 -1.327388826544761
18 2 82 0.0
18 3 58 0.0
18 4 118 -1.0701369306988893
18 4 87 -0.4200127420244576
18 5 5 -1.459487620022121
18 5 70 -0.26442828105326155
18 6 72 -0.17631332362249785
18 6 44 -1.8223543498702852
18 7 0 -0.6010412935208206
18 7 92 -0.794605230808729
18 8 42 0.0
18 9 32 -1.4367184761381915
18 9 19 -1.7582701269343315
18 9 40 -0.527716232016554
18 10 20 -1.4555328212871899
18 10 104 -0.6361325890957394
18 10 90 -2.5732853170377865
18 10 11 -2.240820496849202
18 10 95 -2.905295240637816
18 11 65 0.0
18 12 16 -2.4352743990812
18 12 96 -2.0327171234594705
18 12 49 -2.3300151946041425
18 12 117 -2.2386504701893943
18 12 54 -2.1875601265240525
18 12 23 -2.1356334974258044
18 12 29 -2.0652324514835887
18 12 15 -2.23539888154349
18 12 63 -2.1763713012222308
18 13 35 -0.6953095206299099
18 13 51 -1.6301598122105911
18 13 101 -1.1868478199664523
18 14 13 -0.6528418493112114
18 14 79 -0.7351455070693664
18 15 112 -0.8902960150471491
18 15 85 -1.344425379027322
18 15 9 -1.1123776163320762
18 16 102 0.0
18 17 39 -1.7309230924736267
18 17 57 -0.48001914868049894
18 17 127 -1.5891078684045365
18 19 107 -1.9374979165139783
18 19 31 -0.5968979999677283
18 19 111 -1.1860695360082025
18 20 75 0.0
18 21 25 0.0
18 22 89 -1.4122047775192816
18 22 61 -0.27919233843222685
18 23 7 -0.6530427469746766
18 23 27 -0.7349274209981401
18 24 37 0.0
18 25 3 -1.7195195507745686
18 25 67 -0.4715947524860525
18 25 109 -1.6253566431640256
18 26 123 -1.484048564008517
18 26 77 -1.0279872143015238
18 26 125 -0.8781383979795581
19 0 80 0.0
19 1 98 -1.6504654347517032
19 1 114 -1.604230135166042
19 1 52 -1.092703685428525
19 1 69 -1.303106498060072
19 2 82 0.0
19 3 64 -0.7092572043241469
19 3 18 -1.841530897479237
19 3 4 -1.4309031180214542
19 3 10 -2.2043419352797993
19 4 118 -0.9815787597273697
19 4 87 -0.4695541947131796
19 5 70 0.0
19 6 72 -0.724370088365133
19 6 88 -2.5863567282229947
19 6 121 -1.0685646365795858
19 6 44 -2.337433470634372
19 7 0 -0.2850632148318735
19 7 92 -1.3941923376574754
19 8 110 0.0
19 9 106 -2.020652659982627
19 9 43 -0.49886990393828945
19 9 94 -1.6480192956160733
19 9 47 -2.6914302681671365
19 10 30 0.0
19 11 41 -0.0794159055452474
19 11 91 -2.572501788725944
19 12 16 -2.1568536189278924
19 12 96 -2.12734004796404
19 12 49 -2.4090506737727178
19 12 117 -2.185933152246172
19 12 54 -2.184975693025777
19 12 23 -2.1485357645525776
19 12 29 -2.071323969975461
19 12 15 -2.110953124316234
19 12 63 -2.4463676097602756
19 13 35 -0.5836895123897914
19 13 51 -2.3665146484130113
19 13 101 -1.0545289805407512
19 14 13 -0.8616469978133267
19 14 79 -0.5489874598445041
19 15 112 -0.7089446334846827
19 15 85 -2.1021175366765856
19 15 9 -0.9528528874138495
19 16 36 -0.7132212187748296
19 16 59 -0.6734681921157941
19 17 39 -1.7444105219148744
19 17 57 -0.38267817835422635
19 17 127 -1.943375641827289
19 18 33 -1.8197390024110265
19 18 21 -1.5621578721582527
19 18 103 -0.46481894592651796
19 20 75 0.0
19 21 25 0.0
19 22 61 0.0
19 23 7 -0.7285600471883986
19 23 27 -0.6589456117757884
19 24 105 0.0
19 25 3 -1.6532514380183712
19 25 67 -0.44966216867370096
19 25 109 -1.767672404342909
19 26 123 -1.4070164034722648
19 26 77 -1.7209702737435029
19 26 125 -0.5512402098679675
20 0 120 0.0
20 1 98 -1.1553286645304368
20 1 69 -0.3782692979819756
20 2 82 0.0
20 3 64 -1.2282736374466612
20 3 18 -1.4940014079347874
20 3 4 -1.1761888734436454
20 3 10 -1.7471053729396526
20 4 118 -1.3325325394564773
20 4 87 -0.3062647452932969
20 5 70 0.0
20 6 74 0.0
20 7 0 -0.6406742793344371
20 7 92 -0.748526710138838
20 8 42 0.0
20 9 73 -0.3427025412006311
20 9 47 -1.2373549429500372
20 10 81 -0.4761519822007277
20 10 45 -1.8756992042783296
20 10 95 -1.4890664354835597
20 11 41 -0.22669424838243024
20 11 91 -1.595359871526766
20 12 96 -1.9779809179552352
20 12 49 -1.7468745043219571
20 12 117 -2.2181196069772784
20 12 23 -1.98860288253704
20 12 29 -1.8999730991343466
20 12 15 -1.7014624678462669
20 12 63 -2.210511741228419
20 13 35 -0.6606923594039299
20 13 51 -1.46857550766214
20 13 101 -1.3733657257820684
20 14 13 -0.7277628634953086
20 14 79 -0.6596897608380518
20 15 112 -1.3386155886141435
20 15 53 -1.681974094049097
20 15 85 -1.7659109896418608
20 15 55 -1.3783526179066716
20 15 9 -2.0497980026720946
20 16 36 -0.9670773606894059
20 16 59 -0.4783464648401812
20 17 39 -1.7605012415101828
20 17 57 -0.5001100908884615
20 17 127 -1.5069830408951845
20 18 33 -1.2913477111336713
20 18 21 -1.3841305398572443
20 18 103 -0.7453705672910337
20 19 107 -1.8884385228498592
20 19 31 -0.7480712436064644
20 19 111 -0.9797269280560419
20 21 17 -0.7181826612959858
20 21 115 -1.125427822742821
20 21 25 -1.6721182001990804
20 22 89 -1.1064128908733704
20 22 61 -0.4015875074958939
20 23 7 -0.3600026356538387
20 23 27 -1.19625098525722
20 24 105 0.0
20 25 3 -1.2067444139840688
20 25 67 -0.6460126423288273
20 25 109 -1.7333085993690442
20 26 123 -0.9364806009307345
20 26 77 -1.1048583089719697
20 26 125 -1.2846871323477371
21 0 80 -0.7615968912939729
21 0 68 -0.6290841672132935
21 1 114 -0.3890188211910433
21 1 52 -1.1323392450038705
21 2 82 -1.1659990599098444
21 2 124 -0.37340146727892326
21 3 64 -1.213720130453569
21 3 18 -1.4073905682494101
21 3 4 -1.1206534297436894
21 3 10 -2.0244827185230427
21 4 22 -0.9465761797855751
21 4 87 -0.4911331734085092
21 5 70 0.0
21 6 50 -2.414396424395624
21 6 84 -2.3933962726011786
21 6 72 -1.7675741693901772
21 6 88 -2.8320509530641895
21 6 121 -0.9644217621694614
21 6 44 -2.9729090095023953
21 6 14 -1.849834378760873
21 7 0 -0.47136100611557846
21 7 92 -0.978571044600483
21 8 110 0.0
21 9 119 -1.9187819738929928
21 9 106 -2.08728994080466
21 9 43 -1.8105448296402817
21 9 28 -1.7030405074089037
21 9 94 -1.9740107918658518
21 9 47 -1.4081351047180326
21 10 99 -1.8021168017753193
21 10 8 -1.2115166648925584
21 10 24 -0.621188836143005
21 11 41 -0.11727812816509191
21 11 91 -2.2012730411461963
21 12 16 -0.9676215784622353
21 12 96 -2.715434433420062
21 12 49 -3.4244743347590982
21 12 117 -2.8933752909597144
21 12 54 -1.196467959881552
21 12 63 -1.8101914355054112
21 13 35 -1.8437558032539771
21 13 101 -0.17223902617743858
21 14 13 -0.6805379669662329
21 14 79 -0.7059174189782195
21 15 112 0.0
21 16 36 -0.849841128769718
21 16 59 -0.5577125724379601
21 17 39 -2.037141998592051
21 17 57 -0.24977226735746863
21 17 127 -2.4010695949357372
21 18 33 -1.3928428689496755
21 18 21 -1.5888988098961139
21 18 103 -0.6024266407265186
21 19 31 0.0
21 20 75 0.0
21 22 61 0.0
21 23 7 -0.7096559317876968
21 23 27 -0.6769065478871855
21 24 105 0.0
21 25 3 -1.8749088903310063
21 25 67 -0.3530300905262839
21 25 109 -1.9374212287669454
21 26 123 -0.1318922936553366
21 26 77 -2.0909910827832023
22 0 80 0.0
22 1 98 -1.4348218930770356
22 1 114 -1.4960750212354836
22 1 52 -1.1239717086255008
22 1 69 -1.5471765904005976
22 2 82 0.0
22 3 64 -0.8997091022529211
22 3 18 -1.7180389444284185
22 3 4 -1.34896618438702
22 3 10 -1.8682993457929944
22 4 87 0.0
22 5 70 0.0
22 6 72 -1.1135985824461863
22 6 88 -2.236473520917029
22 6 121 -0.7799659008642721
22 6 44 -2.240844678992785
22 7 0 -0.18211914556305353
22 7 92 -1.7927721403936436
22 8 110 0.0
22 9 119 -2.2827906675028253
22 9 106 -1.9013503678526715
22 9 43 -1.2334801023845947
22 9 94 -1.2462174650742555
22 9 47 -1.7733321829401414
22 10 60 0.0
22 11 41 -0.12426578127994892
22 11 91 -2.146822167157281
22 12 16 -2.1280910946455105
22 12 96 -1.8891713374731334
22 12 49 -2.647413401097884
22 12 117 -1.907049288409052
22 12 54 -2.2085874674017973
22 12 23 -2.289155653835788
22 12 29 -2.217829970494649
22 12 15 -2.2336165621999884
22 12 63 -2.486587175570473
22 13 35 -0.6271451657716282
22 13 51 -2.132637176433068
22 13 101 -1.057389964288142
22 14 13 -1.2288880837687568
22 14 79 -0.34618411321070314
22 15 112 -0.7145647951972307
22 15 85 -2.0894045951770837
22 15 9 -0.9497592528810852
22 16 36 -0.3650448494689062
22 16 59 -1.1847112293363435
22 17 39 -1.6590981551098025
22 17 57 -0.3670233658998784
22 17 127 -2.1464705464796716
22 18 33 -1.8200133447578077
22 18 21 -1.223585367085435
22 18 103 -0.6091684920344456
22 19 31 0.0
22 20 75 0.0
22 21 25 0.0
22 23 7 -0.7202783641216279
22 23 27 -0.6667326960275011
22 24 105 0.0
22 25 3 -1.7921908139235574
22 25 67 -0.40569638088371884
22 25 109 -1.7904041522691279
22 26 123 -1.3995000060681604
22 26 77 -1.768355596239805
22 26 125 -0.5401404814763465
23 0 120 0.0
23 1 98 -1.138263495520926
23 1 69 -0.3862139143797071
23 2 82 0.0
23 3 64 -1.2784839909698724
23 3 18 -1.4775442089006925
23 3 4 -1.1672387494028544
23 3 10 -1.703098581327403
23 4 118 -1.3033741115300503
23 4 87 -0.31692386316145355
23 5 70 0.0
23 6 26 -0.5381731802566677
23 6 74 -0.8766225260084107
23 7 0 -0.6469950540064565
23 7 92 -0.741532822998961
23 8 42 0.0
23 9 73 -0.3610945931279371
23 9 47 -1.193735624061685
23 10 81 -0.49397095601278124
23 10 45 -1.8515444159942822
23 10 95 -1.4575455789359013
23 11 41 -0.24405673342110568
23 11 91 -1.5299023437485035
23 12 96 -1.9835217004810377
23 12 49 -1.7584566978745368
23 12 117 -2.224225502634503
23 12 23 -1.98285080665608
23 12 29 -1.9180816482851513
23 12 15 -1.6855466183793526
23 12 63 -2.188839942967509
23 13 35 -0.6632415824748317
23 13 51 -1.4305921019041097
23 13 101 -1.4038308290670387
23 14 13 -0.7366722958879537
23 14 79 -0.651437747763422
23 15 112 -1.3866671655084881
23 15 53 -1.7167770933359032
23 15 85 -1.733011516608385
23 15 55 -1.3175387274282175
23 15 9 -2.072235021927335
23 16 36 -0.9572850216685101
23 16 59 -0.4844009256210614
23 17 39 -1.7815357083608971
23 17 57 -0.4883746240518503
23 17 127 -1.5232708542044988
23 18 33 -1.288936084463341
23 18 21 -1.3815333227740947
23 18 103 -0.7481460718282894
23 19 107 -1.82405822032999
23 19 31 -0.7667522619460853
23 19 111 -0.9832022133266185
23 20 6 0.0
23 21 17 -0.6952682628999094
23 21 115 -1.1601506060572049
23 21 25 -1.6733342627557433
23 22 89 -1.087174292120254
23 22 61 -0.41123354386234073
23 24 105 0.0
23 25 3 -1.1904849944595306
23 25 67 -0.65127876146209
23 25 109 -1.7455577126905484
23 26 123 -0.936003301612392
23 26 77 -1.0838887539834592
23 26 125 -1.3110743444743103
24 0 80 0.0
24 1 98 -1.423572671221209
24 1 114 -1.5639557456390232
24 1 52 -1.0633744271297785
24 1 69 -1.5869289113711025
24 2 82 0.0
24 3 10 -1.8660071080801952
24 3 58 -0.16811135113891307
24 4 87 0.0
24 5 5 -0.45055556875740327
24 5 70 -1.0141075609517345
24 6 72 -0.8608465750429976
24 6 88 -1.7935722969051433
24 6 121 -1.2444941705362578
24 6 44 -2.09764943865554
24 7 0 -0.3516259057469404
24 7 92 -1.2158539877011556
24 8 110 0.0
24 9 19 -0.9454213005541715
24 9 119 -2.3985678868649063
24 9 106 -1.8397469575170515
24 9 43 -1.5348439326962238
24 9 94 -2.5568609463730785
24 9 47 -2.6774028086770225
24 10 104 0.0
24 11 65 -0.3866342660729955
24 11 41 -1.6200893543251447
24 11 91 -2.097365408931695
24 12 16 -2.3617554312074667
24 12 96 -1.999640588250772
24 12 49 -2.7168044454005593
24 12 117 -2.1395308471643695
24 12 54 -2.168153154668823
24 12 23 -2.133222173956157
24 12 29 -1.9829478797295443
24 12 15 -2.089800578058489
24 12 63 -2.382196753854981
24 13 35 -0.7117365986019364
24 13 51 -1.597924696270116
24 13 101 -1.1812564502898197
24 14 13 -0.770230708503763
24 14 79 -0.6215826365425282
24 15 112 -0.819927315808568
24 15 85 -1.5759231711175545
24 15 9 -1.0420813207148454
24 16 36 0.0
24 17 39 -1.6539373067184722
24 17 57 -0.39520960351458995
24 17 127 -2.0012522494619267
24 18 33 -1.2218450099896057
24 18 21 -1.3329339155495232
24 18 103 -0.8173245412215453
24 19 31 0.0
24 20 75 0.0
24 21 25 0.0
24 22 61 0.0
24 23 7 -0.6808121726160777
24 23 27 -0.7056362431679908
24 25 3 -1.5687625047299614
24 25 67 -0.5215207486903978
24 25 109 -1.6190838623629824
24 26 123 -1.4363599284561062
24 26 77 -1.520906534892802
24 26 125 -0.6093677175604174
25 0 48 -0.6225163663575123
25 0 126 -0.7691484263753419
25 1 100 -0.29066374240226195
25 1 69 -2.715530255420104
25 1 62 -1.6816696029904024
25 2 82 -0.5531847090908093
25 2 124 -0.85593747814703
25 3 64 -0.8837911381328776
25 3 18 -1.6262870110049368
25 3 4 -1.3544844898061852
25 3 10 -2.0245905684353738
25 4 22 -0.9748467289043726
25 4 87 -0.47361039891324147
25 5 70 0.0
25 6 2 -1.1344553038026564
25 6 50 -2.137811715874324
25 6 121 -0.9414422939141731
25 6 14 -1.7694580541107352
25 7 0 -0.4050765919183753
25 7 92 -1.0993897741756105
25 8 42 -1.0672281422818193
25 8 110 -0.42153444175584737
25 9 119 -2.055901325337871
25 9 73 -1.1457342093645073
25 9 106 -2.1165420289915406
25 9 28 -2.0203564897367703
25 9 94 -2.016231406092804
25 9 47 -1.7848616564518665
25 10 81 -1.9945960164938459
25 10 99 -2.1274663418085007
25 10 116 -2.0503498759048355
25 10 38 -1.7612930538731022
25 10 24 -1.5798576053126057
25 10 108 -1.7408965699018397
25 10 45 -2.7660077151178437
25 11 41 -0.12917240574487104
25 11 91 -2.1104983581861365
25 12 56 0.0
25 13 35 0.0
25 14 13 -0.7714172431194386
25 14 79 -0.6205611235130069
25 15 112 -0.7884284903314766
25 15 53 -1.511461671758389
25 15 85 -2.845629485768124
25 15 55 -1.5439631804591973
25 15 9 -2.933259550199203
25 16 36 -0.7703744553517665
25 16 59 -0.6214587616816075
25 17 66 0.0
25 18 33 -1.5869058388569417
25 18 21 -1.5651244514921299
25 18 103 -0.5337864869091071
25 19 31 0.0
25 20 75 0.0
25 21 17 -0.8197718254718561
25 21 115 -0.5807692350218181
25 22 97 -2.0932848760744367
25 22 89 -2.572672689230473
25 22 61 -0.22265962880009404
25 23 7 -0.6982949205244614
25 23 27 -0.6880258041672788
25 24 105 0.0
25 26 123 -0.42958788496223316
25 26 77 -1.0520452639912956
26 0 48 -0.9973275523703738
26 0 80 -0.8999654723831824
26 0 68 -1.4936461577981481
26 1 114 -0.5724015674780656
26 1 52 -0.8305005435822044
26 2 124 0.0
26 3 64 -1.2145400836340017
26 3 18 -1.4222479093273372
26 3 4 -1.2112561546139256
26 3 10 -1.8069180793931197
26 4 22 -0.8109484522692773
26 4 87 -0.5877720762991951
26 5 70 0.0
26 6 50 -2.061204818367768
26 6 84 -2.2168198760039233
26 6 72 -1.787525722199941
26 6 88 -2.2864819398111917
26 6 121 -1.2956304884461178
26 6 44 -2.4852391296618497
26 6 14 -1.982558424219966
26 7 0 -0.49350529608219773
26 7 92 -0.9428470413370015
26 8 110 0.0
26 9 119 -1.959178479117301
26 9 106 -1.995296790654506
26 9 43 -1.788789528280539
26 9 28 -1.7999919847108086
26 9 94 -1.6452047715617368
26 9 47 -1.6214251140948726
26 10 99 -2.442778912445845
26 10 83 -0.4326151196912553
26 10 8 -2.121186902724831
26 10 24 -1.9352953493142646
26 11 41 -0.18207397328281005
26 11 91 -1.7929983070832498
26 12 16 -1.555650481376887
26 12 117 -2.2357292166394447
26 12 54 -1.5762136330741945
26 12 76 -1.0965380397986106
26 12 63 -1.9572106804741192
26 13 35 -1.3947943564713223
26 13 101 -0.28486472074090996
26 14 13 -0.6766102154360918
26 14 79 -0.709962221879278
26 15 122 0.0
26 16 36 -0.6573344605737631
26 16 59 -0.7302902420651294
26 17 39 -1.686666272575093
26 17 57 -0.38596263632480327
26 17 127 -2.0019740596342888
26 18 33 -1.2273862869118894
26 18 21 -1.3808564459359505
26 18 103 -0.7861855439563227
26 19 31 0.0
26 20 75 0.0
26 21 113 0.0
26 22 97 -1.1244012609347682
26 22 61 -0.3928158103839599
26 23 7 -0.6839187242145809
26 23 27 -0.7024615951898326
26 24 105 0.0
26 25 3 -1.7082826330306788
26 25 67 -0.46975110724046426
26 25 109 -1.641622930998471
