0 1 32 -0.7990857713880439
0 1 2 -2.259672453793243
0 1 68 -0.8077157635476451
0 2 0 0.0
0 3 44 0.0
0 4 52 -0.8522116467194555
0 4 37 -1.10623832659127
0 4 54 -1.4158124631858382
0 5 65 -4.849467619598568
0 5 5 -0.00786338184387871
0 6 27 0.0
0 7 30 -0.7069675803081465
0 7 62 -0.6795151834194791
0 8 6 -0.3524656912427662
0 8 11 -1.213863849264493
0 9 59 0.0
0 10 35 -2.7422902104126066
0 10 61 -0.066591439114786
0 11 16 0.0
0 12 66 -2.446871003383289
0 12 71 -0.09054198959857616
0 13 18 -1.5262374129669607
0 13 8 -1.147402703900375
0 13 28 -0.7653140281693283
0 14 47 0.0
0 15 23 -2.5868335251804213
0 15 40 -1.049918252455318
0 15 25 -1.2546829667406592
0 15 12 -2.5867985897003534
0 15 15 -1.5401504903065983
0 16 49 0.0
0 17 42 0.0
0 18 57 0.0
0 19 39 0.0
0 20 51 -0.5338118249661368
0 20 21 -0.8827727420100497
1 0 26 0.0
1 2 0 0.0
1 3 64 0.0
1 4 52 -0.6386451914969397
1 4 37 -1.109891836549179
1 4 54 -1.9491286065195301
1 5 5 0.0
1 6 58 0.0
1 7 69 0.0
1 8 6 -0.73155616515971
1 8 11 -0.656159041042795
1 9 50 -0.8743716140111295
1 9 70 -0.5397808978650841
1 10 35 -0.8583444909299612
1 10 20 -1.8820712484998812
1 10 61 -0.8583463858489766
1 11 33 0.0
1 12 17 -0.533673280252381
1 12 31 -0.8829691750327154
1 13 8 -0.20288124135332428
1 13 45 -1.694860664400599
1 14 48 -1.0648585582991283
1 14 22 -1.064859461195827
1 14 47 -1.169741836329134
1 15 25 -0.5249471898215077
1 15 15 -0.8954753953257166
1 16 13 0.0
1 17 29 0.0
1 18 41 -0.645698595170449
1 18 57 -0.7429597683361747
1 19 19 -1.4507120176220043
1 19 39 -0.8388811449205513
1 19 43 -1.0984037442699681
1 20 3 -1.7239707896399086
1 20 67 -0.8199648131032111
1 20 63 -0.9644407502835209
2 0 26 0.0
2 1 4 0.0
2 3 64 0.0
2 4 37 0.0
2 5 1 0.0
2 6 58 0.0
2 7 69 0.0
2 8 53 -0.32314343890603536
2 8 11 -1.286883566875729
2 9 50 -1.0471991398538438
2 9 38 -5.314457816031066
2 9 70 -0.4398068872075639
2 10 35 -1.070534580393881
2 10 20 -1.1572741976972296
2 10 61 -1.0705119728686845
2 11 33 0.0
2 12 17 -0.653369935461867
2 12 31 -0.7345724344117452
2 13 45 0.0
2 14 48 -0.9041195219498221
2 14 22 -0.904140958688
2 14 47 -1.6596149080721627
2 15 7 -0.9809280240590795
2 15 55 -1.5825464013624826
2 15 25 -1.2586562333790134
2 15 15 -1.9984123449978306
2 16 13 0.0
2 17 29 0.0
2 18 41 -0.22444955335274205
2 18 57 -1.6042308941580654
2 19 19 -0.7472494543055823
2 19 43 -0.6418223399950532
2 20 3 -1.6259290727575535
2 20 67 -0.5182042198932043
2 20 9 -4.564294827977939
2 20 63 -1.6232081523516688
3 0 26 0.0
3 1 4 0.0
3 2 0 0.0
3 4 52 -0.8949643387446636
3 4 37 -1.68719664312704
3 4 54 -0.9005642787409739
3 5 65 0.0
3 6 58 0.0
3 7 69 -2.786941524481366
3 7 30 -0.6741081887156846
3 7 62 -0.8468114318504242
3 8 6 -0.35037862930128044
3 8 11 -1.2188202327857054
3 9 38 0.0
3 10 35 -0.6932007327518902
3 10 61 -0.693093631235684
3 11 16 -0.47117519692354376
3 11 33 -0.9788796852207259
3 12 66 -0.6046718368431472
3 12 71 -0.7902169541613273
3 13 45 0.0
3 14 22 -0.2121159852965959
3 14 47 -1.6548060322175684
3 15 40 -0.6460952753096002
3 15 25 -1.284179894044391
3 15 15 -1.6142784401386614
3 16 49 -0.5735295346291145
3 16 13 -0.8290423143083205
3 17 29 0.0
3 18 57 0.0
3 19 19 -4.267957198667892
3 19 43 -0.01410944608973849
3 20 3 -2.6415821723395494
3 20 51 -1.5319997781257646
3 20 21 -1.5317682238622288
3 20 9 -0.700181164739334
4 0 26 0.0
4 1 4 0.0
4 2 36 0.0
4 3 64 -0.63060812166544
4 3 56 -0.7598598369714812
4 5 1 -0.8562505294788816
4 5 24 -1.3903967514710684
4 5 10 -1.1200244951440679
4 6 58 0.0
4 7 69 -0.24134012056077533
4 7 14 -1.5397924116872008
4 8 53 0.0
4 9 50 -1.0748831155211835
4 9 38 -1.9725199922023526
4 9 70 -0.6547797515356446
4 10 35 -1.1132994247567451
4 10 20 -1.0698755446374497
4 10 61 -1.113293351798168
4 11 33 0.0
4 12 17 -1.285346687378766
4 12 31 -0.32373032524930195
4 13 45 -0.21211568680647594
4 13 46 -1.6548072954481363
4 14 48 -0.692644058790574
4 14 22 -0.6936505555882567
4 15 7 -0.811511420815066
4 15 55 -0.5873219443158105
4 16 13 0.0
4 17 29 0.0
4 18 41 0.0
4 19 19 -0.7201110328358047
4 19 43 -0.6668913289562411
4 20 3 -1.9277991106374006
4 20 67 -1.0177518300324475
4 20 9 -2.0759439403157147
4 20 63 -1.000521891503489
5 0 26 0.0
5 1 4 0.0
5 2 0 0.0
5 3 64 0.0
5 4 52 -0.6991093388789029
5 4 37 -0.8813090521727598
5 4 54 -2.4221356402088445
5 6 58 0.0
5 7 69 0.0
5 8 6 -0.7906470996827665
5 8 11 -0.6043146765056719
5 9 50 -1.047553169632228
5 9 38 -5.314682989821479
5 9 70 -0.43961235596125253
5 10 35 -1.070656981603328
5 10 20 -1.1569719801875853
5 10 61 -1.07066673751817
5 11 33 0.0
5 12 17 -0.6533893342059754
5 12 31 -0.7345513951435171
5 13 45 0.0
5 14 48 -1.010572355949204
5 14 22 -1.0105744275808495
5 14 47 -1.3020282101332221
5 15 25 -0.46585168043750474
5 15 15 -0.9877877071449095
5 16 13 0.0
5 17 29 0.0
5 18 41 -0.554011952966185
5 18 57 -0.8548188265129782
5 19 19 -0.747333515819048
5 19 43 -0.6417466957119637
5 20 3 -1.6254961213038563
5 20 67 -0.5183697281241549
5 20 9 -4.565179520089226
5 20 63 -1.6230936618644551
6 0 26 0.0
6 1 32 -0.7990854504755824
6 1 2 -2.259729939315186
6 1 68 -0.8077026296782237
6 2 0 0.0
6 3 44 0.0
6 4 52 -0.8521902966209237
6 4 37 -1.1062321476996098
6 4 54 -1.4158583973972299
6 5 65 -4.84945811515807
6 5 5 -0.007863456875897417
6 7 30 -0.7034201868578486
6 7 62 -0.682978636686647
6 8 6 -0.35246556907537063
6 8 11 -1.213864138369672
6 9 59 0.0
6 10 35 -1.1584422398342569
6 10 61 -0.37684105968182363
6 11 16 0.0
6 12 66 -2.447181108810053
6 12 71 -0.09051260667802195
6 13 18 -1.5259045480962423
6 13 8 -1.147400860113349
6 13 28 -0.7654708506659398
6 14 47 0.0
6 15 23 -2.5869069551194497
6 15 40 -1.0498841316758674
6 15 25 -1.2546830767564354
6 15 12 -2.5868829425194715
6 15 15 -1.5401506573020427
6 16 49 0.0
6 17 42 0.0
6 18 57 0.0
6 19 39 0.0
6 20 51 -0.3338180807269264
6 20 21 -1.2594293426845726
7 0 26 0.0
7 1 2 -1.6796462254576683
7 1 68 -0.20633550387819566
7 2 0 0.0
7 3 64 -2.420421625238602
7 3 44 -0.0930852040398989
7 4 52 -0.9430696512708368
7 4 37 -1.1039540469167155
7 4 54 -1.2765007639001624
7 5 5 0.0
7 6 58 0.0
7 8 6 -0.748816027572902
7 8 11 -0.6404146129809618
7 9 50 -0.7116925620431207
7 9 70 -0.6749394773799672
7 10 35 -0.7216397814805792
7 10 20 -2.380328816337037
7 10 61 -0.8638759375933773
7 11 16 -0.7991743417664581
7 11 33 -0.5972918938525501
7 12 31 0.0
7 13 18 -1.5268078085565493
7 13 8 -1.1474231538967052
7 13 28 -0.7650336791593122
7 14 48 -1.2042362885985103
7 14 22 -1.2042381462611633
7 14 47 -0.9158942432620456
7 15 25 -0.6209146513483192
7 15 15 -0.7710063076841408
7 16 13 0.0
7 17 42 0.0
7 18 41 -0.7689294036008001
7 18 57 -0.6227055555937816
7 19 39 0.0
7 20 67 -2.2488297797189807
7 20 63 -0.11151568330481974
8 0 26 0.0
8 1 4 0.0
8 2 36 0.0
8 3 64 -0.6306081343771247
8 3 56 -0.7598598225058822
8 4 52 0.0
8 5 1 -0.8562506944193041
8 5 24 -1.3903980551768922
8 5 10 -1.1200232855685481
8 6 58 0.0
8 7 69 -0.24134012413094572
8 7 14 -1.5397923986074464
8 9 50 -1.074890360730727
8 9 38 -1.9725180257747892
8 9 70 -0.6547755181031296
8 10 35 -1.113298656444083
8 10 20 -1.069877211312024
8 10 61 -1.1132923794765395
8 11 33 0.0
8 12 17 -1.2853467123428557
8 12 31 -0.3237303157061672
8 13 45 -0.21211568506929382
8 13 46 -1.6548073028000152
8 14 48 -0.6926267778759196
8 14 22 -0.6936678542039388
8 15 7 -0.8115113820595944
8 15 55 -0.5873219752877777
8 16 13 0.0
8 17 29 0.0
8 18 41 0.0
8 19 19 -0.7201020658519965
8 19 43 -0.666899831270541
8 20 3 -1.9277993662772581
8 20 67 -1.017750541593772
8 20 9 -2.075944243638085
8 20 63 -1.0005229533157902
9 0 26 0.0
9 1 32 -0.7990853634811392
9 1 2 -2.2597666803083407
9 1 68 -0.8076941167287991
9 2 0 0.0
9 3 44 0.0
9 4 52 -0.8521750128435556
9 4 37 -1.1062276700732507
9 4 54 -1.4158913560021225
9 5 65 -4.849446468872489
9 5 5 -0.007863548817515147
9 6 58 0.0
9 7 30 -0.702690426048767
9 7 62 -0.6836941483562521
9 8 6 -0.3524655455922998
9 8 11 -1.2138641939416113
9 10 35 -0.11893184424572742
9 10 61 -2.188081312973606
9 11 16 0.0
9 12 66 -2.4498239140470166
9 12 71 -0.09026260150672724
9 13 18 -1.5256664142338394
9 13 8 -1.147399864791334
9 13 28 -0.7655828684687687
9 14 47 0.0
9 15 23 -2.5869569056929347
9 15 40 -1.0498607362217822
9 15 25 -1.25468314546739
9 15 12 -2.5869411733291248
9 15 15 -1.5401507860929489
9 16 49 0.0
9 17 42 0.0
9 18 57 0.0
9 19 39 0.0
9 20 51 -0.1686781323153872
9 20 21 -1.862916756624366
10 0 60 0.0
10 1 32 -0.7990861999955038
10 1 2 -2.2596319836802268
10 1 68 -0.8077248059871966
10 2 0 0.0
10 3 44 0.0
10 4 52 -0.8522289107470473
10 4 37 -1.106243670152447
10 4 54 -1.4157748490466568
10 5 65 -4.849470989055112
10 5 5 -0.007863355244155415
10 6 58 -1.4265036577514743
10 6 27 -0.27463040726296856
10 7 30 -0.715339605990556
10 7 62 -0.671436585242418
10 8 6 -0.35246585787532714
10 8 11 -1.213863454934135
10 9 34 0.0
10 11 16 0.0
10 12 66 -2.454863996375305
10 12 71 -0.08978781748988628
10 13 18 -1.526501299833577
10 13 8 -1.147404452965391
10 13 28 -0.7651895614363466
10 14 47 0.0
10 15 23 -2.5867773335087247
10 15 40 -1.0499441663713742
10 15 25 -1.2546828796102931
10 15 12 -2.586734908886397
10 15 15 -1.5401503865673423
10 16 49 0.0
10 17 42 0.0
10 18 57 0.0
10 19 39 0.0
10 20 51 -0.9964737996252888
10 20 21 -0.4607330503351877
11 0 26 0.0
11 1 32 0.0
11 2 0 0.0
11 3 64 0.0
11 4 52 -0.6201886428355008
11 4 37 -1.113850711041938
11 4 54 -2.0109259353361337
11 5 5 0.0
11 6 58 0.0
11 7 69 -0.14109445265690648
11 7 30 -2.028043614575762
11 8 6 -0.7090876497237457
11 8 11 -0.6774568281873364
11 9 70 0.0
11 10 35 -0.6931673642200307
11 10 61 -0.6931269973072322
11 12 17 0.0
11 13 18 -1.6412735242788525
11 13 8 -1.0048896923034583
11 13 28 -1.4345511410132257
11 13 45 -1.5996878196135953
11 14 48 -1.1420827736992982
11 14 22 -1.1420860005048903
11 14 47 -1.016957223079426
11 15 25 -0.5713847443207938
11 15 15 -0.8318183248495925
11 16 13 0.0
11 17 42 0.0
11 18 41 -0.6833565477702932
11 18 57 -0.7030346184036808
11 19 39 0.0
11 20 3 -2.43711539679965
11 20 51 -2.0592885971541266
11 20 67 -2.092035269715442
11 20 21 -2.059023100809945
11 20 63 -0.6273060851390891
12 0 26 0.0
12 1 32 -0.7990942203993199
12 1 2 -2.410133076273192
12 1 68 -0.775528169825834
12 2 0 0.0
12 3 64 -2.177615668448466
12 3 44 -0.12026140757959354
12 4 52 -0.8968083287883766
12 4 37 -1.1462520375516951
12 4 54 -1.2935150476351998
12 5 5 0.0
12 6 58 0.0
12 7 30 0.0
12 8 6 -0.35240016206771496
12 8 11 -1.2140189390066078
12 9 70 0.0
12 10 35 -0.6789571277451673
12 10 61 -0.7075414929038506
12 11 16 0.0
12 13 18 -1.5165773463915053
12 13 8 -1.1473997194534216
12 13 28 -0.7698617802239807
12 14 47 0.0
12 15 23 -1.9619635112567257
12 15 40 -1.0124742213315585
12 15 25 -1.263467521984102
12 15 15 -1.544461378833975
12 16 49 -2.8851501701041324
12 16 13 -0.057466416799774246
12 17 42 0.0
12 18 57 0.0
12 19 39 0.0
12 20 51 -1.755034549595732
12 20 67 -2.9258019869806864
12 20 21 -1.5191553670308302
12 20 63 -0.5895435513340063
13 0 26 0.0
13 1 2 -1.693140605383436
13 1 4 -1.535508595222839
13 1 68 -0.5096381113404698
13 2 0 0.0
13 3 44 0.0
13 4 52 -0.8540638199709312
13 4 37 -1.7836133485375474
13 4 54 -0.9006915777169261
13 5 65 0.0
13 6 58 0.0
13 7 30 -0.7956061264129766
13 7 62 -0.6002172905713964
13 8 6 -0.35038003883410895
13 8 11 -1.2188168736035396
13 9 38 0.0
13 10 35 -0.6931650945675762
13 10 61 -0.6931292668732205
13 11 16 -1.557832643230802
13 11 33 -0.2364719877887173
13 12 66 -0.3969103071749836
13 12 71 -1.1159446251847955
13 14 47 0.0
13 15 23 -2.3495875466567004
13 15 40 -0.7484813000341978
13 15 25 -1.6528301516776673
13 15 12 -2.349579357495193
13 15 15 -1.933849117481098
13 16 49 0.0
13 17 29 0.0
13 18 57 0.0
13 19 19 -5.279468556769603
13 19 43 -0.0051081623245162406
13 20 51 -1.1571449945429468
13 20 21 -1.15708274554783
13 20 9 -0.9909725212857587
14 0 26 0.0
14 1 4 0.0
14 2 0 -0.41630739674906087
14 2 36 -1.077274129369955
14 3 56 -0.1479280512201348
14 3 44 -1.9840816761337148
14 4 54 0.0
14 5 65 -1.1831919321552256
14 5 24 -1.254989340158966
14 5 10 -0.8949656770458229
14 6 58 0.0
14 7 69 -0.7022351682829486
14 7 14 -1.5436937047556516
14 7 30 -1.781374472330057
14 7 62 -2.099430485860819
14 8 53 -0.587325001106062
14 8 6 -0.8115075958418554
14 9 38 0.0
14 10 35 -0.6931619516460584
14 10 61 -0.6931324096920138
14 11 16 -2.1243080095792215
14 11 33 -0.1272831176302371
14 12 66 -0.29911336203151084
14 12 71 -1.3527642298840166
14 13 46 0.0
14 15 23 -0.41769185842915896
14 15 12 -1.0745983310595675
14 16 49 0.0
14 17 29 0.0
14 18 41 0.0
14 19 19 -0.7028556056012708
14 19 43 -0.6835321034996711
14 20 3 -0.3975624521580943
14 20 51 -2.287068595573633
14 20 21 -2.2869967856256284
14 20 9 -2.08016796906108
15 0 26 0.0
15 1 4 0.0
15 2 0 -0.45039277587951726
15 2 36 -1.014393636270641
15 3 56 0.0
15 4 54 0.0
15 5 65 -1.1968271682867972
15 5 24 -1.2544856214162248
15 5 10 -0.885213401044637
15 6 58 0.0
15 7 69 -0.29020192159735514
15 7 14 -1.378772688980955
15 8 53 -0.5873229718091064
15 8 6 -0.8115101351058798
15 9 38 0.0
15 10 35 -0.693149031010086
15 10 61 -0.6931453301132287
15 11 33 0.0
15 12 17 -1.279706736329241
15 12 71 -1.5875654440764568
15 12 31 -0.6588260189394914
15 13 45 -0.23483926001698424
15 13 46 -1.5639767890310172
15 14 48 -2.1481966816216995
15 14 22 -0.12408405140149785
15 16 13 0.0
15 17 29 0.0
15 18 41 0.0
15 19 19 -0.716124752486385
15 19 43 -0.670685740192899
15 20 3 -2.0191173496256294
15 20 51 -2.8343226921621176
15 20 67 -1.611411143595017
15 20 21 -2.833889687929779
15 20 9 -2.8027684279491694
15 20 63 -0.7144982264698692
16 0 26 0.0
16 1 4 0.0
16 2 0 -0.4703463566374604
16 2 36 -0.9802583015898454
16 3 56 -0.2338379783872738
16 3 44 -1.5677684882877496
16 4 54 0.0
16 5 65 -1.1744609252331502
16 5 24 -1.2543819192127266
16 5 10 -0.9019875214348269
16 6 58 0.0
16 7 69 -0.35843033027312726
16 7 14 -1.1998888464412738
16 8 53 -0.5873244691231019
16 8 6 -0.8115082615122547
16 9 38 0.0
16 10 35 -0.6931613918514475
16 10 61 -0.6931329694704012
16 11 33 0.0
16 12 17 -1.4152947555220439
16 12 66 -1.7355534414639004
16 12 71 -2.116628215922051
16 12 31 -0.7756458159013201
16 13 46 0.0
16 14 48 0.0
16 15 23 -1.4827071885204532
16 15 12 -0.25750503243722295
16 17 29 0.0
16 18 41 0.0
16 19 19 -0.7029912871834885
16 19 43 -0.6833990364735608
16 20 3 -1.9089894637029998
16 20 51 -3.0148520293809113
16 20 21 -3.0145728458860814
16 20 9 -3.004005354487793
16 20 63 -0.3508889133949279
17 0 26 0.0
17 1 2 -1.6931440570576948
17 1 4 -1.5354920118093138
17 1 68 -0.5096429993787314
17 2 0 0.0
17 3 44 0.0
17 4 52 -0.8540720411021435
17 4 37 -1.783598485823928
17 4 54 -0.9006891110731989
17 5 65 0.0
17 6 58 0.0
17 7 30 -0.7958054807785767
17 7 62 -0.6000533484431163
17 8 6 -0.35038018179344177
17 8 11 -1.2188165329054226
17 9 38 0.0
17 10 35 -0.6931619427548139
17 10 61 -0.6931324185829959
17 11 16 -1.5578344576751004
17 11 33 -0.23647150374621223
17 12 66 -0.39683079774089997
17 12 71 -1.116107834147361
17 13 28 0.0
17 14 47 0.0
17 15 23 -2.349586165379759
17 15 40 -0.7484841606441645
17 15 25 -1.6528276710508354
17 15 12 -2.349579145399295
17 15 15 -1.9338440948407156
17 16 49 0.0
17 18 57 0.0
17 19 19 -5.789505396874969
17 19 43 -0.003064184861113272
17 20 51 -1.1570990537901633
17 20 21 -1.1570521643361744
17 20 9 -0.9910373327514644
18 0 26 0.0
18 1 4 0.0
18 2 0 -0.8473695551661697
18 2 36 -0.5595620202242143
18 3 56 0.0
18 4 54 0.0
18 5 65 -0.7408231001053124
18 5 24 -0.6476411930826269
18 6 58 0.0
18 7 69 -1.0282241801260406
18 7 14 -1.5400317564089605
18 7 30 -1.5542184081340917
18 7 62 -1.5295658739588904
18 8 53 -0.5881216922543178
18 8 6 -0.810906142380871
18 8 11 -8.648467018024578
18 9 38 0.0
18 10 35 -0.6931704478993271
18 10 61 -0.6931239137619201
18 11 16 -0.6916714065329221
18 11 33 -0.6946251357151959
18 12 66 -0.5506909165850571
18 12 71 -0.859322961995784
18 13 45 -0.2348383765626716
18 13 46 -1.5639801265374107
18 14 48 -1.2912133010261841
18 14 22 -0.32149673038173915
18 15 40 0.0
18 16 13 0.0
18 17 29 0.0
18 19 19 -0.7165631434435111
18 19 43 -0.670267002985677
18 20 3 -1.4016365324523894
18 20 51 -1.4868730028206134
18 20 21 -1.48670716010558
18 20 9 -1.198614595348868
19 0 26 0.0
19 1 32 -1.556241940826125
19 1 2 -1.9277015906785462
19 1 4 -1.7809463220204593
19 1 68 -0.7442049019111334
19 2 0 0.0
19 3 44 0.0
19 4 52 -0.8540645244377296
19 4 37 -1.7836017887810296
19 4 54 -0.9006956204612718
19 5 65 0.0
19 6 58 0.0
19 7 30 -0.8245527641280495
19 7 62 -0.5770206819073624
19 8 6 -0.3503803542308716
19 8 11 -1.218816121955854
19 9 38 0.0
19 10 35 -0.6931811313436403
19 10 61 -0.6931132309288667
19 11 16 0.0
19 12 66 -0.370237578528739
19 12 71 -1.173024180255178
19 13 18 -5.192099691617413
19 13 28 -0.005575835713102737
19 14 47 0.0
19 15 23 -2.3496141157621384
19 15 40 -0.7473956503777476
19 15 25 -1.6528831790079181
19 15 12 -2.349600804983818
19 15 15 -1.9373072297370433
19 16 49 0.0
19 17 42 0.0
19 18 57 0.0
19 20 51 -1.1475474559433148
19 20 21 -1.1474155642327355
19 20 9 -1.0075030382577101
20 0 26 0.0
20 1 2 -1.7771094394930018
20 1 68 -0.18527749475420832
20 2 0 0.0
20 3 44 0.0
20 4 52 -1.034532978817366
20 4 37 -1.1070408032391963
20 4 54 -1.158132870898332
20 5 65 -2.7629416981040653
20 5 5 -0.06518497715645333
20 6 58 0.0
20 7 62 0.0
20 8 6 -0.3524321135312434
20 8 11 -1.2139433143046516
20 9 50 0.0
20 10 35 -1.3911596098819332
20 10 20 -0.4637364539338742
20 10 61 -2.1014084681025262
20 11 16 -0.7994517572574447
20 11 33 -0.5970652495423714
20 12 66 -2.9098205688422234
20 12 71 -0.6779400551412237
20 12 31 -0.8258724443529049
20 13 18 -1.5259255342357008
20 13 8 -1.1473990187278822
20 13 28 -0.7654622973737993
20 14 47 0.0
20 15 23 -2.3926122756487285
20 15 40 -1.146741521530167
20 15 25 -1.2546182917515605
20 15 12 -2.3925987379115043
20 15 15 -1.5400862904261376
20 16 49 0.0
20 17 42 0.0
20 18 57 0.0
20 19 39 0.0
