0 1 32 -0.7988305919825842
0 1 2 -2.278198660931292
0 1 68 -0.8036840519318346
0 2 0 0.0
0 3 44 0.0
0 4 52 -1.018861994437512
0 4 37 -0.9359530451411655
0 4 54 -1.3992475912261155
0 5 65 -8.332615685352966
0 5 5 -2.4057097387731636E-4
0 6 27 0.0
0 7 30 -0.7450526653072724
0 7 62 -0.6438034526266216
0 8 6 -0.6992397427625139
0 8 11 -0.6870915130020848
0 9 59 0.0
0 10 35 -2.238161341049781
0 10 61 -0.11278179124131017
0 11 16 0.0
0 12 66 -1.8215448230590667
0 12 71 -0.1764694852801287
0 13 18 -1.6596495989794073
0 13 8 -0.516098218986214
0 13 28 -1.5466996904361174
0 14 47 0.0
0 15 23 -3.5900937863299083
0 15 40 -1.38525303302113
0 15 25 -0.9385972205009702
0 15 12 -3.589650845813774
0 15 15 -1.1928362551574445
0 16 49 0.0
0 17 42 0.0
0 18 57 0.0
0 19 39 0.0
0 20 51 -0.39876641508000754
0 20 21 -1.1121458139992442
1 0 26 0.0
1 2 0 0.0
1 3 64 0.0
1 4 52 -1.178599980999521
1 4 37 -0.7862210608130191
1 4 54 -1.4408448607351274
1 5 5 0.0
1 6 58 0.0
1 7 69 0.0
1 8 6 -0.9110757408882313
1 8 11 -0.5143174549321751
1 9 50 -1.224652448559058
1 9 70 -0.34794149743153596
1 10 35 -1.0255811294095663
1 10 20 -1.2828393926177744
1 10 61 -1.01015365974673
1 11 33 0.0
1 12 17 -0.8552135370107493
1 12 31 -0.5537198803908645
1 13 8 -2.217879840453944
1 13 45 -0.11523086966139214
1 14 48 -0.7779063128684289
1 14 22 -0.7779065822669611
1 14 47 -2.5100205060085123
1 15 25 -0.6128646088020682
1 15 15 -0.7804421074826393
1 16 13 0.0
1 17 29 0.0
1 18 41 -0.7731389860629738
1 18 57 -0.6190828409004314
1 19 19 -0.8382880270174943
1 19 39 -4.370124713655997
1 19 43 -0.5889671743485646
1 20 3 -1.8459005533593063
1 20 67 -1.4191361038864154
1 20 63 -0.5105023387552288
2 0 26 0.0
2 1 4 0.0
2 3 64 0.0
2 4 37 0.0
2 5 1 0.0
2 6 58 0.0
2 7 69 0.0
2 8 53 -0.6107553872669347
2 8 11 -0.7829418828151232
2 9 50 -1.197140959168643
2 9 38 -8.361182516786146
2 9 70 -0.3599522203045288
2 10 35 -1.2357585133409565
2 10 20 -1.004177913727305
2 10 61 -1.0699079953847674
2 11 33 0.0
2 12 17 -0.675087359665884
2 12 31 -0.7115391666222456
2 13 45 0.0
2 14 48 -0.7498180992564092
2 14 22 -0.749901185729829
2 14 47 -2.8979835419244004
2 15 7 -0.913657841321092
2 15 55 -1.3281004445144964
2 15 25 -1.6342896299783543
2 15 15 -1.9741852123024004
2 16 13 0.0
2 17 29 0.0
2 18 41 -0.4255352134098328
2 18 57 -1.0596415271188384
2 19 19 -0.7258251267226221
2 19 43 -0.6615033779830506
2 20 3 -1.3580996664105494
2 20 67 -0.9680231112608796
2 20 9 -6.362219360586422
2 20 63 -1.0180679501719758
3 0 26 0.0
3 1 4 0.0
3 2 0 0.0
3 4 52 -0.8733115366475924
3 4 37 -1.4455723259116295
3 4 54 -1.0589426245137448
3 5 65 0.0
3 6 58 0.0
3 7 69 -0.27589120569746367
3 7 30 -2.5142256719720404
3 7 62 -1.8314635928616618
3 8 6 -0.37098450721798926
3 8 11 -1.1713592303950564
3 9 38 0.0
3 10 35 -0.70346935025357
3 10 61 -0.6829304704090057
3 11 16 -2.66127837297289
3 11 33 -0.0724189397909106
3 12 66 -0.0789856383651343
3 12 71 -2.5777221214557398
3 13 45 0.0
3 14 22 -0.19496371616515243
3 14 47 -1.7308403826925074
3 15 40 -0.6066812903926855
3 15 25 -1.3728688547919528
3 15 15 -1.6021450531037886
3 16 49 -1.00249383883368
3 16 13 -0.45722664707625027
3 17 29 0.0
3 18 57 0.0
3 19 19 -2.0987616909939
3 19 43 -0.13080159172662484
3 20 3 -0.21670412614508583
3 20 51 -4.257716151551721
3 20 21 -4.134995465801588
3 20 9 -1.8037844347763485
4 0 26 0.0
4 1 4 0.0
4 2 36 0.0
4 3 64 -0.6619244828664456
4 3 56 -0.7253762408455015
4 5 1 -0.6817737466601665
4 5 24 -1.4104148889388137
4 5 10 -1.3853395789304257
4 6 58 0.0
4 7 69 -0.41763937717856664
4 7 14 -1.0746995655288498
4 8 53 0.0
4 9 50 -0.9018519931188964
4 9 38 -2.5097768404799656
4 9 70 -0.6676817337781593
4 10 35 -1.2074424150892809
4 10 20 -0.9111107869184363
4 10 61 -1.2074397206088212
4 11 33 0.0
4 12 17 -0.6185261315435647
4 12 31 -0.7737888108124322
4 13 45 -0.0987568744979689
4 13 46 -2.3640663610485597
4 14 48 -0.8221972644144723
4 14 22 -0.5788635444384216
4 15 7 -0.9204821062052846
4 15 55 -0.5080411022927622
4 16 13 0.0
4 17 29 0.0
4 18 41 0.0
4 19 19 -0.6936017415012101
4 19 43 -0.6926928261504524
4 20 3 -1.1297083140231485
4 20 67 -1.2064666299007147
4 20 9 -2.283494375810822
4 20 63 -1.2884698535210286
5 0 26 0.0
5 1 4 0.0
5 2 0 0.0
5 3 64 0.0
5 4 52 -1.1812190867633292
5 4 37 -0.7814381643665991
5 4 54 -1.4466882642985068
5 6 58 0.0
5 7 69 0.0
5 8 6 -0.915038149868116
5 8 11 -0.5116615509321204
5 9 50 -1.3600663513378997
5 9 38 -9.05002251312399
5 9 70 -0.2967378002322419
5 10 35 -1.155895739555098
5 10 20 -1.0271481424387514
5 10 61 -1.1171897882580049
5 11 33 0.0
5 12 17 -0.6992602424909391
5 12 31 -0.6870712612151578
5 13 45 0.0
5 14 48 -0.7895486726654329
5 14 22 -0.7895503897332512
5 14 47 -2.3870386731940956
5 15 25 -0.6068674742366135
5 15 15 -0.7875800616306612
5 16 13 0.0
5 17 29 0.0
5 18 41 -0.777577106746032
5 18 57 -0.6152939944312061
5 19 19 -0.847280530082838
5 19 43 -0.5596287858607976
5 20 3 -1.7396859953336046
5 20 67 -1.0343420019879699
5 20 9 -7.11621966480718
5 20 63 -0.7589612872556896
6 0 26 0.0
6 1 32 -0.8071038058166405
6 1 2 -2.4528985377912713
6 1 68 -0.7596976496783029
6 2 0 0.0
6 3 44 0.0
6 4 52 -1.0188239706149662
6 4 37 -0.935829264794456
6 4 54 -1.3994999836792408
6 5 65 -8.666280968502143
6 5 5 -1.7231354356434138E-4
6 7 30 -0.7091625398481852
6 7 62 -0.677384275175762
6 8 6 -0.6992410253410853
6 8 11 -0.6870902459119288
6 9 59 0.0
6 10 35 -0.3558041818197307
6 10 61 -1.206007536121644
6 11 16 0.0
6 12 66 -2.107416980400677
6 12 71 -0.1295980313276784
6 13 18 -1.6623097821205268
6 13 8 -0.5160638345856765
6 13 28 -1.5444257446203613
6 14 47 0.0
6 15 23 -3.5899775864908134
6 15 40 -1.3853398244714528
6 15 25 -0.9385062919110362
6 15 12 -3.5896925647734093
6 15 15 -1.1928886901558857
6 16 49 0.0
6 17 42 0.0
6 18 57 0.0
6 19 39 0.0
6 20 51 -0.18299305915254752
6 20 21 -1.7884087045587294
7 0 26 0.0
7 1 2 -2.3212928330486804
7 1 68 -0.10330331798272363
7 2 0 0.0
7 3 64 -0.03487951846032068
7 3 44 -3.3732445545237892
7 4 52 -1.1784168415442644
7 4 37 -0.7866444556730778
7 4 54 -1.4402684851404142
7 5 5 0.0
7 6 58 0.0
7 8 6 -0.910757379489091
7 8 11 -0.5145316088902898
7 9 50 -1.074992422516813
7 9 70 -0.4174876017640355
7 10 35 -1.0956289394074652
7 10 20 -1.0775648527668833
7 10 61 -1.1231696671350124
7 11 16 -0.5057654171015383
7 11 33 -0.9239293788943048
7 12 31 0.0
7 13 18 -1.3349814127383404
7 13 8 -0.8163249781135322
7 13 28 -1.2215133956414894
7 14 48 -0.7499438675715006
7 14 22 -0.7499386814301567
7 14 47 -2.8965855905029585
7 15 25 -0.6134082231080535
7 15 15 -0.7797996989265957
7 16 13 0.0
7 17 42 0.0
7 18 41 -0.695407036996931
7 18 57 -0.6908924195612799
7 19 39 0.0
7 20 67 -1.6772430864203962
7 20 63 -0.20688703481633972
8 0 26 0.0
8 1 4 0.0
8 2 36 0.0
8 3 64 -0.6619244120725681
8 3 56 -0.7253763162769556
8 4 52 0.0
8 5 1 -0.6817973968356088
8 5 24 -1.4104135128962194
8 5 10 -1.385293126809472
8 6 58 0.0
8 7 69 -0.41764077030334307
8 7 14 -1.0746968780395478
8 9 50 -0.9018508483536071
8 9 38 -2.5097640179376923
8 9 70 -0.6676846717463926
8 10 35 -1.2074429707116032
8 10 20 -0.9111102793811306
8 10 61 -1.2074398475815837
8 11 33 0.0
8 12 17 -0.6185282260920835
8 12 31 -0.7737863644592105
8 13 45 -0.09875825770534083
8 13 46 -2.3640530351804485
8 14 48 -0.8247968544167937
8 14 22 -0.5768301558816256
8 15 7 -0.8010216947749246
8 15 55 -0.5957847834508595
8 16 13 0.0
8 17 29 0.0
8 18 41 0.0
8 19 19 -0.6935996195861118
8 19 43 -0.6926949461422819
8 20 3 -1.1297070611401385
8 20 67 -1.2064694069777273
8 20 9 -2.2834747615484425
8 20 63 -1.2884755593363415
9 0 26 0.0
9 1 32 -0.816699787845065
9 1 2 -2.6683596418345052
9 1 68 -0.71591130937485
9 2 0 0.0
9 3 44 0.0
9 4 52 -1.0187977042749454
9 4 37 -0.9357457476097509
9 4 54 -1.3996712231461326
9 5 65 -9.006670375443672
9 5 5 -1.2259686844695456E-4
9 6 58 0.0
9 7 30 -0.7212022447296697
9 7 62 -0.6658577713636837
9 8 6 -0.6992397943370309
9 8 11 -0.6870914620503197
9 10 35 -0.12617344573919254
9 10 61 -2.132521253539133
9 11 16 0.0
9 12 66 -2.429329819102674
9 12 71 -0.09222039636208743
9 13 18 -1.6638467631576166
9 13 8 -0.5160413466162581
9 13 28 -1.543124461435533
9 14 47 0.0
9 15 23 -3.589883489018945
9 15 40 -1.3853909400987006
9 15 25 -0.9384425872218858
9 15 12 -3.589710558901493
9 15 15 -1.1929356096180863
9 16 49 0.0
9 17 42 0.0
9 18 57 0.0
9 19 39 0.0
9 20 51 -0.10481760974717917
9 20 21 -2.307484555579741
10 0 60 0.0
10 1 32 -0.7969607077104841
10 1 2 -2.208376634057755
10 1 68 -0.8222895015716424
10 2 0 0.0
10 3 44 0.0
10 4 52 -1.0189081163508118
10 4 37 -0.9359775756185801
10 4 54 -1.39914114322995
10 5 65 -8.16819692983917
10 5 5 -2.835689799991102E-4
10 6 58 -0.9272815420669803
10 6 27 -0.5035649583669602
10 7 30 -0.7940583332024338
10 7 62 -0.6014921714103576
10 8 6 -0.6992614708563026
10 8 11 -0.6870700477329179
10 9 34 0.0
10 11 16 0.0
10 12 66 -1.7320358937945712
10 12 71 -0.194706549050649
10 13 18 -1.6573057270170342
10 13 8 -0.516122335175408
10 13 28 -1.5487301506289242
10 14 47 0.0
10 15 23 -3.5901696933048868
10 15 40 -1.3852380422876966
10 15 25 -0.938637529678344
10 15 12 -3.589615555098946
10 15 15 -1.1927929531554864
10 16 49 0.0
10 17 42 0.0
10 18 57 0.0
10 19 39 0.0
10 20 51 -0.8837588669617397
10 20 21 -0.5331167764927182
11 0 26 0.0
11 1 32 0.0
11 2 0 0.0
11 3 64 0.0
11 4 52 -1.1783374611804478
11 4 37 -0.7863360941046601
11 4 54 -1.4409647882920054
11 5 5 0.0
11 6 58 0.0
11 7 69 -0.5198217470071057
11 7 30 -0.9029464947699537
11 8 6 -0.9110961410750127
11 8 11 -0.5143037361108228
11 9 70 0.0
11 10 35 -0.5602452288981106
11 10 61 -0.8464592216013257
11 12 17 0.0
11 13 18 -4.552809992421075
11 13 8 -2.2025939311043756
11 13 28 -4.621834905502845
11 13 45 -0.1402837396811066
11 14 48 -0.7733108474598392
11 14 22 -0.7733350283831232
11 14 47 -2.5633541413252003
11 15 25 -0.6130296796205809
11 15 15 -0.7802469568037542
11 16 13 0.0
11 17 42 0.0
11 18 41 -0.7730817551358351
11 18 57 -0.6191319032258904
11 19 39 0.0
11 20 3 -1.593457445742387
11 20 51 -2.0076912942578407
11 20 67 -1.3837144826313785
11 20 21 -1.516557445800199
11 20 63 -1.6483453563744983
12 0 26 0.0
12 1 32 -0.7504420691104167
12 1 2 -2.4982682655563058
12 1 68 -0.8083000438615603
12 2 0 0.0
12 3 64 -0.03459224099658694
12 3 44 -3.381372132417599
12 4 52 -0.8010339801973042
12 4 37 -1.3686053180719964
12 4 54 -1.2151221012711722
12 5 5 0.0
12 6 58 0.0
12 7 30 0.0
12 8 6 -0.5190442985599403
12 8 11 -0.9040879982682174
12 9 70 0.0
12 10 35 -0.31769138199197855
12 10 61 -1.3013187610212664
12 11 16 0.0
12 13 18 -1.6542229663852073
12 13 8 -0.5164984430887403
12 13 28 -1.5504454114515551
12 14 47 0.0
12 15 23 -3.299902339198987
12 15 40 -0.9383615936717221
12 15 25 -1.1144280625006047
12 15 15 -1.4116450568742156
12 16 49 -2.3249053632238796
12 16 13 -0.10291096093390334
12 17 42 0.0
12 18 57 0.0
12 19 39 0.0
12 20 51 -1.2829299039078417
12 20 67 -1.29719244389242
12 20 21 -1.7695029650610223
12 20 63 -1.2763268821007667
13 0 26 0.0
13 1 2 -3.6530052182815362
13 1 4 -0.05058410951147548
13 1 68 -3.7544681948056886
13 2 0 0.0
13 3 44 0.0
13 4 52 -0.8304543241327538
13 4 37 -1.3507403144615109
13 4 54 -1.1871144940716198
13 5 65 0.0
13 6 58 0.0
13 7 30 -0.8174600259558276
13 7 62 -0.5825933440797729
13 8 6 -0.4919714718081913
13 8 11 -0.9452557167944289
13 9 38 0.0
13 10 35 -0.6968622988765316
13 10 61 -0.6894458132765077
13 11 16 -2.585512820625034
13 11 33 -0.07834802138538494
13 12 66 -0.46893631138994235
13 12 71 -0.982610651497239
13 14 47 0.0
13 15 23 -3.1057359022901063
13 15 40 -0.5762361524589004
13 15 25 -1.5040101950416591
13 15 12 -3.1055973268340744
13 15 15 -2.0701739142071456
13 16 49 0.0
13 17 29 0.0
13 18 57 0.0
13 19 19 -2.9027213656541764
13 19 43 -0.05643669408951539
13 20 51 -1.5480742962950358
13 20 21 -1.529996120797975
13 20 9 -0.5607051839740871
14 0 26 0.0
14 1 4 0.0
14 2 0 -0.587943370377128
14 2 36 -0.8107343688989829
14 3 56 -0.063908868209376
14 3 44 -2.782081403528854
14 4 54 0.0
14 5 65 -0.9673214712971858
14 5 24 -1.292481875308447
14 5 10 -1.0633075784628019
14 6 58 0.0
14 7 69 -0.5886510396386332
14 7 14 -1.3045206101991151
14 7 30 -2.7636719512927086
14 7 62 -2.2021780030999403
14 8 53 -0.5405945131983063
14 8 6 -0.8732358013591108
14 9 38 0.0
14 10 35 -0.6932724207519644
14 10 61 -0.6930219560510679
14 11 16 -2.1748076048113973
14 11 33 -0.12062082348533072
14 12 66 -0.17501145305533666
14 12 71 -1.8291337045848894
14 13 46 0.0
14 15 23 -0.23993897847247955
14 15 12 -1.5449425036233986
14 16 49 0.0
14 17 29 0.0
14 18 41 0.0
14 19 19 -0.6937797772100768
14 19 43 -0.6925149838353575
14 20 3 -0.1279336834852114
14 20 51 -3.479845430864142
14 20 21 -3.477598609370747
14 20 9 -2.8405315804695155
15 0 26 0.0
15 1 4 0.0
15 2 0 -0.44040884227552785
15 2 36 -1.0321875757195456
15 3 56 0.0
15 4 54 0.0
15 5 65 -0.972595263548224
15 5 24 -1.2369808770189856
15 5 10 -1.1037043852321198
15 6 58 0.0
15 7 69 -0.3969379401832409
15 7 14 -1.1158879122022032
15 8 53 -0.5514551216219511
15 8 6 -0.8582833880285968
15 9 38 0.0
15 10 35 -0.6931623842003194
15 10 61 -0.6931319771507184
15 11 33 0.0
15 12 17 -0.7376672745938921
15 12 71 -2.723860410444885
15 12 31 -0.784931672170149
15 13 45 -0.100787155699116
15 13 46 -2.3447147166413354
15 14 48 -1.999120793723991
15 14 22 -0.14555113915239307
15 16 13 0.0
15 17 29 0.0
15 18 41 0.0
15 19 19 -0.6936921449033121
15 19 43 -0.6926025130409624
15 20 3 -1.1715911602710423
15 20 51 -3.278517683123429
15 20 67 -1.6390024766374607
15 20 21 -3.277375119449754
15 20 9 -2.5733671294930156
15 20 63 -1.0663483155916698
16 0 26 0.0
16 1 4 0.0
16 2 0 -0.5691856473318656
16 2 36 -0.8346788638696169
16 3 56 -0.07206874156885204
16 3 44 -2.6659528389366596
16 4 54 0.0
16 5 65 -0.9484678581842663
16 5 24 -1.2934548464387794
16 5 10 -1.083690451412456
16 6 58 0.0
16 7 69 -0.4205803653560705
16 7 14 -1.0690503890624334
16 8 53 -0.554200344787048
16 8 6 -0.8545643752292079
16 9 38 0.0
16 10 35 -0.6932322433593836
16 10 61 -0.6930621249955712
16 11 33 0.0
16 12 17 -0.7946330192528288
16 12 66 -2.0688981418635803
16 12 71 -3.7358388581903976
16 12 31 -0.9211149431378137
16 13 46 0.0
16 14 48 0.0
16 15 23 -2.009154919680884
16 15 12 -0.14398810681797888
16 17 29 0.0
16 18 41 0.0
16 19 19 -0.6937892318991349
16 19 43 -0.692505541186189
16 20 3 -0.7108080279758524
16 20 51 -3.9853697819809777
16 20 21 -3.9811292401884315
16 20 9 -3.329556683368344
16 20 63 -0.8308155599388948
17 0 26 0.0
17 1 2 -3.655679391950352
17 1 4 -0.050611236794969955
17 1 68 -3.750419130854388
17 2 0 0.0
17 3 44 0.0
17 4 52 -0.8304163138835821
17 4 37 -1.3506234385871538
17 4 54 -1.1872680468357732
17 5 65 0.0
17 6 58 0.0
17 7 30 -0.8164020957459666
17 7 62 -0.583430617415658
17 8 6 -0.4920300181110768
17 8 11 -0.9451636028020087
17 9 38 0.0
17 10 35 -0.6963159717639824
17 10 61 -0.689988398883848
17 11 16 -2.5776421674625745
17 11 33 -0.07899220997058706
17 12 66 -0.4681459927540441
17 12 71 -0.9839330029429486
17 13 28 0.0
17 14 47 0.0
17 15 23 -3.1059232169886153
17 15 40 -0.5761771200951297
17 15 25 -1.5039272032674396
17 15 12 -3.105810584717222
17 15 15 -2.0704409088959035
17 16 49 0.0
17 18 57 0.0
17 19 19 -3.642225148308757
17 19 43 -0.026543167199726513
17 20 51 -1.5450223341624043
17 20 21 -1.5306762415081034
17 20 9 -0.5615864170520279
18 0 26 0.0
18 1 4 0.0
18 2 0 -0.7541576994561745
18 2 36 -0.6356458720652284
18 3 56 0.0
18 4 54 0.0
18 5 65 -0.6234535665151915
18 5 24 -0.7680643124588575
18 6 58 0.0
18 7 69 -0.9808735660362294
18 7 14 -1.0442571104638045
18 7 30 -2.1667549617344672
18 7 62 -1.8419079269619627
18 8 53 -0.6652870994958802
18 8 6 -0.7238285135437624
18 8 11 -6.926104934642092
18 9 38 0.0
18 10 35 -0.6934310178746738
18 10 61 -0.6928634237859782
18 11 16 -1.4464401878170445
18 11 33 -0.2684113543019848
18 12 66 -0.3294103484134418
18 12 71 -1.2706390023233
18 13 45 -0.10736868463945097
18 13 46 -2.284690770025248
18 14 48 -1.3261254500336674
18 14 22 -0.3085707012379824
18 15 40 0.0
18 16 13 0.0
18 17 29 0.0
18 19 19 -0.6936310447971841
18 19 43 -0.6926635503340816
18 20 3 -0.4432877178338926
18 20 51 -2.418298680496638
18 20 21 -2.4150919330497707
18 20 9 -1.7167706035572554
19 0 26 0.0
19 1 32 -3.9433143815471374
19 1 2 -3.5666351650809105
19 1 4 -0.0748311314918531
19 1 68 -3.7105028399335853
19 2 0 0.0
19 3 44 0.0
19 4 52 -0.8305458061947754
19 4 37 -1.3504417343601822
19 4 54 -1.1872373710399229
19 5 65 0.0
19 6 58 0.0
19 7 30 -0.8099763185977196
19 7 62 -0.5885504386819795
19 8 6 -0.49201723227502525
19 8 11 -0.9451837182491641
19 9 38 0.0
19 10 35 -0.6992592647145907
19 10 61 -0.687072227146688
19 11 16 0.0
19 12 66 -0.461617109912272
19 12 71 -0.9949650014335889
19 13 18 -2.8818731917576486
19 13 28 -0.05766058587615297
19 14 47 0.0
19 15 23 -3.105013842878767
19 15 40 -0.5762278271535922
19 15 25 -1.504228861423119
19 15 12 -3.104752970471063
19 15 15 -2.070382264348557
19 16 49 0.0
19 17 42 0.0
19 18 57 0.0
19 20 51 -1.5433366198722833
19 20 21 -1.515318391935769
19 20 9 -0.5681108622029114
20 0 26 0.0
20 1 2 -2.1361487568010697
20 1 68 -0.1256866252485699
20 2 0 0.0
20 3 44 0.0
20 4 52 -1.018667218522938
20 4 37 -0.9363097214569693
20 4 54 -1.3989658212568428
20 5 65 -8.264945916529834
20 5 5 -2.574159725510964E-4
20 6 58 0.0
20 7 62 0.0
20 8 6 -0.6990021092267396
20 8 11 -0.6873263326392978
20 9 50 0.0
20 10 35 -1.199972958182406
20 10 20 -0.6509938217947049
20 10 61 -1.7300788642094842
20 11 16 -0.5824045333767811
20 11 33 -0.8176988734985393
20 12 66 -1.3164273125108377
20 12 71 -1.2069273318811415
20 12 31 -0.8374942226511884
20 13 18 -1.6562902757686695
20 13 8 -0.5161002737703781
20 13 28 -1.549704017434908
20 14 47 0.0
20 15 23 -3.5901501257896307
20 15 40 -1.3846069832017265
20 15 25 -0.9389320095161169
20 15 12 -3.5896412825645054
20 15 15 -1.1929335132203702
20 16 49 0.0
20 17 42 0.0
20 18 57 0.0
20 19 39 0.0
