0 1 32 -0.942138691650361
0 1 2 -1.6611549088899245
0 1 68 -0.8668170138991877
0 2 0 0.0
0 3 44 0.0
0 4 52 -0.996839810189646
0 4 37 -2.0213270212021985
0 4 54 -0.6961986197776904
0 5 65 -2.109179374267499
0 5 5 -0.12935441209446683
0 6 27 0.0
0 7 30 -0.14563087301570216
0 7 62 -1.9986120370886855
0 8 6 -0.1783776459827775
0 8 11 -1.811715769466114
0 9 59 0.0
0 10 35 -0.7637642595965248
0 10 61 -0.6271896386252006
0 11 16 0.0
0 12 66 -2.2632237599360763
0 12 71 -0.10983118924130203
0 13 18 -2.681755682476995
0 13 8 -1.714448103780531
0 13 28 -0.28569199271760887
0 14 47 0.0
0 15 23 -2.4948162403977165
0 15 40 -0.6168021248795866
0 15 25 -2.059251332544764
0 15 12 -2.495456908139385
0 15 15 -1.7849066567431704
0 16 49 0.0
0 17 42 0.0
0 18 57 0.0
0 19 39 0.0
0 20 51 -0.23234166768141173
0 20 21 -1.5734688528779432
1 0 26 0.0
1 2 0 0.0
1 3 64 0.0
1 4 52 -0.5063532181103472
1 4 37 -1.3293720355416807
1 4 54 -2.0199119104937875
1 5 5 0.0
1 6 58 0.0
1 7 69 0.0
1 8 6 -0.5145081898344885
1 8 11 -0.910792186016026
1 9 50 -1.7614599520619496
1 9 70 -0.18849320610325832
1 10 35 -0.8523185896876099
1 10 20 -1.9161683372091107
1 10 61 -0.8523653710997713
1 11 33 0.0
1 12 17 -0.4499904157414856
1 12 31 -1.0151012535547037
1 13 8 -0.60298992570306
1 13 45 -0.7922455240053956
1 14 48 -1.0243670866916097
1 14 22 -1.024369220974416
1 14 47 -1.266013052933168
1 15 25 -0.5337892321764292
1 15 15 -0.8828047702830331
1 16 13 0.0
1 17 29 0.0
1 18 41 -0.6881654300285404
1 18 57 -0.6981538732370977
1 19 19 -4.002362762982978
1 19 39 -0.3670859023076023
1 19 43 -1.24140661506604
1 20 3 -1.6600856142531688
1 20 67 -0.7971023306213879
1 20 63 -1.0237522344628964
2 0 26 0.0
2 1 4 0.0
2 3 64 0.0
2 4 37 0.0
2 5 1 0.0
2 6 58 0.0
2 7 69 0.0
2 8 53 -0.5144918987235905
2 8 11 -0.9108163998437617
2 9 50 -1.009758153746847
2 9 38 -2.948120915986111
2 9 70 -0.5391311800903351
2 10 35 -0.8516258831111048
2 10 20 -1.7879387389171473
2 10 61 -0.9014642960895493
2 11 33 0.0
2 12 17 -0.3290210802271304
2 12 31 -1.2716374392694532
2 13 45 0.0
2 14 48 -0.8398319783698072
2 14 22 -0.8398338865201677
2 14 47 -1.991909229783058
2 15 7 -1.0239646358616565
2 15 55 -2.237917195656468
2 15 25 -1.1105702586960835
2 15 15 -1.5858175391266431
2 16 13 0.0
2 17 29 0.0
2 18 41 -0.6663615224364873
2 18 57 -0.7206701035822111
2 19 19 -1.2798187003954804
2 19 43 -0.32585163372360765
2 20 3 -1.677339119008607
2 20 67 -1.4117065385158991
2 20 9 -2.127769472935162
2 20 63 -0.7978417256305563
3 0 26 0.0
3 1 4 0.0
3 2 0 0.0
3 4 52 -0.8708434708616157
3 4 37 -2.73161036049394
3 4 54 -0.6610918321046484
3 5 65 0.0
3 6 58 0.0
3 7 69 -1.864982189836663
3 7 30 -0.5767725554901926
3 7 62 -1.2609216941624037
3 8 6 -0.14260425605312352
3 8 11 -2.018136864683587
3 9 38 0.0
3 10 35 -0.6930883138355508
3 10 61 -0.6932060507498353
3 11 16 -0.389127951628574
3 11 33 -1.132109792748066
3 12 66 -2.0531943076862373
3 12 71 -0.13733787469605543
3 13 45 0.0
3 14 22 -0.3311631213712113
3 14 47 -1.2661603985550778
3 15 40 -0.6105373894986237
3 15 25 -1.4103730594700754
3 15 15 -1.5469852056068607
3 16 49 -0.30533490734211277
3 16 13 -1.3351319565422466
3 17 29 0.0
3 18 57 0.0
3 19 19 -4.511905794117357
3 19 43 -0.011038216915950331
3 20 3 -5.6542773222266005
3 20 51 -0.8950093180097526
3 20 21 -0.8954264326368815
3 20 9 -1.7178011917339897
4 0 26 0.0
4 1 4 0.0
4 2 36 0.0
4 3 64 -0.9805916334877496
4 3 56 -0.47014622806710354
4 5 1 -1.3199444086022882
4 5 24 -1.1055554614289589
4 5 10 -0.9117438627223003
4 6 58 0.0
4 7 69 -0.2849761996160113
4 7 14 -1.3944561894496106
4 8 53 0.0
4 9 50 -1.1173441045437356
4 9 38 -0.6836055700378177
4 9 70 -1.7834410622722665
4 10 35 -0.8637869494833885
4 10 20 -1.8553811043882504
4 10 61 -0.8626455828944004
4 11 33 0.0
4 12 17 -1.152855449690223
4 12 31 -0.3794084291817149
4 13 45 -0.14674983262193214
4 13 46 -1.9915037250734446
4 14 48 -0.7859017560767416
4 14 22 -0.6082704742158178
4 15 7 -0.7610797871954201
4 15 55 -0.6295373142283893
4 16 13 0.0
4 17 29 0.0
4 18 41 0.0
4 19 19 -1.3873610632267253
4 19 43 -0.2873267577893859
4 20 3 -2.1184714629988926
4 20 67 -1.5090820358720063
4 20 9 -1.0354671619332623
4 20 63 -1.1920065909815145
5 0 26 0.0
5 1 4 0.0
5 2 0 0.0
5 3 64 0.0
5 4 52 -0.5063540590307759
5 4 37 -1.3293707999771824
5 4 54 -2.0199105550011103
5 6 58 0.0
5 7 69 0.0
5 8 6 -0.5145093627466701
5 8 11 -0.9107904427293285
5 9 50 -1.0126298331885863
5 9 38 -2.934770743767692
5 9 70 -0.5385485508470553
5 10 35 -0.8363215713163282
5 10 20 -1.8153356787527046
5 10 61 -0.9065501270366556
5 11 33 0.0
5 12 17 -0.3284150756871793
5 12 31 -1.2731945469168193
5 13 45 0.0
5 14 48 -1.0243671281094155
5 14 22 -1.024366957817343
5 14 47 -1.2660158819711054
5 15 25 -0.5337885878166736
5 15 15 -0.882805683774024
5 16 13 0.0
5 17 29 0.0
5 18 41 -0.6978244299057668
5 18 57 -0.6884917060686545
5 19 19 -1.2804631995240812
5 19 43 -0.3256034771007718
5 20 3 -1.6775428816426163
5 20 67 -1.4120333396261742
5 20 9 -2.1272966850113906
5 20 63 -0.7977054102179013
6 0 26 0.0
6 1 32 -0.9421404763849716
6 1 2 -1.6611544899089423
6 1 68 -0.8668155479876732
6 2 0 0.0
6 3 44 0.0
6 4 52 -0.9968574950105297
6 4 37 -2.021277685443555
6 4 54 -0.6961986392840062
6 5 65 -2.109180280374814
6 5 5 -0.12935428696708529
6 7 30 -0.14563081310985124
6 7 62 -1.99861241921666
6 8 6 -0.17836000184784845
6 8 11 -1.8118061289115637
6 9 59 0.0
6 10 35 -0.7288434651292672
6 10 61 -0.6586813251167383
6 11 16 0.0
6 12 66 -2.263223840326966
6 12 71 -0.1098311799087524
6 13 18 -2.6816887393802897
6 13 8 -1.7144469511843954
6 13 28 -0.2856983660048135
6 14 47 0.0
6 15 23 -2.4948191225129084
6 15 40 -0.6168045543939996
6 15 25 -2.0592373805426694
6 15 12 -2.4954624687030105
6 15 15 -1.7849052988637446
6 16 49 0.0
6 17 42 0.0
6 18 57 0.0
6 19 39 0.0
6 20 51 -0.2269163926880481
6 20 21 -1.5944872993007253
7 0 26 0.0
7 1 2 -1.6566566072652935
7 1 68 -0.21167921032680548
7 2 0 0.0
7 3 64 -3.2626346908577055
7 3 44 -0.039039614713391034
7 4 52 -0.7566930982618323
7 4 37 -1.3892977446620352
7 4 54 -1.2675013268240556
7 5 5 0.0
7 6 58 0.0
7 8 6 -0.5142797953434841
7 8 11 -0.9111317431858248
7 9 50 -1.6072783878100567
7 9 70 -0.22368416193699248
7 10 35 -0.7065770965845608
7 10 20 -4.023881885530806
7 10 61 -0.7158291631232956
7 11 16 -0.5279953178319818
7 11 33 -0.8910765945309498
7 12 31 0.0
7 13 18 -2.5040029706880182
7 13 8 -1.7136645474767762
7 13 28 -0.3037589975268264
7 14 48 -1.0243634205368237
7 14 22 -1.0243732531281344
7 14 47 -1.2660125869208516
7 15 25 -0.5337896324135358
7 15 15 -0.8828042028786811
7 16 13 0.0
7 17 42 0.0
7 18 41 -0.7936986121514762
7 18 57 -0.6017889810466067
7 19 39 0.0
7 20 67 -0.9698425669236763
7 20 63 -0.4766540511770005
8 0 26 0.0
8 1 4 0.0
8 2 36 0.0
8 3 64 -0.9805916270176374
8 3 56 -0.4701462319506472
8 4 52 0.0
8 5 1 -1.3199445477687795
8 5 24 -1.105555430417462
8 5 10 -0.9117437957457672
8 6 58 0.0
8 7 69 -0.2849762057024528
8 7 14 -1.3944561709907666
8 9 50 -1.117371150202963
8 9 38 -0.6836026214236919
8 9 70 -1.7833972728765959
8 10 35 -0.8637985009121019
8 10 20 -1.8553670250291356
8 10 61 -0.8626392620361052
8 11 33 0.0
8 12 17 -1.152855447651523
8 12 31 -0.3794084301224115
8 13 45 -0.14674984490767504
8 13 46 -1.9915036473471723
8 14 48 -0.7883133256520906
8 14 22 -0.6062558483467989
8 15 7 -0.7610838176695339
8 15 55 -0.6295337805556713
8 16 13 0.0
8 17 29 0.0
8 18 41 0.0
8 19 19 -1.387372719558216
8 19 43 -0.287322877896935
8 20 3 -2.1184714647138145
8 20 67 -1.5090820855148335
8 20 9 -1.0354671665859623
8 20 63 -1.1920065487076892
9 0 26 0.0
9 1 32 -0.9421437393950053
9 1 2 -1.6611529327500794
9 1 68 -0.8668132253917479
9 2 0 0.0
9 3 44 0.0
9 4 52 -0.9969003583664506
9 4 37 -2.0211636893341525
9 4 54 -0.6961972067595927
9 5 65 -2.1091803927169313
9 5 5 -0.12935427145339662
9 6 58 0.0
9 7 30 -0.1456308604873234
9 7 62 -1.9986121170048052
9 8 6 -0.17832290368686002
9 8 11 -1.8119961484847873
9 10 35 -0.6942354736128731
9 10 61 -0.69206007060135
9 11 16 0.0
9 12 66 -2.2632239328936268
9 12 71 -0.10983116916272316
9 13 18 -2.6816645022889123
9 13 8 -1.7144436799220182
9 13 28 -0.28570135743301583
9 14 47 0.0
9 15 23 -2.4948325912144003
9 15 40 -0.6168074044249696
9 15 25 -2.0592181374990854
9 15 12 -2.4954611372481783
9 15 15 -1.7849047918109462
9 16 49 0.0
9 17 42 0.0
9 18 57 0.0
9 19 39 0.0
9 20 51 -0.22081172328847992
9 20 21 -1.6188199821367566
10 0 60 0.0
10 1 32 -0.9421355895437671
10 1 2 -1.6611573231724992
10 1 68 -0.8668187999733201
10 2 0 0.0
10 3 44 0.0
10 4 52 -0.9967861098823353
10 4 37 -2.021459593559401
10 4 54 -0.6962031462566656
10 5 65 -2.1091806028923386
10 5 5 -0.12935424242959565
10 6 58 -0.732975964463164
10 6 27 -0.6548441535955858
10 7 30 -0.14563105605422222
10 7 62 -1.9986108695219935
10 8 6 -0.17841641088040017
10 8 11 -1.811517280277831
10 9 34 0.0
10 11 16 0.0
10 12 66 -2.2632218965132203
10 12 71 -0.10983140556562782
10 13 18 -2.681875527902387
10 13 8 -1.71445231531805
10 13 28 -0.2856800693197742
10 14 47 0.0
10 15 23 -2.4948068585792487
10 15 40 -0.616804025472231
10 15 25 -2.0592635027584856
10 15 12 -2.495462209072036
10 15 15 -1.7848933028033145
10 16 49 0.0
10 17 42 0.0
10 18 57 0.0
10 19 39 0.0
10 20 51 -0.2607814885497808
10 20 21 -1.471631154999405
11 0 26 0.0
11 1 32 0.0
11 2 0 0.0
11 3 64 0.0
11 4 52 -0.5063139888722512
11 4 37 -1.3293588520774449
11 4 54 -2.0201164466294665
11 5 5 0.0
11 6 58 0.0
11 7 69 -0.8659890616351273
11 7 30 -0.5458231422899886
11 8 6 -0.5145080416542299
11 8 11 -0.9107924062551047
11 9 70 0.0
11 10 35 -0.6931435520567433
11 10 61 -0.6931508090763131
11 12 17 0.0
11 13 18 -2.2582244743797473
11 13 8 -1.7710707126878351
11 13 28 -0.8753684515656481
11 13 45 -1.1756934271114645
11 14 48 -1.024361913344738
11 14 22 -1.0243746926004724
11 14 47 -1.2660126731724073
11 15 25 -0.5337894875551747
11 15 15 -0.8828044082400477
11 16 13 0.0
11 17 42 0.0
11 18 41 -0.6810564358037009
11 18 57 -0.7053859024028672
11 19 39 0.0
11 20 3 -1.6608660747397546
11 20 51 -1.9779329515543342
11 20 67 -2.000542265645397
11 20 21 -1.98081057042444
11 20 63 -0.9201697163549746
12 0 26 0.0
12 1 32 -0.9428012212394319
12 1 2 -1.659296728048394
12 1 68 -0.8670432391554027
12 2 0 0.0
12 3 64 -3.264362659525887
12 3 44 -0.038970883151127976
12 4 52 -0.8725717992593267
12 4 37 -2.4526067540252163
12 4 54 -0.7010672770087789
12 5 5 0.0
12 6 58 0.0
12 7 30 0.0
12 8 6 -0.16462395459671186
12 8 11 -1.8852744910927317
12 9 70 0.0
12 10 35 -0.693252910732843
12 10 61 -0.6930414615647352
12 11 16 0.0
12 13 18 -2.3573961712771245
12 13 8 -1.713783285019053
12 13 28 -0.32137566806264245
12 14 47 0.0
12 15 23 -1.843702465925819
12 15 40 -0.7332642840575864
12 15 25 -2.1665485904614066
12 15 15 -1.398939315212561
12 16 49 -2.599765746529167
12 16 13 -0.07719532600220302
12 17 42 0.0
12 18 57 0.0
12 19 39 0.0
12 20 51 -0.9657415580290435
12 20 67 -2.2572603510351783
12 20 21 -0.9686643251219779
12 20 63 -2.0019417703386995
13 0 26 0.0
13 1 2 -1.8244901796569726
13 1 4 -1.1311493894299056
13 1 68 -0.6615749422314675
13 2 0 0.0
13 3 44 0.0
13 4 52 -0.9705831928622477
13 4 37 -2.20132276729947
13 4 54 -0.6724012972823094
13 5 65 0.0
13 6 58 0.0
13 7 30 -0.5554976433379183
13 7 62 -0.8528152342159464
13 8 6 -0.1880839285784048
13 8 11 -1.763435403891892
13 9 38 0.0
13 10 35 -0.6930246333642679
13 10 61 -0.6932697427752785
13 11 16 -1.1647992086092374
13 11 33 -0.37394507457082143
13 12 66 -2.0532887683088448
13 12 71 -0.13732396936299343
13 14 47 0.0
13 15 23 -2.47020601599548
13 15 40 -0.6356862474830318
13 15 25 -1.7523397473822198
13 15 12 -2.577415783297905
13 15 15 -1.9912642785592196
13 16 49 0.0
13 17 29 0.0
13 18 57 0.0
13 19 19 -5.50820164447818
13 19 43 -0.004061627522497361
13 20 51 -0.8913392664157479
13 20 21 -0.8934443419407386
13 20 9 -1.7111932149353437
14 0 26 0.0
14 1 4 0.0
14 2 0 -0.14440595763024522
14 2 36 -2.0064610469440978
14 3 56 -0.32737594891773314
14 3 44 -1.2758724081460606
14 4 54 0.0
14 5 65 -1.3858103187660349
14 5 24 -1.0491124829944
14 5 10 -0.917214915190273
14 6 58 0.0
14 7 69 -0.7588377909870994
14 7 14 -1.394755597045288
14 7 30 -1.8697060376001056
14 7 62 -2.042321950082475
14 8 53 -0.6298387294316091
14 8 6 -0.7607361079997425
14 9 38 0.0
14 10 35 -0.6931433524296244
14 10 61 -0.693151008704921
14 11 16 -1.9416571927743056
14 11 33 -0.1548612677240823
14 12 66 -0.6757421186578374
14 12 71 -0.7108605527219708
14 13 46 0.0
14 15 23 -0.6510462141219918
14 15 12 -0.7370988396747047
14 16 49 0.0
14 17 29 0.0
14 18 41 0.0
14 19 19 -0.9444342737156398
14 19 43 -0.4924938805665252
14 20 3 -1.6568750830549621
14 20 51 -1.175929264537838
14 20 21 -1.175941160668528
14 20 9 -1.6491911270156243
15 0 26 0.0
15 1 4 0.0
15 2 0 -0.14435499947122474
15 2 36 -2.006789124321523
15 3 56 0.0
15 4 54 0.0
15 5 65 -1.3858359508016214
15 5 24 -1.0491043206345751
15 5 10 -0.9172060266099001
15 6 58 0.0
15 7 69 -0.2849766862141401
15 7 14 -1.3944547137055427
15 8 53 -0.6298149862247109
15 8 6 -0.7607631724007016
15 9 38 0.0
15 10 35 -0.6935016450638328
15 10 61 -0.6927928416566225
15 11 33 0.0
15 12 17 -2.271419262865856
15 12 71 -0.5237810738459842
15 12 31 -1.1888954518640384
15 13 45 -0.32994876396365774
15 13 46 -1.2692602962832003
15 14 48 -0.725718880913497
15 14 22 -0.6616030152794526
15 16 13 0.0
15 17 29 0.0
15 18 41 0.0
15 19 19 -1.4076194474092123
15 19 43 -0.28067358459391284
15 20 3 -3.0061295153061534
15 20 51 -1.669251377603844
15 20 67 -1.882269099675585
15 20 21 -1.7199704525833692
15 20 9 -1.7369610563963307
15 20 63 -1.3674379817173188
16 0 26 0.0
16 1 4 0.0
16 2 0 -0.1443509725044692
16 2 36 -2.0068150559274427
16 3 56 -0.3273762797754874
16 3 44 -1.2758715539297913
16 4 54 0.0
16 5 65 -1.3858360975436315
16 5 24 -1.0491042438707614
16 5 10 -0.9172060020481984
16 6 58 0.0
16 7 69 -0.2849767963222205
16 7 14 -1.394454379772588
16 8 53 -0.6298189026389147
16 8 6 -0.7607587080647197
16 9 38 0.0
16 10 35 -0.6931449321415538
16 10 61 -0.6931494289833926
16 11 33 0.0
16 12 17 -2.063750862476235
16 12 66 -2.38264440816508
16 12 71 -1.5300814038088906
16 12 31 -0.5723482591481398
16 13 46 0.0
16 14 48 0.0
16 15 23 -1.2226430923524825
16 15 12 -0.3487788809840653
16 17 29 0.0
16 18 41 0.0
16 19 19 -0.9444526443961904
16 19 43 -0.49248218978623803
16 20 3 -1.9164524355626311
16 20 51 -2.567058753630874
16 20 21 -2.567077766907304
16 20 9 -2.456470816111867
16 20 63 -0.4883883926910156
17 0 26 0.0
17 1 2 -1.8244900739091299
17 1 4 -1.1311495369300737
17 1 68 -0.6615748830582857
17 2 0 0.0
17 3 44 0.0
17 4 52 -0.9704678224513624
17 4 37 -2.201731282281612
17 4 54 -0.6723983908253296
17 5 65 0.0
17 6 58 0.0
17 7 30 -0.5554972036231491
17 7 62 -0.8528158261790878
17 8 6 -0.18789619153773124
17 8 11 -1.7643431288628897
17 9 38 0.0
17 10 35 -0.6929936638935349
17 10 61 -0.693300720797341
17 11 16 -1.1458568992609564
17 11 33 -0.3826542875381518
17 12 66 -2.053294379007943
17 12 71 -0.13732314347217
17 13 28 0.0
17 14 47 0.0
17 15 23 -2.471390937585118
17 15 40 -0.6358132097101925
17 15 25 -1.7517932955904527
17 15 12 -2.5765425169518115
17 15 15 -1.99121854608111
17 16 49 0.0
17 18 57 0.0
17 19 19 -6.236382280536764
17 19 43 -0.0019588396024853025
17 20 51 -0.8911996558354226
17 20 21 -0.8935804970897157
17 20 9 -1.7112017524888075
18 0 26 0.0
18 1 4 0.0
18 2 0 -0.26333711280398975
18 2 36 -1.4631010594142182
18 3 56 0.0
18 4 54 0.0
18 5 65 -0.4314339817911025
18 5 24 -1.04861412593458
18 6 58 0.0
18 7 69 -1.488831030592847
18 7 14 -1.4254287217136752
18 7 30 -0.971819528118615
18 7 62 -1.8606951664718014
18 8 53 -0.597738059666514
18 8 6 -0.7989606289988628
18 8 11 -8.809195857738803
18 9 38 0.0
18 10 35 -0.6931375258453089
18 10 61 -0.6931568353677959
18 11 16 -0.6689511494693224
18 11 33 -0.7179432070762224
18 12 66 -1.2080285151617136
18 12 71 -0.35494180488600746
18 13 45 -0.33122024558187074
18 13 46 -1.2660149061335604
18 14 48 -0.7152284761876899
18 14 22 -0.6715429532277063
18 15 40 0.0
18 16 13 0.0
18 17 29 0.0
18 19 19 -1.4293824648012423
18 19 43 -0.2737222978495331
18 20 3 -3.12132943553808
18 20 51 -0.9642824126281502
18 20 21 -0.9643308460349137
18 20 9 -1.642960629190834
19 0 26 0.0
19 1 32 -1.0324919255210376
19 1 2 -2.5790755646595693
19 1 4 -1.4887255171022373
19 1 68 -1.0718416128593846
19 2 0 0.0
19 3 44 0.0
19 4 52 -0.9586629762209669
19 4 37 -2.2352569689561497
19 4 54 -0.6740699240979733
19 5 65 0.0
19 6 58 0.0
19 7 30 -0.5286942428856899
19 7 62 -0.8900725684302199
19 8 6 -0.18572049440920027
19 8 11 -1.7749359428646327
19 9 38 0.0
19 10 35 -0.6920345053055922
19 10 61 -0.6942610952397262
19 11 16 0.0
19 12 66 -2.0531973440951026
19 12 71 -0.13733742768978288
19 13 18 -5.480633231893418
19 13 28 -0.004175395224141126
19 14 47 0.0
19 15 23 -2.4976006083540327
19 15 40 -0.626165367783348
19 15 25 -1.771618057631509
19 15 12 -2.5652456563196386
19 15 15 -1.9942044399037206
19 16 49 0.0
19 17 42 0.0
19 18 57 0.0
19 20 51 -0.8895740594263499
19 20 21 -0.8938431861874396
19 20 9 -1.7143055496854056
20 0 26 0.0
20 1 2 -1.6566535436025513
20 1 68 -0.21167993259096934
20 2 0 0.0
20 3 44 0.0
20 4 52 -0.9985572760204418
20 4 37 -2.01522008597144
20 4 54 -0.6965562595779273
20 5 65 -2.107272426446833
20 5 5 -0.12961803500557478
20 6 58 0.0
20 7 62 0.0
20 8 6 -0.1809004094162069
20 8 11 -1.7988956598063934
20 9 50 0.0
20 10 35 -0.6610778797260337
20 10 20 -1.4828072532309853
20 10 61 -1.359824125270701
20 11 16 -0.46465363015371036
20 11 33 -0.9898100194643785
20 12 66 -2.271637738531011
20 12 71 -0.26910068972017853
20 12 31 -2.0189821165427437
20 13 18 -2.6803017730539156
20 13 8 -1.714371755966311
20 13 28 -0.28584281044206833
20 14 47 0.0
20 15 23 -2.494363428051255
20 15 40 -0.6217795498752543
20 15 25 -1.8915292484480961
20 15 12 -2.4944121500586873
20 15 15 -1.9167982936596857
20 16 49 0.0
20 17 42 0.0
20 18 57 0.0
20 19 39 0.0
