0 1 32 -0.9114113309877079
0 1 2 -2.5063742686640054
0 1 68 -0.6607186372124078
0 2 0 0.0
0 3 44 0.0
0 4 52 -0.6784430956148846
0 4 37 -1.3899859934584156
0 4 54 -1.4125773701393896
0 5 65 -11.014573275154472
0 5 5 -1.646020274990362E-5
0 6 27 0.0
0 7 30 -1.0862483102002358
0 7 62 -0.41170489939542504
0 8 6 -0.3760389339882976
0 8 11 -1.1601971007678493
0 9 59 0.0
0 10 35 -2.99996444357313
0 10 61 -0.05107104398130881
0 11 16 0.0
0 12 66 -1.9951163978425668
0 12 71 -0.14617999095937548
0 13 18 -1.1630498030790852
0 13 8 -1.0543336288867795
0 13 28 -1.0816256702602338
0 14 47 0.0
0 15 23 -2.714472603424979
0 15 40 -1.068138020750293
0 15 25 -1.3057388183914518
0 15 12 -2.7144428764811934
0 15 15 -1.3747681439634307
0 16 49 0.0
0 17 42 0.0
0 18 57 0.0
0 19 39 0.0
0 20 51 -0.42437651202584825
0 20 21 -1.0618297275881108
1 0 26 0.0
1 2 0 0.0
1 3 64 0.0
1 4 52 -0.8683035615306154
1 4 37 -1.111087746347947
1 4 54 -1.381758891444209
1 5 5 0.0
1 6 58 0.0
1 7 69 0.0
1 8 6 -0.8374757374026607
1 8 11 -0.567046214069544
1 9 50 -1.1636617701098078
1 9 70 -0.37446128103724324
1 10 35 -0.9348554151593491
1 10 20 -1.4359357662921057
1 10 61 -0.9957000221908906
1 11 33 0.0
1 12 17 -0.646709467081745
1 12 31 -0.7418468201798887
1 13 8 -0.29748145470067555
1 13 45 -1.357459535192186
1 14 48 -0.8532882308858946
1 14 22 -0.8532950646806372
1 14 47 -1.9106828191546918
1 15 25 -0.5371366785274237
1 15 15 -0.8780783131831641
1 16 13 0.0
1 17 29 0.0
1 18 41 -0.4366597938059893
1 18 57 -1.0389987159903977
1 19 19 -0.8910227600009812
1 19 39 -1.882241421079764
1 19 43 -0.8266429973071554
1 20 3 -2.2885223216133603
1 20 67 -0.9591033356373312
1 20 63 -0.6629140000939056
2 0 26 0.0
2 1 4 0.0
2 3 64 0.0
2 4 37 0.0
2 5 1 0.0
2 6 58 0.0
2 7 69 0.0
2 8 53 -0.3515747678277447
2 8 11 -1.2159753573230576
2 9 50 -1.1343519834268938
2 9 38 -10.17370780961437
2 9 70 -0.3881193733638362
2 10 35 -1.080158796000748
2 10 20 -1.1490832839617826
2 10 61 -1.068477260200862
2 11 33 0.0
2 12 17 -0.6673892679592566
2 12 31 -0.7195861443276637
2 13 45 0.0
2 14 48 -0.8076697056049251
2 14 22 -0.8076779065178498
2 14 47 -2.223664803935235
2 15 7 -1.0190432994838463
2 15 55 -1.5702557390542244
2 15 25 -1.3786177271230224
2 15 15 -1.7195799202182742
2 16 13 0.0
2 17 29 0.0
2 18 41 -0.24794738596836355
2 18 57 -1.515952133295733
2 19 19 -0.7001958983794646
2 19 43 -0.6861477996045344
2 20 3 -1.6796961421966579
2 20 67 -0.8736350369262118
2 20 9 -9.233215208337038
2 20 63 -0.9262394662324679
3 0 26 0.0
3 1 4 0.0
3 2 0 0.0
3 4 52 -1.1623475186096908
3 4 37 -1.5594745463971982
3 4 54 -0.7402338537689036
3 5 65 0.0
3 6 58 0.0
3 7 69 -1.2550191274214992
3 7 30 -1.0597427436669578
3 7 62 -0.9986276292617589
3 8 6 -0.2718896937150526
3 8 11 -1.4352254079730182
3 9 38 0.0
3 10 35 -0.6934152240612256
3 10 61 -0.6928792088867312
3 11 16 -0.5575702638428789
3 11 33 -0.8500317508680557
3 12 66 -0.3881411827747949
3 12 71 -1.1341873533312226
3 13 45 0.0
3 14 22 -0.2719021273251927
3 14 47 -1.4351856141021775
3 15 40 -0.7366496518412001
3 15 25 -1.1965345919713077
3 15 15 -1.5184775310109668
3 16 49 -0.5893930470100246
3 16 13 -0.808925860571393
3 17 29 0.0
3 18 57 0.0
3 19 19 -4.789235992848362
3 19 43 -0.00835360498996697
3 20 3 -1.4697331629327184
3 20 51 -2.310486475075226
3 20 21 -2.308698863059612
3 20 9 -0.5596488297447174
4 0 26 0.0
4 1 4 0.0
4 2 36 0.0
4 3 64 -0.5289929889147075
4 3 56 -0.8896439322725813
4 5 1 -0.77994535853418
4 5 24 -1.3748921249149437
4 5 10 -1.2423600303535023
4 6 58 0.0
4 7 69 -0.30018705481682767
4 7 14 -1.3496911476503213
4 8 53 0.0
4 9 50 -0.9492617128167757
4 9 38 -2.52722416699532
4 9 70 -0.6290595781184369
4 10 35 -1.1826252317970467
4 10 20 -0.9491856326702964
4 10 61 -1.1826328612803794
4 11 33 0.0
4 12 17 -0.7760284446087662
4 12 31 -0.6166125566942628
4 13 45 -0.1422428897989589
4 13 46 -2.0204977347410216
4 14 48 -0.7450481716583236
4 14 22 -0.6438075135895495
4 15 7 -1.0549402101545535
4 15 55 -0.4280378354301481
4 16 13 0.0
4 17 29 0.0
4 18 41 0.0
4 19 19 -0.6964150781812788
4 19 43 -0.6898899273181747
4 20 3 -1.4529742850991125
4 20 67 -1.1006845434346224
4 20 9 -2.574015173522236
4 20 63 -1.0293077077284742
5 0 26 0.0
5 1 4 0.0
5 2 0 0.0
5 3 64 0.0
5 4 52 -0.8683235938881674
5 4 37 -1.1110623913575066
5 4 54 -1.3817586534591786
5 6 58 0.0
5 7 69 0.0
5 8 6 -0.8374832372020115
5 8 11 -0.5670404913729185
5 9 50 -1.1051016285524347
5 9 38 -11.331259924551299
5 9 70 -0.40225409234199294
5 10 35 -1.077057458211862
5 10 20 -1.1375092808928569
5 10 61 -1.0823832901622932
5 11 33 0.0
5 12 17 -0.6724544425501746
5 12 31 -0.7142771718757721
5 13 45 0.0
5 14 48 -0.9253590903063438
5 14 22 -0.9253641422234985
5 14 47 -1.5739554546754508
5 15 25 -0.5371347497949495
5 15 15 -0.8780810255103134
5 16 13 0.0
5 17 29 0.0
5 18 41 -0.43664758277823545
5 18 57 -1.039021018420297
5 19 19 -0.7002973444720095
5 19 43 -0.6860477787492363
5 20 3 -1.800436860025926
5 20 67 -0.8612656939920847
5 20 9 -10.454125909793003
5 20 63 -0.8864464073296593
6 0 26 0.0
6 1 32 -0.906823094860535
6 1 2 -2.5681500380413724
6 1 68 -0.6548544036990973
6 2 0 0.0
6 3 44 0.0
6 4 52 -0.6784889438891752
6 4 37 -1.3899788963967203
6 4 54 -1.412489102460453
6 5 65 -11.203457835633102
6 5 5 -1.3627087446060696E-5
6 7 30 -1.0804994271398392
6 7 62 -0.41464607162387973
6 8 6 -0.3759764651184089
6 8 11 -1.160333956343748
6 9 59 0.0
6 10 35 -0.37335499540293293
6 10 61 -1.1661017298599565
6 11 16 0.0
6 12 66 -2.133306011636576
6 12 71 -0.12606795927857656
6 13 18 -1.1628823753692288
6 13 8 -1.0543327501390853
6 13 28 -1.0817809336001147
6 14 47 0.0
6 15 23 -2.7144620405779065
6 15 40 -1.0681839530855486
6 15 25 -1.305696258649432
6 15 12 -2.7144449076266257
6 15 15 -1.3747535678930938
6 16 49 0.0
6 17 42 0.0
6 18 57 0.0
6 19 39 0.0
6 20 51 -0.2074312636538194
6 20 21 -1.674878705872449
7 0 26 0.0
7 1 2 -2.3036222897176177
7 1 68 -0.10524533795536944
7 2 0 0.0
7 3 64 -0.9803658713815195
7 3 44 -0.4702817613257123
7 4 52 -0.8682495471928091
7 4 37 -1.1111952086783063
7 4 54 -1.3817082973321746
7 5 5 0.0
7 6 58 0.0
7 8 6 -0.8374740926243432
7 8 11 -0.5670474691222147
7 9 50 -1.0602681345884892
7 9 70 -0.4252030142745675
7 10 35 -0.9334141492890055
7 10 20 -1.2423394069253304
7 10 61 -1.1454428101023768
7 11 16 -0.35754055110582117
7 11 33 -1.20195596336401
7 12 31 0.0
7 13 18 -1.1638996614987593
7 13 8 -1.054343268928307
7 13 28 -1.0808330088456344
7 14 48 -0.9043352014174444
7 14 22 -0.9043399718586993
7 14 47 -1.6587326560835471
7 15 25 -0.5371370006956044
7 15 15 -0.878077860127518
7 16 13 0.0
7 17 42 0.0
7 18 41 -0.5666315783000309
7 18 57 -0.8380193892921749
7 19 39 0.0
7 20 67 -2.4260793824667357
7 20 63 -0.09253496998199562
8 0 26 0.0
8 1 4 0.0
8 2 36 0.0
8 3 64 -0.5289929720825968
8 3 56 -0.8896439564142513
8 4 52 0.0
8 5 1 -0.7799471383640334
8 5 24 -1.3748921059801245
8 5 10 -1.2423572207462192
8 6 58 0.0
8 7 69 -0.3001905136046711
8 7 14 -1.3496812686075923
8 9 50 -0.9492610073544203
8 9 38 -2.5272051552495944
8 9 70 -0.6290629391030711
8 10 35 -1.1826228032710258
8 10 20 -0.9491894752147838
8 10 61 -1.1826304369132632
8 11 33 0.0
8 12 17 -0.7760323686520995
8 12 31 -0.6166092109035174
8 13 45 -0.14224288553276174
8 13 46 -2.020497762650816
8 14 48 -0.7463231223565746
8 14 22 -0.6426567174583091
8 15 7 -1.0525996687874097
8 15 55 -0.42929050464876256
8 16 13 0.0
8 17 29 0.0
8 18 41 0.0
8 19 19 -0.6964123520974674
8 19 43 -0.689892635679146
8 20 3 -1.4529764207595008
8 20 67 -1.10068699694899
8 20 9 -2.573999452437576
8 20 63 -1.0293073796469991
9 0 26 0.0
9 1 32 -0.9036436957917523
9 1 2 -2.6299778816979584
9 1 68 -0.6485008200636694
9 2 0 0.0
9 3 44 0.0
9 4 52 -0.6785335756743409
9 4 37 -1.3899708054038273
9 4 54 -1.4124043975779477
9 5 65 -11.396262717664447
9 5 5 -1.1237466953242113E-5
9 6 58 0.0
9 7 30 -1.0980094717110929
9 7 62 -0.405766652912066
9 8 6 -0.375924324916716
9 8 11 -1.1604482049650133
9 10 35 -0.07847707614334316
9 10 61 -2.583930661254501
9 11 16 0.0
9 12 66 -2.2873812337997124
9 12 71 -0.1070641911827223
9 13 18 -1.1628028488297744
9 13 8 -1.0543322846083099
9 13 28 -1.0818547491599735
9 14 47 0.0
9 15 23 -2.7144535695416763
9 15 40 -1.068222801407328
9 15 25 -1.3056634816821329
9 15 12 -2.714447561190783
9 15 15 -1.374737428396494
9 16 49 0.0
9 17 42 0.0
9 18 57 0.0
9 19 39 0.0
9 20 51 -0.1028467189532901
9 20 21 -2.3254982360074963
10 0 60 0.0
10 1 32 -0.9145906611837222
10 1 2 -2.480079140899803
10 1 68 -0.6624573773492929
10 2 0 0.0
10 3 44 0.0
10 4 52 -0.6784402690910587
10 4 37 -1.389984534995972
10 4 54 -1.412584751525745
10 5 65 -10.912257638394282
10 5 5 -1.823352689127593E-5
10 6 58 -1.3812554197302103
10 6 27 -0.28936737785002237
10 7 30 -1.1230512395058294
10 7 62 -0.3934660171841856
10 8 6 -0.3760731481513972
10 8 11 -1.1601221566102027
10 9 34 0.0
10 11 16 0.0
10 12 66 -1.9547865668302564
10 12 71 -0.15267890696916336
10 13 18 -1.1632095546780241
10 13 8 -1.0543344963460262
10 13 28 -1.081477542088045
10 14 47 0.0
10 15 23 -2.714480042477978
10 15 40 -1.0681127149011296
10 15 25 -1.3057820456936933
10 15 12 -2.7144421672695396
10 15 15 -1.3747544527067337
10 16 49 0.0
10 17 42 0.0
10 18 57 0.0
10 19 39 0.0
10 20 51 -0.9849655181774053
10 20 21 -0.46753005748652143
11 0 26 0.0
11 1 32 0.0
11 2 0 0.0
11 3 64 0.0
11 4 52 -0.8683153585200193
11 4 37 -1.1110654110333849
11 4 54 -1.3817684566231367
11 5 5 0.0
11 6 58 0.0
11 7 69 -0.3840309867106303
11 7 30 -1.1429100713855274
11 8 6 -0.8374793526609396
11 8 11 -0.5670434554494488
11 9 70 0.0
11 10 35 -0.6901436079539812
11 10 61 -0.6961598017993592
11 12 17 0.0
11 13 18 -2.570379148121698
11 13 8 -0.66737545605774
11 13 28 -2.5298421791693784
11 13 45 -1.1063364506710074
11 14 48 -0.915136174820507
11 14 22 -0.9151463647683632
11 14 47 -1.6140490191749355
11 15 25 -0.5371373306900391
11 15 15 -0.8780773960664051
11 16 13 0.0
11 17 42 0.0
11 18 41 -0.43666344697045323
11 18 57 -1.038992043937936
11 19 39 0.0
11 20 3 -2.313819627074858
11 20 51 -1.7718687869539915
11 20 67 -1.8285712384304196
11 20 21 -1.4752788549761051
11 20 63 -1.073692388581714
12 0 26 0.0
12 1 32 -0.8856674402270833
12 1 2 -2.7783284106553525
12 1 68 -0.6435594300750433
12 2 0 0.0
12 3 64 -0.5246803687050445
12 3 44 -0.8958620118773353
12 4 52 -0.7406369718683141
12 4 37 -1.3882923492550705
12 4 54 -1.2957632402198511
12 5 5 0.0
12 6 58 0.0
12 7 30 0.0
12 8 6 -0.27148024899900675
12 8 11 -1.436537001433805
12 9 70 0.0
12 10 35 -0.40218250133586286
12 10 61 -1.1052100066741775
12 11 16 0.0
12 13 18 -1.1528197959120121
12 13 8 -1.0554423324030475
12 13 28 -1.0900003397686537
12 14 47 0.0
12 15 23 -2.387037260283414
12 15 40 -0.9501681933872423
12 15 25 -1.2507579933683577
12 15 15 -1.4475965393107133
12 16 49 -2.445900955115498
12 16 13 -0.09063396745610096
12 17 42 0.0
12 18 57 0.0
12 19 39 0.0
12 20 51 -1.4528442033186677
12 20 67 -1.8726702110328357
12 20 21 -1.646546599591115
12 20 63 -0.8682890185022147
13 0 26 0.0
13 1 2 -1.5361954210903472
13 1 4 -0.8862076064852179
13 1 68 -0.9872883684086903
13 2 0 0.0
13 3 44 0.0
13 4 52 -1.117128334785051
13 4 37 -1.5759168608095335
13 4 54 -0.7636467940258064
13 5 65 0.0
13 6 58 0.0
13 7 30 -0.7527226614485499
13 7 62 -0.6369222613738647
13 8 6 -0.2718226353937088
13 8 11 -1.4354400645164784
13 9 38 0.0
13 10 35 -0.6932204146452415
13 10 61 -0.6930739518374875
13 11 16 -0.9751545153147465
13 11 33 -0.4734239937416764
13 12 66 -0.38144389966092895
13 12 71 -1.148458297674682
13 14 47 0.0
13 15 23 -2.4561655357488306
13 15 40 -0.786693032059939
13 15 25 -1.3748770423430807
13 15 12 -2.4561556982950727
13 15 15 -2.1181492233341226
13 16 49 0.0
13 17 29 0.0
13 18 57 0.0
13 19 19 -5.587800257448234
13 19 43 -0.0037502765118827665
13 20 51 -1.2896305724607877
13 20 21 -1.2891361611477463
13 20 9 -0.8004677712586393
14 0 26 0.0
14 1 4 0.0
14 2 0 -0.6506178825507317
14 2 36 -0.7375658717321406
14 3 56 -0.14231988723739028
14 3 44 -2.0199941577049647
14 4 54 0.0
14 5 65 -1.2959897081048053
14 5 24 -1.306419446424175
14 5 10 -0.7861725604699352
14 6 58 0.0
14 7 69 -0.5966471326622534
14 7 14 -1.7156751704322997
14 7 30 -2.142635649158487
14 7 62 -1.8828373156414224
14 8 53 -0.4954264635750221
14 8 6 -0.9398434394158689
14 9 38 0.0
14 10 35 -0.6931713386190061
14 10 61 -0.6931230230844821
14 11 16 -1.6902890497018987
14 11 33 -0.20391240638483812
14 12 66 -0.10398352115620413
14 12 71 -2.3150641201206246
14 13 46 0.0
14 15 23 -0.322416932170974
14 15 12 -1.2887906010433863
14 16 49 0.0
14 17 29 0.0
14 18 41 0.0
14 19 19 -0.6968821517973127
14 19 43 -0.6894261074397502
14 20 3 -0.10300318044757915
14 20 51 -3.642947595212421
14 20 21 -3.6425012271232466
14 20 9 -3.089734074905104
15 0 26 0.0
15 1 4 0.0
15 2 0 -0.49324389259003615
15 2 36 -0.9432568713693188
15 3 56 0.0
15 4 54 0.0
15 5 65 -1.178520434750275
15 5 24 -1.1970252329069038
15 5 10 -0.9411605442731189
15 6 58 0.0
15 7 69 -0.2645432504119112
15 7 14 -1.459107883508537
15 8 53 -0.3610728826272147
15 8 6 -1.19378554661621
15 9 38 0.0
15 10 35 -0.69314786124098
15 10 61 -0.6931464998793742
15 11 33 0.0
15 12 17 -1.1182201090235213
15 12 71 -1.80364399184916
15 12 31 -0.676405489594035
15 13 45 -0.2036511441778764
15 13 46 -1.6914449209715885
15 14 48 -2.170419743079398
15 14 22 -0.12118472927718334
15 16 13 0.0
15 17 29 0.0
15 18 41 0.0
15 19 19 -0.6954892206277162
15 19 43 -0.6908106128299146
15 20 3 -1.5509227873970253
15 20 51 -3.158830032004818
15 20 67 -1.676874875857684
15 20 21 -3.158487353043703
15 20 9 -2.9504767526821403
15 20 63 -0.7684951971547725
16 0 26 0.0
16 1 4 0.0
16 2 0 -0.5674120078454058
16 2 36 -0.8369965571902325
16 3 56 -0.14230643429623532
16 3 44 -2.020082121273407
16 4 54 0.0
16 5 65 -1.1780167467687246
16 5 24 -1.299515869652803
16 5 10 -0.8688169593629784
16 6 58 0.0
16 7 69 -0.2956918334192201
16 7 14 -1.3626429685371282
16 8 53 -0.43297375550280004
16 8 6 -1.0457661131659757
16 9 38 0.0
16 10 35 -0.6931702960666797
16 10 61 -0.6931240655875253
16 11 33 0.0
16 12 17 -1.0764457642454754
16 12 66 -1.981676427842614
16 12 71 -2.4460248728104346
16 12 31 -0.8330529976160239
16 13 46 0.0
16 14 48 0.0
16 15 23 -1.6542099480559027
16 15 12 -0.21225688669276332
16 17 29 0.0
16 18 41 0.0
16 19 19 -0.6969958013400678
16 19 43 -0.689313314893039
16 20 3 -1.0129533986140644
16 20 51 -3.465439594613178
16 20 21 -3.464220253114124
16 20 9 -3.2622310070088925
16 20 63 -0.6236293125472003
17 0 26 0.0
17 1 2 -1.5364885956765177
17 1 4 -0.886238299360715
17 1 68 -0.9870851248593309
17 2 0 0.0
17 3 44 0.0
17 4 52 -1.1171820871022609
17 4 37 -1.5758962316570182
17 4 54 -0.7636182048083388
17 5 65 0.0
17 6 58 0.0
17 7 30 -0.7528264994912814
17 7 62 -0.636829786789088
17 8 6 -0.27182353019998284
17 8 11 -1.4354371998053659
17 9 38 0.0
17 10 35 -0.6932131145116942
17 10 61 -0.6930812509551957
17 11 16 -0.9749157088849625
17 11 33 -0.47356861444848
17 12 66 -0.381408192205161
17 12 71 -1.1485351918561988
17 13 28 0.0
17 14 47 0.0
17 15 23 -2.4561662674307954
17 15 40 -0.7866954669430584
17 15 25 -1.3748765390905364
17 15 12 -2.4561590483167537
17 15 15 -2.1181381508105024
17 16 49 0.0
17 18 57 0.0
17 19 19 -6.208298731566251
17 19 43 -0.0020146867447784983
17 20 51 -1.2895650891575483
17 20 21 -1.2891509894829967
17 20 9 -0.8004988271884073
18 0 26 0.0
18 1 4 0.0
18 2 0 -0.9372213130204872
18 2 36 -0.49711139069225174
18 3 56 0.0
18 4 54 0.0
18 5 65 -1.032405362686245
18 5 24 -0.44028835194594285
18 6 58 0.0
18 7 69 -1.313147808303154
18 7 14 -1.2792564428756277
18 7 30 -1.4863031289675863
18 7 62 -1.4846727974261191
18 8 53 -0.3565686859339645
18 8 6 -1.204458610571819
18 8 11 -9.548306801007463
18 9 38 0.0
18 10 35 -0.6931818520934507
18 10 61 -0.6931125102285132
18 11 16 -0.8526898665364225
18 11 33 -0.5555907776359487
18 12 66 -0.3471618155083347
18 12 71 -1.2265285003614823
18 13 45 -0.25011567739727036
18 13 46 -1.5082843775776968
18 14 48 -1.4844603058077326
18 14 22 -0.2569907281753617
18 15 40 0.0
18 16 13 0.0
18 17 29 0.0
18 19 19 -0.6955175376394769
18 19 43 -0.6907824287891334
18 20 3 -0.5627204847784935
18 20 51 -2.1925629820196733
18 20 21 -2.192065628791414
18 20 9 -1.5749074803745855
19 0 26 0.0
19 1 32 -1.617721208009001
19 1 2 -2.0078524034042173
19 1 4 -0.82882518525214
19 1 68 -1.4661551548277392
19 2 0 0.0
19 3 44 0.0
19 4 52 -1.119191419477563
19 4 37 -1.5734421002408634
19 4 54 -0.7632993505673665
19 5 65 0.0
19 6 58 0.0
19 7 30 -0.7383336297182561
19 7 62 -0.649914577275213
19 8 6 -0.2718348162080724
19 8 11 -1.4354010687159513
19 9 38 0.0
19 10 35 -0.6933291835612995
19 10 61 -0.6929652106776559
19 11 16 0.0
19 12 66 -0.3569212491467842
19 12 71 -1.2033983279884366
19 13 18 -5.642779048260777
19 13 28 -0.0035492998395664135
19 14 47 0.0
19 15 23 -2.454404070923628
19 15 40 -0.7849193860130643
19 15 25 -1.3749818849519966
19 15 12 -2.4543843167617183
19 15 15 -2.1272135001556265
19 16 49 0.0
19 17 42 0.0
19 18 57 0.0
19 20 51 -1.2718492355215685
19 20 21 -1.2707792689014847
19 20 9 -0.8230864987554367
20 0 26 0.0
20 1 2 -2.298076362860418
20 1 68 -0.1058627428361893
20 2 0 0.0
20 3 44 0.0
20 4 52 -0.7018494171904825
20 4 37 -1.383575834484342
20 4 54 -1.3717932736036482
20 5 65 -11.003500352080634
20 5 5 -1.664347965830297E-5
20 6 58 0.0
20 7 62 0.0
20 8 6 -0.3723588553575981
20 8 11 -1.1683061829499177
20 9 50 0.0
20 10 35 -0.8729525943764386
20 10 20 -0.8646056733142551
20 10 61 -1.8259410406431715
20 11 16 -0.37634324089716886
20 11 33 -1.1595308210230375
20 12 66 -2.5021434993928025
20 12 71 -1.1183496425900274
20 12 31 -0.5254790551406295
20 13 18 -1.1635677625681404
20 13 8 -1.0543344741892458
20 13 28 -1.0811475830771557
20 14 47 0.0
20 15 23 -2.714470913391629
20 15 40 -1.0717838547887233
20 15 25 -1.3276821401925334
20 15 12 -2.7144357285229606
20 15 15 -1.3469601563862095
20 16 49 0.0
20 17 42 0.0
20 18 57 0.0
20 19 39 0.0
