0 1 32 -0.817338209209157
0 1 2 -2.3698717194837133
0 1 68 -0.7659292330933833
0 2 0 0.0
0 3 44 0.0
0 4 52 -0.8678859752552976
0 4 37 -1.1247971761721534
0 4 54 -1.364753955657114
0 5 65 -4.093096352662586
0 5 5 -0.016828287843797994
0 6 27 0.0
0 7 30 -0.7177925633704423
0 7 62 -0.6690946117975662
0 8 6 -0.3477276240581271
0 8 11 -1.225166569774912
0 9 59 0.0
0 10 35 -2.7711796228561933
0 10 61 -0.06463253173180182
0 11 16 0.0
0 12 66 -2.837237677230975
0 12 71 -0.06037363791567881
0 13 18 -1.6041032212063255
0 13 8 -1.1540599554703075
0 13 28 -0.7265460313131942
0 14 47 0.0
0 15 23 -2.6548428145674934
0 15 40 -0.948661785033298
0 15 25 -1.3179992348363614
0 15 12 -2.654797163230321
0 15 15 -1.5874426579705867
0 16 49 0.0
0 17 42 0.0
0 18 57 0.0
0 19 39 0.0
0 20 51 -0.4358727981367278
0 20 21 -1.0404376740833967
1 0 26 0.0
1 2 0 0.0
1 3 64 0.0
1 4 52 -0.6338750978155953
1 4 37 -1.1248494019963502
1 4 54 -1.932631883348274
1 5 5 0.0
1 6 58 0.0
1 7 69 0.0
1 8 6 -0.8032856337110673
1 8 11 -0.5939446882086101
1 9 50 -0.7751471123867707
1 9 70 -0.6173646312600048
1 10 35 -0.8849926833849431
1 10 20 -1.7454376649320822
1 10 61 -0.8849998447925785
1 11 33 0.0
1 12 17 -0.5481460042468906
1 12 31 -0.8627984615406202
1 13 8 -0.243466917117176
1 13 45 -1.532039047962618
1 14 48 -1.082394329336918
1 14 22 -1.0823948087783057
1 14 47 -1.131858759713181
1 15 25 -0.5169621672801838
1 15 15 -0.9071559512349878
1 16 13 0.0
1 17 29 0.0
1 18 41 -0.6814028302721694
1 18 57 -0.7050311014001591
1 19 19 -1.5791804174216169
1 19 39 -0.7134579990634222
1 19 43 -1.1910269953790058
1 20 3 -1.6740236936818544
1 20 67 -0.7194904113060269
1 20 63 -1.1223667087831284
2 0 26 0.0
2 1 4 0.0
2 3 64 0.0
2 4 37 0.0
2 5 1 0.0
2 6 58 0.0
2 7 69 0.0
2 8 53 -0.3477287156339125
2 8 11 -1.225163944831301
2 9 50 -1.0416150937281794
2 9 38 -4.655404921816484
2 9 70 -0.45003527748594907
2 10 35 -1.0605335535692137
2 10 20 -1.179403075968283
2 10 61 -1.0605457672655765
2 11 33 0.0
2 12 17 -0.6762621530683758
2 12 31 -0.7103222160056307
2 13 45 0.0
2 14 48 -0.8483086100868625
2 14 22 -0.8483375706324706
2 14 47 -1.9397807452950528
2 15 7 -0.9344465412902399
2 15 55 -1.5527114476336696
2 15 25 -1.3639078160799194
2 15 15 -1.9670862645487712
2 16 13 0.0
2 17 29 0.0
2 18 41 -0.15509737746708613
2 18 57 -1.9402487073247823
2 19 19 -0.7885655991273803
2 19 43 -0.6060456135496356
2 20 3 -1.6560829668566253
2 20 67 -0.5218695379768646
2 20 9 -3.9262891747376063
2 20 63 -1.629702004912929
3 0 26 0.0
3 1 4 0.0
3 2 0 0.0
3 4 52 -0.8649479730208037
3 4 37 -1.8243354677524222
3 4 54 -0.873227107594012
3 5 65 0.0
3 6 58 0.0
3 7 69 -2.6890311739589383
3 7 30 -0.6898293944619079
3 7 62 -0.8430597500693461
3 8 6 -0.30421097624557203
3 8 11 -1.338286261752122
3 9 38 0.0
3 10 35 -0.6931860956047582
3 10 61 -0.6931082670294543
3 11 16 -0.4790937448494778
3 11 33 -0.9658603064619653
3 12 66 -0.6387591833964217
3 12 71 -0.7506642304432529
3 13 45 0.0
3 14 22 -0.2329318604988166
3 14 47 -1.5712155451194258
3 15 40 -0.6386252617346794
3 15 25 -1.3182837123331
3 15 15 -1.587735073390382
3 16 49 -0.610253811764506
3 16 13 -0.7835380311394385
3 17 29 0.0
3 18 57 0.0
3 19 19 -3.922793989241601
3 19 43 -0.01998409479718152
3 20 3 -2.801882479313376
3 20 51 -1.3883046849949248
3 20 21 -1.3881365851234508
3 20 9 -0.8203750273696679
4 0 26 0.0
4 1 4 0.0
4 2 36 0.0
4 3 64 -0.670535243239994
4 3 56 -0.7162822698751261
4 5 1 -0.8344767960599064
4 5 24 -1.3638453949979243
4 5 10 -1.1704647096883907
4 6 58 0.0
4 7 69 -0.228732849958005
4 7 14 -1.5873879785950682
4 8 53 0.0
4 9 50 -1.135761579675159
4 9 38 -1.6723856169094198
4 9 70 -0.7112621533491462
4 10 35 -1.090915550451225
4 10 20 -1.1141873542490153
4 10 61 -1.0909140291870476
4 11 33 0.0
4 12 17 -1.3429915985728382
4 12 31 -0.302543291360001
4 13 45 -0.2329320813352684
4 13 46 -1.571214703182128
4 14 48 -0.6927293618284905
4 14 22 -0.693565173936865
4 15 7 -0.7755540938324217
4 15 55 -0.6170171857303305
4 16 13 0.0
4 17 29 0.0
4 18 41 0.0
4 19 19 -0.7397840720676849
4 19 43 -0.6485887171642085
4 20 3 -1.9162353909834606
4 20 67 -1.0482886189686245
4 20 9 -1.7844903463259072
4 20 63 -1.0953565744779084
5 0 26 0.0
5 1 4 0.0
5 2 0 0.0
5 3 64 0.0
5 4 52 -0.6804978268855211
5 4 37 -1.1049724434846095
5 4 54 -1.817599610275738
5 6 58 0.0
5 7 69 0.0
5 8 6 -0.8591953697424993
5 8 11 -0.5507846372088436
5 9 50 -1.0416874445811561
5 9 38 -4.655352191636308
5 9 70 -0.44999602346891754
5 10 35 -1.0606089199152071
5 10 20 -1.179228308585674
5 10 61 -1.0606256015740596
5 11 33 0.0
5 12 17 -0.6762662747798714
5 12 31 -0.7103179515081138
5 13 45 0.0
5 14 48 -1.0167737898522404
5 14 22 -1.0167749838718487
5 14 47 -1.285616488734996
5 15 25 -0.46099954209644867
5 15 15 -0.9960186058402898
5 16 13 0.0
5 17 29 0.0
5 18 41 -0.5978053042151725
5 18 57 -0.7985464377982919
5 19 19 -0.7892220151831238
5 19 43 -0.6054990375614466
5 20 3 -1.6560204367576854
5 20 67 -0.5218919351008412
5 20 9 -3.926517027371246
5 20 63 -1.629672176604903
6 0 26 0.0
6 1 32 -0.8173375455816525
6 1 2 -2.3698644686821786
6 1 68 -0.7659313216257555
6 2 0 0.0
6 3 44 0.0
6 4 52 -0.8678802185160852
6 4 37 -1.1247740163701048
6 4 54 -1.3647928589662903
6 5 65 -4.093088261944171
6 5 5 -0.01682842514936514
6 7 30 -0.7163352627903835
6 7 62 -0.6704846226000669
6 8 6 -0.3477283986401389
6 8 11 -1.2251647071143188
6 9 59 0.0
6 10 35 -1.1474803450309168
6 10 61 -0.3818983838379586
6 11 16 0.0
6 12 66 -2.836694802527746
6 12 71 -0.06040743257736663
6 13 18 -1.6038523275308978
6 13 8 -1.15405840536725
6 13 28 -0.7266513817515151
6 14 47 0.0
6 15 23 -2.654838586343101
6 15 40 -0.9486599638225222
6 15 25 -1.3180018092388917
6 15 12 -2.6548044703276346
6 15 15 -1.5874416782311456
6 16 49 0.0
6 17 42 0.0
6 18 57 0.0
6 19 39 0.0
6 20 51 -0.29422183214775294
6 20 21 -1.3669278426092795
7 0 26 0.0
7 1 2 -1.676167074169645
7 1 68 -0.20713451310744851
7 2 0 0.0
7 3 64 -2.2052552125565112
7 3 44 -0.11678372565627597
7 4 52 -0.9158234780694081
7 4 37 -1.0983077149578506
7 4 54 -1.322838245170656
7 5 5 0.0
7 6 58 0.0
7 8 6 -0.7312909360999232
7 8 11 -0.6564050707611268
7 9 50 -0.6665438525908883
7 9 70 -0.7204776335894556
7 10 35 -0.7301196780618899
7 10 20 -2.6208194521373063
7 10 61 -0.808770284472026
7 11 16 -0.8168152315806081
7 11 33 -0.5831034621701616
7 12 31 0.0
7 13 18 -1.651268947625547
7 13 8 -1.1540557839756733
7 13 28 -0.7075737887807316
7 14 48 -1.0871410585942816
7 14 22 -1.087142217016001
7 14 47 -1.1219560280396959
7 15 25 -0.5873875643188793
7 15 15 -0.8114293160390188
7 16 13 0.0
7 17 42 0.0
7 18 41 -0.7762279145804688
7 18 57 -0.6164425117020218
7 19 39 0.0
7 20 67 -2.2611258581290934
7 20 63 -0.11007501928999182
8 0 26 0.0
8 1 4 0.0
8 2 36 0.0
8 3 64 -0.670535264165119
8 3 56 -0.7162822479705055
8 4 52 0.0
8 5 1 -0.8344769871878561
8 5 24 -1.3638454500404609
8 5 10 -1.1704643968745936
8 6 58 0.0
8 7 69 -0.22873285815941283
8 7 14 -1.5873879466837435
8 9 50 -1.1357556948188885
8 9 38 -1.6723876853835575
8 9 70 -0.7112652115188016
8 10 35 -1.0909154853211354
8 10 20 -1.114187594969043
8 10 61 -1.0909138591347205
8 11 33 0.0
8 12 17 -1.3429916233614476
8 12 31 -0.3025432826022783
8 13 45 -0.23293207817229727
8 13 46 -1.571214715240925
8 14 48 -0.692704158552302
8 14 22 -0.6935903989230806
8 15 7 -0.7755540274888783
8 15 55 -0.6170172423473479
8 16 13 0.0
8 17 29 0.0
8 18 41 0.0
8 19 19 -0.7397763106265413
8 19 43 -0.648595802165813
8 20 3 -1.9162354964491546
8 20 67 -1.0482880317568322
8 20 9 -1.7844904139779365
8 20 63 -1.0953571096179935
9 0 26 0.0
9 1 32 -0.8173372647799173
9 1 2 -2.369858191826468
9 1 68 -0.7659328506631695
9 2 0 0.0
9 3 44 0.0
9 4 52 -0.8678710857750902
9 4 37 -1.124757922409646
9 4 54 -1.3648283305762479
9 5 65 -4.093080480197942
9 5 5 -0.016828557212507755
9 6 58 0.0
9 7 30 -0.7151298196977353
9 7 62 -0.6716374017593625
9 8 6 -0.34772888557082876
9 8 11 -1.22516353618
9 10 35 -0.17893452384635877
9 10 61 -1.8088688811551892
9 11 16 0.0
9 12 66 -2.836182821173149
9 12 71 -0.0604393219492306
9 13 18 -1.6036310689213797
9 13 8 -1.1540565952482684
9 13 28 -0.7267446083675868
9 14 47 0.0
9 15 23 -2.6548290825193335
9 15 40 -0.948658619188417
9 15 25 -1.3180064180192566
9 15 12 -2.6548066443426297
9 15 15 -1.5874407119884502
9 16 49 0.0
9 17 42 0.0
9 18 57 0.0
9 19 39 0.0
9 20 51 -0.19864354073379945
9 20 21 -1.7139214880497369
10 0 60 0.0
10 1 32 -0.8173389103339195
10 1 2 -2.3698766427468416
10 1 68 -0.7659275770273418
10 2 0 0.0
10 3 44 0.0
10 4 52 -0.8678867743830238
10 4 37 -1.1248154889656397
10 4 54 -1.3647293636373963
10 5 65 -4.09310065816479
10 5 5 -0.01682821477665308
10 6 58 -1.3168516632563985
10 6 27 -0.3119442452253852
10 7 30 -0.7184979332359522
10 7 62 -0.6684232313431854
10 8 6 -0.3477270094511064
10 8 11 -1.2251680477423426
10 9 34 0.0
10 11 16 0.0
10 12 66 -2.837385788782709
10 12 71 -0.060364421160753724
10 13 18 -1.6043061077214453
10 13 8 -1.1540611651558446
10 13 28 -0.7264608949421464
10 14 47 0.0
10 15 23 -2.6548422138460497
10 15 40 -0.9486632089178938
10 15 25 -1.3179990090068279
10 15 12 -2.6547887506835117
10 15 15 -1.5874433563773114
10 16 49 0.0
10 17 42 0.0
10 18 57 0.0
10 19 39 0.0
10 20 51 -1.095776095389715
10 20 21 -0.40688622695920235
11 0 26 0.0
11 1 32 0.0
11 2 0 0.0
11 3 64 0.0
11 4 52 -0.5921753221957906
11 4 37 -1.1291087276413572
11 4 54 -2.091061191168574
11 5 5 0.0
11 6 58 0.0
11 7 69 -0.16689741487022272
11 7 30 -1.8726642997873841
11 8 6 -0.7513346511646842
11 8 11 -0.6381601210523566
11 9 70 0.0
11 10 35 -0.6931552793494723
11 10 61 -0.6931390818360084
11 12 17 0.0
11 13 18 -1.6505595046861339
11 13 8 -1.1007745604484067
11 13 28 -1.3173364027755627
11 13 45 -1.5721596224758132
11 14 48 -1.1088123596586419
11 14 22 -1.108814323975268
11 14 47 -1.078517157335397
11 15 25 -0.5674695786349543
11 15 15 -0.8369211778385348
11 16 13 0.0
11 17 42 0.0
11 18 41 -0.7509211099953232
11 18 57 -0.6385295557643471
11 19 39 0.0
11 20 3 -2.319844724993065
11 20 51 -2.095366415937198
11 20 67 -2.20033288453768
11 20 21 -2.095180274518833
11 20 63 -0.6072050025176132
12 0 26 0.0
12 1 32 -0.8170046812683076
12 1 2 -2.431760357591089
12 1 68 -0.7542459880974686
12 2 0 0.0
12 3 64 -2.20761470948613
12 3 44 -0.1164918269769065
12 4 52 -1.0060875498988429
12 4 37 -1.1833498018847377
12 4 54 -1.1144304299720802
12 5 5 0.0
12 6 58 0.0
12 7 30 0.0
12 8 6 -0.3477222550821235
12 8 11 -1.2251794808475571
12 9 70 0.0
12 10 35 -0.6855796637669432
12 10 61 -0.7007724016188406
12 11 16 0.0
12 13 18 -1.603335173820315
12 13 8 -1.1540546092858937
12 13 28 -0.7268690446496904
12 14 47 0.0
12 15 23 -1.9113531754681472
12 15 40 -0.9546541924524417
12 15 25 -1.3285238631246679
12 15 15 -1.59797059464334
12 16 49 -2.7581065754318788
12 16 13 -0.06551149573479541
12 17 42 0.0
12 18 57 0.0
12 19 39 0.0
12 20 51 -1.7470043111703648
12 20 67 -2.8547662584110993
12 20 21 -1.6714592879555648
12 20 63 -0.5444464076433099
13 0 26 0.0
13 1 2 -1.7354436583115618
13 1 4 -1.4878509292722755
13 1 68 -0.514464694427491
13 2 0 0.0
13 3 44 0.0
13 4 52 -0.8948334354175347
13 4 37 -1.7583061050515902
13 4 54 -0.8699134777990609
13 5 65 0.0
13 6 58 0.0
13 7 30 -0.9298197180744507
13 7 62 -0.5019069266567651
13 8 6 -0.3477142705272162
13 8 11 -1.2251986821835137
13 9 38 0.0
13 10 35 -0.6931587370375931
13 10 61 -0.6931356242158483
13 11 16 -1.2553171841379556
13 11 33 -0.335452374293905
13 12 66 -0.43114161649164007
13 12 71 -1.0491563077808936
13 14 47 0.0
13 15 23 -2.2681296617256046
13 15 40 -0.7354857576034418
13 15 25 -1.8481952394925718
13 15 12 -2.2681226885734795
13 15 15 -1.8566544768826998
13 16 49 0.0
13 17 29 0.0
13 18 57 0.0
13 19 19 -4.96542954428399
13 19 43 -0.006999392711151997
13 20 51 -1.146560452027522
13 20 21 -1.146525741904899
13 20 9 -1.0091368039149702
14 0 26 0.0
14 1 4 0.0
14 2 0 -0.45765582011092293
14 2 36 -1.0017539182865713
14 3 56 -0.0742482362250317
14 3 44 -2.63723568476624
14 4 54 0.0
14 5 65 -1.1357456674752588
14 5 24 -1.320190499782025
14 5 10 -0.8873800868376645
14 6 58 0.0
14 7 69 -0.750499783507619
14 7 14 -1.591531241830611
14 7 30 -1.5425814158507152
14 7 62 -2.2033963563140975
14 8 53 -0.6178301372984828
14 8 6 -0.7746023212979644
14 9 38 0.0
14 10 35 -0.6931604040806469
14 10 61 -0.6931339572141029
14 11 16 -2.277631590504739
14 11 33 -0.10817195817590677
14 12 66 -0.363388963953596
14 12 71 -1.188479868927549
14 13 46 0.0
14 15 23 -0.5080863764582471
14 15 12 -0.9204137234452352
14 16 49 0.0
14 17 29 0.0
14 18 41 0.0
14 19 19 -0.7080954840363343
14 19 43 -0.6784190418104828
14 20 3 -0.42153179991039874
14 20 51 -2.254368891248913
14 20 21 -2.2543095884970215
14 20 9 -2.0093697465383147
15 0 26 0.0
15 1 4 0.0
15 2 0 -0.5023939150123543
15 2 36 -0.9290731131265341
15 3 56 0.0
15 4 54 0.0
15 5 65 -1.1336077957633377
15 5 24 -1.3182764572362775
15 5 10 -0.8902966161189197
15 6 58 0.0
15 7 69 -0.2744155155136031
15 7 14 -1.4271839042377172
15 8 53 -0.6170196656534809
15 8 6 -0.7755511878782723
15 9 38 0.0
15 10 35 -0.693148168142277
15 10 61 -0.6931461929785891
15 11 33 0.0
15 12 17 -1.4301008550392675
15 12 71 -1.4713479252580044
15 12 31 -0.6328060051226224
15 13 45 -0.24574688820990562
15 13 46 -1.5238115778383696
15 14 48 -1.9626590421466166
15 14 22 -0.15138626930087093
15 16 13 0.0
15 17 29 0.0
15 18 41 0.0
15 19 19 -0.7401032566159631
15 19 43 -0.6482974418628754
15 20 3 -1.9696359470457754
15 20 51 -2.7564446053693716
15 20 67 -1.5943372524306405
15 20 21 -2.7561362760847974
15 20 9 -2.785267179346421
15 20 63 -0.757829206884258
16 0 26 0.0
16 1 4 0.0
16 2 0 -0.506907949908529
16 2 36 -0.9221961716693039
16 3 56 -0.19998704041066023
16 3 44 -1.7078303370643404
16 4 54 0.0
16 5 65 -1.1337961940425187
16 5 24 -1.3181883452485383
16 5 10 -0.8902063607605412
16 6 58 0.0
16 7 69 -0.33596939580472607
16 7 14 -1.2540211778642119
16 8 53 -0.6170200826362081
16 8 6 -0.7755506992627786
16 9 38 0.0
16 10 35 -0.6931615139493794
16 10 61 -0.6931328473759544
16 11 33 0.0
16 12 17 -1.3941760801110963
16 12 66 -1.7132135575075853
16 12 71 -1.989671175711148
16 12 31 -0.8325545448361621
16 13 46 0.0
16 14 48 0.0
16 15 23 -1.35391557007971
16 15 12 -0.2987122443388658
16 17 29 0.0
16 18 41 0.0
16 19 19 -0.7083123674847683
16 19 43 -0.6782085451111072
16 20 3 -1.923480326638572
16 20 51 -2.8752000656988272
16 20 21 -2.8749880459398365
16 20 9 -2.883764424381798
16 20 63 -0.3781074472331517
17 0 26 0.0
17 1 2 -1.7352845510992931
17 1 4 -1.4876723006771109
17 1 68 -0.514579124181029
17 2 0 0.0
17 3 44 0.0
17 4 52 -0.8948414635033057
17 4 37 -1.7582947067846557
17 4 54 -0.8699103356574452
17 5 65 0.0
17 6 58 0.0
17 7 30 -0.9300744009460538
17 7 62 -0.501740941891814
17 8 6 -0.34771528393720164
17 8 11 -1.2251962450963183
17 9 38 0.0
17 10 35 -0.6931565123925979
17 10 61 -0.693137848814375
17 11 16 -1.2553154874408508
17 11 33 -0.3354530505522277
17 12 66 -0.43109850702020647
17 12 71 -1.0492362911690718
17 13 28 0.0
17 14 47 0.0
17 15 23 -2.2681284510677915
17 15 40 -0.7354866514294177
17 15 25 -1.848197170076533
17 15 12 -2.2681224853610606
17 15 15 -1.8566507241921362
17 16 49 0.0
17 18 57 0.0
17 19 19 -5.463442393124469
17 19 43 -0.004247948277427998
17 20 51 -1.146522055681666
17 20 21 -1.1464996585762366
17 20 9 -1.0091930077645777
18 0 26 0.0
18 1 4 0.0
18 2 0 -0.83410939660133
18 2 36 -0.5696225503661364
18 3 56 0.0
18 4 54 0.0
18 5 65 -0.6184605278414607
18 5 24 -0.7738654390713474
18 6 58 0.0
18 7 69 -0.9720287929571444
18 7 14 -1.5885423863817252
18 7 30 -1.5625588778492763
18 7 62 -1.5708753773723643
18 8 53 -0.6197483599528225
18 8 6 -0.772583867357826
18 8 11 -9.191236445697724
18 9 38 0.0
18 10 35 -0.6931673528006794
18 10 61 -0.693127008726122
18 11 16 -0.7822877004096298
18 11 33 -0.6113064244774075
18 12 66 -0.6153755303998606
18 12 71 -0.777481213202605
18 13 45 -0.24574558169257474
18 13 46 -1.5238162678391969
18 14 48 -1.0915373489342228
18 14 22 -0.40902143748117864
18 15 40 0.0
18 16 13 0.0
18 17 29 0.0
18 19 19 -0.7406477720920629
18 19 43 -0.6478009485338045
18 20 3 -1.9118249103523397
18 20 51 -1.3059203780997546
18 20 21 -1.3057592514438094
18 20 9 -1.1702163302830053
19 0 26 0.0
19 1 32 -1.256234444609317
19 1 2 -1.9172986327749932
19 1 4 -2.0834138010201424
19 1 68 -0.8124537006520639
19 2 0 0.0
19 3 44 0.0
19 4 52 -0.894759801358915
19 4 37 -1.7584167176204883
19 4 54 -0.8699398083227367
19 5 65 0.0
19 6 58 0.0
19 7 30 -0.9481016491631142
19 7 62 -0.49016697553784144
19 8 6 -0.3477144940890534
19 8 11 -1.2251981445527116
19 9 38 0.0
19 10 35 -0.6931684604496142
19 10 61 -0.6931259011231005
19 11 16 0.0
19 12 66 -0.4296073670754084
19 12 71 -1.0520089600519422
19 13 18 -4.874881655320195
19 13 28 -0.007665301346282013
19 14 47 0.0
19 15 23 -2.2681283249584903
19 15 40 -0.7354625878384943
19 15 25 -1.8482043494503935
19 15 12 -2.268115658572889
19 15 15 -1.8567219321401405
19 16 49 0.0
19 17 42 0.0
19 18 57 0.0
19 20 51 -1.1440195668675337
19 20 21 -1.1439488910771032
19 20 9 -1.0136132216983254
20 0 26 0.0
20 1 2 -1.8019161655151967
20 1 68 -0.18030253813858735
20 2 0 0.0
20 3 44 0.0
20 4 52 -1.0119353585726567
20 4 37 -1.1260685208493901
20 4 54 -1.1641770053319414
20 5 65 -2.1699555055200035
20 5 5 -0.12124455426492914
20 6 58 0.0
20 7 62 0.0
20 8 6 -0.3477251197373835
20 8 11 -1.225172592023725
20 9 50 0.0
20 10 35 -1.5308237058589065
20 10 20 -0.404506085120494
20 10 61 -2.1512701534085936
20 11 16 -0.81652850715339
20 11 33 -0.5833304886536219
20 12 66 -2.84244000231363
20 12 71 -0.7302232912434385
20 12 31 -0.776712886944513
20 13 18 -1.6038385651248854
20 13 8 -1.1540763748388752
20 13 28 -0.7266453866714051
20 14 47 0.0
20 15 23 -2.413558681896549
20 15 40 -1.0524423222102948
20 15 25 -1.3184134216619963
20 15 12 -2.413543472955546
20 15 15 -1.587859602379661
20 16 49 0.0
20 17 42 0.0
20 18 57 0.0
20 19 39 0.0
