0 1 32 -0.8381943320127186
0 1 2 -2.3663621658609215
0 1 68 -0.7472067532915346
0 2 0 0.0
0 3 44 0.0
0 4 52 -0.9479722663324731
0 4 37 -1.1611331230822586
0 4 54 -1.2061658422784542
0 5 65 -3.848534314410928
0 5 5 -0.021541305605391803
0 6 27 0.0
0 7 30 -0.7127889504152315
0 7 62 -0.6738837897243724
0 8 6 -0.36020574585555476
0 8 11 -1.1957824266425983
0 9 59 0.0
0 10 35 -2.631721346721285
0 10 61 -0.07467451392644013
0 11 16 0.0
0 12 66 -2.7313693972568682
0 12 71 -0.06734783923232161
0 13 18 -1.6773700745222577
0 13 8 -1.1423830169141922
0 13 28 -0.7050630247816078
0 14 47 0.0
0 15 23 -2.7835276787844583
0 15 40 -0.8626995693863709
0 15 25 -1.3443258892796004
0 15 12 -2.78347257164644
0 15 15 -1.6418586093782057
0 16 49 0.0
0 17 42 0.0
0 18 57 0.0
0 19 39 0.0
0 20 51 -0.4118922332681654
0 20 21 -1.0858806502913025
1 0 26 0.0
1 2 0 0.0
1 3 64 0.0
1 4 52 -0.6050681313971252
1 4 37 -1.1392897960726902
1 4 54 -2.0105385261511084
1 5 5 0.0
1 6 58 0.0
1 7 69 0.0
1 8 6 -0.8006371070653159
1 8 11 -0.5960981219052236
1 9 50 -0.8190586632193434
1 9 70 -0.5813311462677262
1 10 35 -0.9063401414700092
1 10 20 -1.6502769566304298
1 10 61 -0.9063325578554787
1 11 33 0.0
1 12 17 -0.5613256734292764
1 12 31 -0.8450225515699877
1 13 8 -0.20888997120911687
1 13 45 -1.668575139614564
1 14 48 -1.0526297378520737
1 14 22 -1.052630039372868
1 14 47 -1.1974518512921564
1 15 25 -0.5446350465642908
1 15 15 -0.8676278072526604
1 16 13 0.0
1 17 29 0.0
1 18 41 -0.7740469013522269
1 18 57 -0.6183052098594577
1 19 19 -1.6803894804935535
1 19 39 -0.6532457496643713
1 19 43 -1.2264075752555137
1 20 3 -1.6905364161977692
1 20 67 -0.6932714416808355
1 20 63 -1.153148027491393
2 0 26 0.0
2 1 4 0.0
2 3 64 0.0
2 4 37 0.0
2 5 1 0.0
2 6 58 0.0
2 7 69 0.0
2 8 53 -0.3600753980987258
2 8 11 -1.1960830920718213
2 9 50 -1.0580625032366109
2 9 38 -4.558295284241037
2 9 70 -0.44255598913337824
2 10 35 -1.0512583883400015
2 10 20 -1.2004257506041416
2 10 61 -1.0514339200881655
2 11 33 0.0
2 12 17 -0.6994080419481925
2 12 31 -0.6869252737939848
2 13 45 0.0
2 14 48 -0.8130439000114743
2 14 22 -0.8130767454285842
2 14 47 -2.180345125791505
2 15 7 -0.8972673032122562
2 15 55 -1.642196799241578
2 15 25 -1.34536189018923
2 15 15 -1.9782000685955488
2 16 13 0.0
2 17 29 0.0
2 18 41 -0.11990703450615602
2 18 57 -2.1803930672022336
2 19 19 -0.8167055662185418
2 19 43 -0.583190280696737
2 20 3 -1.855605186918789
2 20 67 -0.5382231486652727
2 20 9 -3.4985001851091226
2 20 63 -1.471354011049575
3 0 26 0.0
3 1 4 0.0
3 2 0 0.0
3 4 52 -0.8553090279019788
3 4 37 -1.90383761363992
3 4 54 -0.853662282886994
3 5 65 0.0
3 6 58 0.0
3 7 69 -2.7130473337546253
3 7 30 -0.7432955002824959
3 7 62 -0.7806209115218844
3 8 6 -0.2641780981103842
3 8 11 -1.460314608134364
3 9 38 0.0
3 10 35 -0.6931872976017722
3 10 61 -0.6931070651274309
3 11 16 -0.3585983271856902
3 11 33 -1.1994992445939796
3 12 66 -0.629087415585859
3 12 71 -0.7615931826608905
3 13 45 0.0
3 14 22 -0.25289067415356103
3 14 47 -1.4985800202049204
3 15 40 -0.6028200302537474
3 15 25 -1.3478396691565535
3 15 15 -1.6454126199512427
3 16 49 -0.5930042387174903
3 16 13 -0.8044462999081524
3 17 29 0.0
3 18 57 0.0
3 19 19 -3.7594034782938714
3 19 43 -0.023573313858225625
3 20 3 -2.9311966191168257
3 20 51 -1.3469700738853556
3 20 21 -1.3468234272461415
3 20 9 -0.8519674916249894
4 0 26 0.0
4 1 4 0.0
4 2 36 0.0
4 3 64 -0.7186997756349472
4 3 56 -0.6682312850530886
4 5 1 -0.8281759849258417
4 5 24 -1.3442822923096946
4 5 10 -1.1959125057838442
4 6 58 0.0
4 7 69 -0.23371911413246266
4 7 14 -1.5682198178119433
4 8 53 0.0
4 9 50 -1.190413808292554
4 9 38 -1.5687486383387956
4 9 70 -0.7182621084239947
4 10 35 -1.078015555401525
4 10 20 -1.141129113735211
4 10 61 -1.0780106183936347
4 11 33 0.0
4 12 17 -1.3398367371509072
4 12 31 -0.3036602757556739
4 13 45 -0.2529379918394664
4 13 46 -1.4984155930561631
4 14 48 -0.69241196117821
4 14 22 -0.6938829408869576
4 15 7 -0.7320206062855549
4 15 55 -0.6557285225841372
4 16 13 0.0
4 17 29 0.0
4 18 41 0.0
4 19 19 -0.780899206139148
4 19 43 -0.6124781984104298
4 20 3 -1.8990959953694315
4 20 67 -1.0870762671239833
4 20 9 -1.737900364171719
4 20 63 -1.087061695734923
5 0 26 0.0
5 1 4 0.0
5 2 0 0.0
5 3 64 0.0
5 4 52 -0.6673105715740365
5 4 37 -1.125233067925253
5 4 54 -1.8180835910098574
5 6 58 0.0
5 7 69 0.0
5 8 6 -0.8858630107641062
5 8 11 -0.5316376155592691
5 9 50 -1.0581037967599962
5 9 38 -4.558648543720569
5 9 70 -0.44252791431251925
5 10 35 -1.0515039662748926
5 10 20 -1.1999415488753298
5 10 61 -1.0516056216178806
5 11 33 0.0
5 12 17 -0.6993214857715867
5 12 31 -0.6870107635792743
5 13 45 0.0
5 14 48 -1.0252696218995276
5 14 22 -1.0252708063861764
5 14 47 -1.2637194585912586
5 15 25 -0.46124153283398533
5 15 15 -0.9956055466151825
5 16 13 0.0
5 17 29 0.0
5 18 41 -0.6481480156825482
5 18 57 -0.740267076069969
5 19 19 -0.8177849034377349
5 19 43 -0.5823365458664219
5 20 3 -1.8551816413241853
5 20 67 -0.538638115708858
5 20 9 -3.4980853642550382
5 20 63 -1.470642573864189
6 0 26 0.0
6 1 32 -0.8381942813811744
6 1 2 -2.366362374831538
6 1 68 -0.7472067581296553
6 2 0 0.0
6 3 44 0.0
6 4 52 -0.947800896489553
6 4 37 -1.1611802679977619
6 4 54 -1.2063384144140081
6 5 65 -3.8485173973021225
6 5 5 -0.021541673978526785
6 7 30 -0.7127612485216581
6 7 62 -0.6739104352910692
6 8 6 -0.3602062076386598
6 8 11 -1.195781361705271
6 9 59 0.0
6 10 35 -1.2226514811472633
6 10 61 -0.34877538006086767
6 11 16 0.0
6 12 66 -2.7313790027730094
6 12 71 -0.06734717004360032
6 13 18 -1.6769743589381616
6 13 8 -1.1423788042657428
6 13 28 -0.7052154497856922
6 14 47 0.0
6 15 23 -2.783513886567329
6 15 40 -0.8626982333966022
6 15 25 -1.344330703469258
6 15 12 -2.783476668323466
6 15 15 -1.641858134516049
6 16 49 0.0
6 17 42 0.0
6 18 57 0.0
6 19 39 0.0
6 20 51 -0.26950530281413587
6 20 21 -1.4428953139187988
7 0 26 0.0
7 1 2 -1.7140291414957565
7 1 68 -0.19861988575451014
7 2 0 0.0
7 3 64 -2.2593364050558327
7 3 44 -0.11028345143441634
7 4 52 -0.8234749644745089
7 4 37 -1.1717880315540115
7 4 54 -1.381172768816893
7 5 5 0.0
7 6 58 0.0
7 8 6 -0.7871309264264817
7 8 11 -0.6072425107785292
7 9 50 -0.7790453153204456
7 9 70 -0.6140474160288162
7 10 35 -0.74383230938085
7 10 20 -2.6684205222850483
7 10 61 -0.7866903756993713
7 11 16 -0.837396208814546
7 11 33 -0.5671069027466079
7 12 31 0.0
7 13 18 -1.7332287349990059
7 13 8 -1.1423743495415095
7 13 28 -0.6847296855212301
7 14 48 -1.097187692512494
7 14 22 -1.0971883116956198
7 14 47 -1.1014669620576174
7 15 25 -0.5590448404250989
7 15 15 -0.8480596311700754
7 16 13 0.0
7 17 42 0.0
7 18 41 -0.7935617208962963
7 18 57 -0.601901982668134
7 19 39 0.0
7 20 67 -2.2747071944915875
7 20 63 -0.10850658417162516
8 0 26 0.0
8 1 4 0.0
8 2 36 0.0
8 3 64 -0.7186997808554605
8 3 56 -0.6682312800895088
8 4 52 0.0
8 5 1 -0.8281760062423709
8 5 24 -1.3442823467465512
8 5 10 -1.1959124280622635
8 6 58 0.0
8 7 69 -0.23371929266837888
8 7 14 -1.5682191397151313
8 9 50 -1.1904108560871285
8 9 38 -1.5687496330555233
8 9 70 -0.718263524647124
8 10 35 -1.0780148993401544
8 10 20 -1.141130642012023
8 10 61 -1.078009839657869
8 11 33 0.0
8 12 17 -1.3398367438388417
8 12 31 -0.3036602733827363
8 13 45 -0.2529379914478802
8 13 46 -1.4984155944167663
8 14 48 -0.6923952656246523
8 14 22 -0.6938996612967696
8 15 7 -0.7320205316251628
8 15 55 -0.6557285917603949
8 16 13 0.0
8 17 29 0.0
8 18 41 0.0
8 19 19 -0.7808699128466691
8 19 43 -0.6125029518531673
8 20 3 -1.8990961687691865
8 20 67 -1.0870764766282623
8 20 9 -1.7379004952686754
8 20 63 -1.0870613408710366
9 0 26 0.0
9 1 32 -0.8381942537932133
9 1 2 -2.366362594049019
9 1 68 -0.7472067398987705
9 2 0 0.0
9 3 44 0.0
9 4 52 -0.9476775172795039
9 4 37 -1.161215203020476
9 4 54 -1.2064616640805983
9 5 65 -3.848502766586328
9 5 5 -0.021541992570171177
9 6 58 0.0
9 7 30 -0.7127703244556483
9 7 62 -0.6739017052805252
9 8 6 -0.3602065203858558
9 8 11 -1.195780640466809
9 10 35 -0.23959648778327236
9 10 61 -1.5462065220980026
9 11 16 0.0
9 12 66 -2.731397853580756
9 12 71 -0.06734585678195353
9 13 18 -1.676723218905969
9 13 8 -1.142376024732337
9 13 28 -0.7053122972385436
9 14 47 0.0
9 15 23 -2.7835032906256396
9 15 40 -0.8626974009284507
9 15 25 -1.344334007471683
9 15 12 -2.7834797670636866
9 15 15 -1.6418578938459718
9 16 49 0.0
9 17 42 0.0
9 18 57 0.0
9 19 39 0.0
9 20 51 -0.20766321209858868
9 20 21 -1.6738731017545918
10 0 60 0.0
10 1 32 -0.8381943847418423
10 1 2 -2.3663620301963872
10 1 68 -0.7472067320188358
10 2 0 0.0
10 3 44 0.0
10 4 52 -0.9481021395138066
10 4 37 -1.1610987101319403
10 4 54 -1.206033728182027
10 5 65 -3.84854392400102
10 5 5 -0.021541096357647796
10 6 58 -1.2834815975969385
10 6 27 -0.3244442215580354
10 7 30 -0.7128433808474941
10 7 62 -0.6738314390477188
10 8 6 -0.3602052894432991
10 8 11 -1.1957834791955828
10 9 34 0.0
10 11 16 0.0
10 12 66 -2.731368397557115
10 12 71 -0.06734790887892739
10 13 18 -1.6777080248184388
10 13 8 -1.1423864573850435
10 13 28 -0.7049330170905541
10 14 47 0.0
10 15 23 -2.7835385297677067
10 15 40 -0.862700852037915
10 15 25 -1.3443215574048628
10 15 12 -2.7834698998909415
10 15 15 -1.6418590352426192
10 16 49 0.0
10 17 42 0.0
10 18 57 0.0
10 19 39 0.0
10 20 51 -1.0182133073356703
10 20 21 -0.4482261507563817
11 0 26 0.0
11 1 32 0.0
11 2 0 0.0
11 3 64 0.0
11 4 52 -0.5952777945264326
11 4 37 -1.138936224429027
11 4 54 -2.0523618065691935
11 5 5 0.0
11 6 58 0.0
11 7 69 -0.29944285385654745
11 7 30 -1.3518198151322411
11 8 6 -0.7896540272386624
11 8 11 -0.6051396739104874
11 9 70 0.0
11 10 35 -0.6931621966131172
11 10 61 -0.6931321647322521
11 12 17 0.0
11 13 18 -1.5447277120417542
11 13 8 -1.140864269811041
11 13 28 -1.1812876156935435
11 13 45 -1.8313074567683663
11 14 48 -1.1001678408997184
11 14 22 -1.1001692722003518
11 14 47 -1.0955070000218552
11 15 25 -0.5553866562459081
11 15 15 -0.8529646692446675
11 16 13 0.0
11 17 42 0.0
11 18 41 -0.7891767542355494
11 18 57 -0.6055367037584947
11 19 39 0.0
11 20 3 -2.368519695798385
11 20 51 -2.3678068980391522
11 20 67 -2.4967588354278427
11 20 21 -2.3675710030437322
11 20 63 -0.4515583471709798
12 0 26 0.0
12 1 32 -0.8382032716626805
12 1 2 -2.3663013017238925
12 1 68 -0.7472106466531739
12 2 0 0.0
12 3 64 -2.25917976859487
12 3 44 -0.11030171598551793
12 4 52 -1.0236530967296615
12 4 37 -1.2903824805354613
12 4 54 -1.0063400988275009
12 5 5 0.0
12 6 58 0.0
12 7 30 0.0
12 8 6 -0.36020582099585047
12 8 11 -1.1957822533583096
12 9 70 0.0
12 10 35 -0.6872627465705387
12 10 61 -0.6990664461782518
12 11 16 0.0
12 13 18 -1.6757624854501636
12 13 8 -1.1423715932660998
12 13 28 -0.7056790859446499
12 14 47 0.0
12 15 23 -2.0039728495215843
12 15 40 -0.8694833561025521
12 15 25 -1.3627508943991797
12 15 15 -1.6603230668307718
12 16 49 -2.5558901450969254
12 16 13 -0.08080135964585104
12 17 42 0.0
12 18 57 0.0
12 19 39 0.0
12 20 51 -1.8956092569557172
12 20 67 -2.753490379849226
12 20 21 -1.834876353264643
12 20 63 -0.4677104793552405
13 0 26 0.0
13 1 2 -1.8329471929234473
13 1 4 -1.2989440285996945
13 1 68 -0.5669749436972686
13 2 0 0.0
13 3 44 0.0
13 4 52 -0.8977848733752011
13 4 37 -1.7994387983236517
13 4 54 -0.8506503371644264
13 5 65 0.0
13 6 58 0.0
13 7 30 -0.9542416245668425
13 7 62 -0.4863022731693882
13 8 6 -0.3280599613405158
13 8 11 -1.2741085681940012
13 9 38 0.0
13 10 35 -0.6931634954326007
13 10 61 -0.6931308659534606
13 11 16 -1.2252019090641335
13 11 33 -0.3477129287041019
13 12 66 -0.5460944716658642
13 12 71 -0.8656154649081503
13 14 47 0.0
13 15 23 -2.196887067667509
13 15 40 -0.747114879461361
13 15 25 -1.9924833552000416
13 15 12 -2.196881719214982
13 15 15 -1.7860889959297197
13 16 49 0.0
13 17 29 0.0
13 18 57 0.0
13 19 19 -4.779112423486371
13 19 43 -0.008438962456770878
13 20 51 -1.0794090244666987
13 20 21 -1.079376701765157
13 20 9 -1.1381961079269765
14 0 26 0.0
14 1 4 0.0
14 2 0 -0.406209912571313
14 2 36 -1.097124341879879
14 3 56 -0.03327349541489162
14 3 44 -3.4195847503097054
14 4 54 0.0
14 5 65 -1.054731232630039
14 5 24 -1.3441598569813236
14 5 10 -0.9391620812861133
14 6 58 0.0
14 7 69 -0.7319181695652365
14 7 14 -1.6463882620267487
14 7 30 -1.496941366110256
14 7 62 -2.2783215287107557
14 8 53 -0.6572989193365782
14 8 6 -0.7303284745789809
14 9 38 0.0
14 10 35 -0.6931584235454334
14 10 61 -0.6931359377008602
14 11 16 -2.2825015530598582
14 11 33 -0.10761712334277261
14 12 66 -0.4017328235695522
14 12 71 -1.106118909349832
14 13 46 0.0
14 15 23 -0.5818242381460182
14 15 12 -0.8184335930263938
14 16 49 0.0
14 17 29 0.0
14 18 41 0.0
14 19 19 -0.7098116507099094
14 19 43 -0.6767558691474811
14 20 3 -0.4248286381367728
14 20 51 -2.225575594756749
14 20 21 -2.2255294685262696
14 20 9 -2.0394309475990946
15 0 26 0.0
15 1 4 0.0
15 2 0 -0.43397092994639264
15 2 36 -1.043928357211521
15 3 56 0.0
15 4 54 0.0
15 5 65 -1.0717531300475471
15 5 24 -1.3444645676780518
15 5 10 -0.9240380456564705
15 6 58 0.0
15 7 69 -0.27288738600381157
15 7 14 -1.432038877041012
15 8 53 -0.6599482514097165
15 8 6 -0.727486237951503
15 9 38 0.0
15 10 35 -0.6931489522013669
15 10 61 -0.6931454089216625
15 11 33 0.0
15 12 17 -1.3977434389107932
15 12 71 -1.4836996530321354
15 12 31 -0.6423611375966383
15 13 45 -0.2529268054746355
15 13 46 -1.4984544621036593
15 14 48 -1.929378599648578
15 14 22 -0.15693270466926665
15 16 13 0.0
15 17 29 0.0
15 18 41 0.0
15 19 19 -0.7617860533366863
15 19 43 -0.6289185111247098
15 20 3 -1.9612314666871913
15 20 51 -2.801990212966324
15 20 67 -1.5432914433677143
15 20 21 -2.8017587610039407
15 20 9 -2.828400633132418
15 20 63 -0.7654198103694637
16 0 26 0.0
16 1 4 0.0
16 2 0 -0.4370150638777189
16 2 36 -1.0383501814441887
16 3 56 -0.15423039658011953
16 3 44 -1.9454319819420385
16 4 54 0.0
16 5 65 -1.0665361016001194
16 5 24 -1.3445577156862947
16 5 10 -0.9284991781915845
16 6 58 0.0
16 7 69 -0.31110282953972795
16 7 14 -1.3191537350672486
16 8 53 -0.6557303737251889
16 8 6 -0.7320186083940178
16 9 38 0.0
16 10 35 -0.6931621807688871
16 10 61 -0.6931321805760062
16 11 33 0.0
16 12 17 -1.3895262322117565
16 12 66 -1.7214476948742876
16 12 71 -1.85990669343034
16 12 31 -0.8763193272237411
16 13 46 0.0
16 14 48 0.0
16 15 23 -1.1644673908185617
16 15 12 -0.37409557606680643
16 17 29 0.0
16 18 41 0.0
16 19 19 -0.7100873104154651
16 19 43 -0.6764892449329535
16 20 3 -1.9000284343981235
16 20 51 -2.746244465304884
16 20 21 -2.7460621695382605
16 20 9 -2.758726664382228
16 20 63 -0.41746471865919654
17 0 26 0.0
17 1 2 -1.8330000831275606
17 1 4 -1.2989640149915342
17 1 68 -0.5669504186257637
17 2 0 0.0
17 3 44 0.0
17 4 52 -0.8978167663107137
17 4 37 -1.7993738890770368
17 4 54 -0.8506450474251677
17 5 65 0.0
17 6 58 0.0
17 7 30 -0.9542293873002431
17 7 62 -0.4863099373417825
17 8 6 -0.32807465313103856
17 8 11 -1.2740707302952845
17 9 38 0.0
17 10 35 -0.6931618956586335
17 10 61 -0.693132465677788
17 11 16 -1.2252009997305482
17 11 33 -0.3477133068286643
17 12 66 -0.5460804134946178
17 12 71 -0.8656348158580347
17 13 28 0.0
17 14 47 0.0
17 15 23 -2.1968833663086493
17 15 40 -0.7470985441340534
17 15 25 -1.9925678924773191
17 15 12 -2.1968790546846555
17 15 15 -1.78607061744421
17 16 49 0.0
17 18 57 0.0
17 19 19 -5.2509597512300115
17 19 43 -0.005256274542014302
17 20 51 -1.0793960396667737
17 20 21 -1.0793769354566904
17 20 9 -1.1382096312802998
18 0 26 0.0
18 1 4 0.0
18 2 0 -0.8358136698962089
18 2 36 -0.5683163182431952
18 3 56 0.0
18 4 54 0.0
18 5 65 -0.5790048072753627
18 5 24 -0.8220171134376513
18 6 58 0.0
18 7 69 -0.8674756608383722
18 7 14 -1.642672064917778
18 7 30 -1.642815551613851
18 7 62 -1.6445860211475598
18 8 53 -0.6589107982875815
18 8 6 -0.7287495316102053
18 8 11 -9.519253263381364
18 9 38 0.0
18 10 35 -0.6931680370045197
18 10 61 -0.693126324550353
18 11 16 -0.8125116793440833
18 11 33 -0.5865232926738828
18 12 66 -0.5913633063101404
18 12 71 -0.8064773289943115
18 13 45 -0.25292662945321315
18 13 46 -1.4984550737374702
18 14 48 -0.8886152766407276
18 14 22 -0.5297108171674335
18 15 40 0.0
18 16 13 0.0
18 17 29 0.0
18 19 19 -0.762086555852248
18 19 43 -0.6286554709404124
18 20 3 -1.8990418277273258
18 20 51 -1.3234160638222736
18 20 21 -1.3232475946625473
18 20 9 -1.1463502371356888
19 0 26 0.0
19 1 32 -1.2252373492260553
19 1 2 -1.9021396055345876
19 1 4 -2.2624558506671213
19 1 68 -0.7919326015897845
19 2 0 0.0
19 3 44 0.0
19 4 52 -0.8965881487128368
19 4 37 -1.8020830884476227
19 4 54 -0.8507701113732051
19 5 65 0.0
19 6 58 0.0
19 7 30 -0.9494644266041463
19 7 62 -0.48930585580565966
19 8 6 -0.3274423536143359
19 8 11 -1.2757009832358592
19 9 38 0.0
19 10 35 -0.6931762058643989
19 10 61 -0.6931181560979354
19 11 16 0.0
19 12 66 -0.5499943443780537
19 12 71 -0.8602721684996717
19 13 18 -4.73170462818843
19 13 28 -0.008850488286747166
19 14 47 0.0
19 15 23 -2.1971463535724465
19 15 40 -0.7477715682586575
19 15 25 -1.9890561178313546
19 15 12 -2.19713538381777
19 15 15 -1.786686550779215
19 16 49 0.0
19 17 42 0.0
19 18 57 0.0
19 20 51 -1.080637937378503
19 20 21 -1.080555882326157
19 20 9 -1.1356469548207837
20 0 26 0.0
20 1 2 -1.7346596497819569
20 1 68 -0.19414345894608512
20 2 0 0.0
20 3 44 0.0
20 4 52 -1.0753120807466319
20 4 37 -1.143372710923241
20 4 54 -1.0786139191342712
20 5 65 -1.8545848811185233
20 5 5 -0.17021660155764404
20 6 58 0.0
20 7 62 0.0
20 8 6 -0.36020731189612126
20 8 11 -1.1957788151375595
20 9 50 0.0
20 10 35 -1.5004546426976484
20 10 20 -0.4361141138969348
20 10 61 -2.036939148244943
20 11 16 -0.8373950256603842
20 11 33 -0.5671078056819133
20 12 66 -2.7321509044058327
20 12 71 -0.6186395831538716
20 12 31 -0.9257249047141632
20 13 18 -1.6768148218176326
20 13 8 -1.1423779440346293
20 13 28 -0.7052763835871743
20 14 47 0.0
20 15 23 -2.4279471868210796
20 15 40 -0.9904233546860589
20 15 25 -1.3491443283498732
20 15 12 -2.427935167730894
20 15 15 -1.6467148374942864
20 16 49 0.0
20 17 42 0.0
20 18 57 0.0
20 19 39 0.0
