0 1 32 -0.8800231496806322
0 1 2 -2.551567828252795
0 1 68 -0.6787171026855551
0 2 0 0.0
0 3 44 0.0
0 4 52 -0.742996602617025
0 4 37 -1.1079389438496252
0 4 54 -1.6395118115975582
0 5 65 -10.380536460800043
0 5 5 -3.103109023370769E-5
0 6 27 0.0
0 7 30 -0.87389585138728
0 7 62 -0.5401215073157455
0 8 6 -0.5936437429081476
0 8 11 -0.8036567834214493
0 9 59 0.0
0 10 35 -2.955770586919371
0 10 61 -0.05344143673055777
0 11 16 0.0
0 12 66 -1.9859774211224783
0 12 71 -0.14762614547398
0 13 18 -1.3479817807517793
0 13 8 -0.9009153648985728
0 13 28 -1.0964995113925413
0 14 47 0.0
0 15 23 -3.0054907265416717
0 15 40 -1.1441234703679535
0 15 25 -1.1943094687283844
0 15 12 -3.0054393954008427
0 15 15 -1.2745650541393383
0 16 49 0.0
0 17 42 0.0
0 18 57 0.0
0 19 39 0.0
0 20 51 -0.37859703023328073
0 20 21 -1.154616195662303
1 0 26 0.0
1 2 0 0.0
1 3 64 0.0
1 4 52 -1.0475369644926407
1 4 37 -0.9253222574464126
1 4 54 -1.3751739230342734
1 5 5 0.0
1 6 58 0.0
1 7 69 0.0
1 8 6 -0.9429466050201989
1 8 11 -0.49344177485198387
1 9 50 -1.3172861355371501
1 9 70 -0.311785241441862
1 10 35 -0.9726145424376987
1 10 20 -1.3993347465261115
1 10 61 -0.9804407204103828
1 11 33 0.0
1 12 17 -0.6144397343563487
1 12 31 -0.7785828164759853
1 13 8 -0.4328907566229474
1 13 45 -1.0459193121411547
1 14 48 -0.7970294245762372
1 14 22 -0.7970395170050056
1 14 47 -2.31594271059301
1 15 25 -0.5371385072481943
1 15 15 -0.878075741511541
1 16 13 0.0
1 17 29 0.0
1 18 41 -0.5110329419032346
1 18 57 -0.9159798352350379
1 19 19 -0.9062794052378768
1 19 39 -2.766664765857181
1 19 43 -0.6290387315556402
1 20 3 -2.2392682191580704
1 20 67 -1.1917663753472718
1 20 63 -0.5280070606539755
2 0 26 0.0
2 1 4 0.0
2 3 64 0.0
2 4 37 0.0
2 5 1 0.0
2 6 58 0.0
2 7 69 0.0
2 8 53 -0.4965933980385309
2 8 11 -0.9380262245891381
2 9 50 -1.2792369990065322
2 9 38 -9.402093221108883
2 9 70 -0.32619018388451876
2 10 35 -1.1944694294521228
2 10 20 -1.041577101389738
2 10 61 -1.0664228428716054
2 11 33 0.0
2 12 17 -0.655797979248122
2 12 31 -0.7319456486649798
2 13 45 0.0
2 14 48 -0.7838151553122714
2 14 22 -0.7838897153261913
2 14 47 -2.4451498359993784
2 15 7 -0.9054251330156894
2 15 55 -1.5683908879880786
2 15 25 -1.4858060445191905
2 15 15 -1.8267857952156146
2 16 13 0.0
2 17 29 0.0
2 18 41 -0.29000382442650585
2 18 57 -1.3793612742262138
2 19 19 -0.7392201730441229
2 19 43 -0.6491037441554829
2 20 3 -1.5251445559553465
2 20 67 -1.0178697860739847
2 20 9 -7.92214208069465
2 20 63 -0.8658736269268007
3 0 26 0.0
3 1 4 0.0
3 2 0 0.0
3 4 52 -0.948097331639988
3 4 37 -1.4798674779599303
3 4 54 -0.9548897335302923
3 5 65 0.0
3 6 58 0.0
3 7 69 -0.7761987065878619
3 7 30 -1.4792815299420634
3 7 62 -1.1646019781315704
3 8 6 -0.24095610408123963
3 8 11 -1.5412005640825759
3 9 38 0.0
3 10 35 -0.7041672833872333
3 10 61 -0.682247197865154
3 11 16 -1.0933984840181232
3 11 33 -0.40808223990294945
3 12 66 -0.2597321250832788
3 12 71 -1.4751612425643836
3 13 45 0.0
3 14 22 -0.22790196241306124
3 14 47 -1.5906275113631518
3 15 40 -0.6766810231922993
3 15 25 -1.2519676854485966
3 15 15 -1.5810586194701621
3 16 49 -0.7615142954443438
3 16 13 -0.6291565178448246
3 17 29 0.0
3 18 57 0.0
3 19 19 -2.688167031065967
3 19 43 -0.0704283410594071
3 20 3 -1.0706918773308929
3 20 51 -2.800244441075244
3 20 21 -2.7224725519002217
3 20 9 -0.6335179839338458
4 0 26 0.0
4 1 4 0.0
4 2 36 0.0
4 3 64 -0.5963294507398129
4 3 56 -0.8003533490928323
4 5 1 -0.7575513723463893
4 5 24 -1.332000782734468
4 5 10 -1.3196141346595789
4 6 58 0.0
4 7 69 -0.3790351751285958
4 7 14 -1.1536648532440883
4 8 53 0.0
4 9 50 -0.9248233212386409
4 9 38 -2.4322060383876547
4 9 70 -0.6625099657565447
4 10 35 -1.1957232448171369
4 10 20 -0.92880872696403
4 10 61 -1.195704137197475
4 11 33 0.0
4 12 17 -0.7176348063192061
4 12 31 -0.669244893607921
4 13 45 -0.1043378348659298
4 13 46 -2.311836591612974
4 14 48 -0.7970346702333443
4 14 22 -0.5990438198308077
4 15 7 -0.8535359700481969
4 15 55 -0.5549626109869763
4 16 13 0.0
4 17 29 0.0
4 18 41 0.0
4 19 19 -0.6935885355433216
4 19 43 -0.692706020284858
4 20 3 -1.2750882449931067
4 20 67 -1.1671888143731586
4 20 9 -2.8020072668309
4 20 63 -1.0536439952109489
5 0 26 0.0
5 1 4 0.0
5 2 0 0.0
5 3 64 0.0
5 4 52 -1.0475201720301077
5 4 37 -0.9253438524845882
5 4 54 -1.3751633635631177
5 6 58 0.0
5 7 69 0.0
5 8 6 -0.9429375371664485
5 8 11 -0.4934475596775108
5 9 50 -1.263314187441244
5 9 38 -10.445702842566632
5 9 70 -0.33232325762324494
5 10 35 -1.1641296274579078
5 10 20 -1.005820722452333
5 10 61 -1.1330130874397166
5 11 33 0.0
5 12 17 -0.673430849038173
5 12 31 -0.7132600777349504
5 13 45 0.0
5 14 48 -0.8339548323893397
5 14 22 -0.833962234328762
5 14 47 -2.029913860864922
5 15 25 -0.5371361387633697
5 15 15 -0.8780790722382796
5 16 13 0.0
5 17 29 0.0
5 18 41 -0.5109625355212835
5 18 57 -0.916085399381355
5 19 19 -0.7459608000224046
5 19 43 -0.6429834730209754
5 20 3 -1.7657938857381341
5 20 67 -1.0663215231330965
5 20 9 -8.925661775424052
5 20 63 -0.7245479878270695
6 0 26 0.0
6 1 32 -0.8780902477050404
6 1 2 -2.6703949656106363
6 1 68 -0.6632014233546035
6 2 0 0.0
6 3 44 0.0
6 4 52 -0.7429939851497889
6 4 37 -1.1079317297918245
6 4 54 -1.63953050284809
6 5 65 -10.680881169342266
6 5 5 -2.2980381617572687E-5
6 7 30 -0.8683712048301148
6 7 62 -0.5440971869313536
6 8 6 -0.593649483519146
6 8 11 -0.8036497013086619
6 9 59 0.0
6 10 35 -0.31676783621152405
6 10 61 -1.303792648938349
6 11 16 0.0
6 12 66 -2.1917353068090506
6 12 71 -0.11847131799054753
6 13 18 -1.3471951624232825
6 13 8 -0.9008968777173496
6 13 28 -1.0971341459723902
6 14 47 0.0
6 15 23 -3.0054747020652397
6 15 40 -1.1440598189578313
6 15 25 -1.1942951201040537
6 15 12 -3.0054375429381643
6 15 15 -1.274656294832865
6 16 49 0.0
6 17 42 0.0
6 18 57 0.0
6 19 39 0.0
6 20 51 -0.16379789022690744
6 20 21 -1.8899032765718657
7 0 26 0.0
7 1 2 -2.3940868015665555
7 1 68 -0.09569182588930636
7 2 0 0.0
7 3 64 -0.37715811708093994
7 3 44 -1.1577498291474837
7 4 52 -1.0475416777290112
7 4 37 -0.9253168629250025
7 4 54 -1.375175841625292
7 5 5 0.0
7 6 58 0.0
7 8 6 -0.9429490069764482
7 8 11 -0.4934402425415072
7 9 50 -1.137738886550182
7 9 70 -0.38646131020800056
7 10 35 -1.0427202788560312
7 10 20 -1.1756688923715852
7 10 61 -1.0820707828820955
7 11 16 -0.3525330142321573
7 11 33 -1.2137045496781986
7 12 31 0.0
7 13 18 -1.3304481098830536
7 13 8 -0.9799613489514953
7 13 28 -1.0207749046167893
7 14 48 -0.8044263757229245
7 14 22 -0.8044353493935178
7 14 47 -2.2507985361373986
7 15 25 -0.5371387720288059
7 15 15 -0.8780753691599597
7 16 13 0.0
7 17 42 0.0
7 18 41 -0.515793337917444
7 18 57 -0.9088851279753235
7 19 39 0.0
7 20 67 -2.1012509988461985
7 20 63 -0.13045422474802065
8 0 26 0.0
8 1 4 0.0
8 2 36 0.0
8 3 64 -0.5963292228473981
8 3 56 -0.8003536285636291
8 4 52 0.0
8 5 1 -0.7575576162076265
8 5 24 -1.3319906799827552
8 5 10 -1.3196131596015748
8 6 58 0.0
8 7 69 -0.379037241862646
8 7 14 -1.1536603688830889
8 9 50 -0.9248228377820532
8 9 38 -2.43219187140958
8 9 70 -0.6625127515234669
8 10 35 -1.1957209722434041
8 10 20 -0.928812611899082
8 10 61 -1.195701336392483
8 11 33 0.0
8 12 17 -0.7176296226924926
8 12 31 -0.6692498323966152
8 13 45 -0.1043378080329763
8 13 46 -2.311836835603556
8 14 48 -0.7982068006281823
8 14 22 -0.5980832554164355
8 15 7 -0.8037378885113707
8 15 55 -0.5935780060839314
8 16 13 0.0
8 17 29 0.0
8 18 41 0.0
8 19 19 -0.693588659664651
8 19 43 -0.6927058962730347
8 20 3 -1.2750946621618484
8 20 67 -1.1671895930709986
8 20 9 -2.8020080463218218
8 20 63 -1.053638021986669
9 0 26 0.0
9 1 32 -0.8778876987764973
9 1 2 -2.789314488094361
9 1 68 -0.6484096313455927
9 2 0 0.0
9 3 44 0.0
9 4 52 -0.7429900547439529
9 4 37 -1.1079280320093001
9 4 54 -1.6395464291536859
9 5 65 -11.000159034598964
9 5 5 -1.6699184283842886E-5
9 6 58 0.0
9 7 30 -0.8940174854783144
9 7 62 -0.5259549280716092
9 8 6 -0.5936515484761467
9 8 11 -0.8036471538218355
9 10 35 -0.07586733565565643
9 10 61 -2.616462899617858
9 11 16 0.0
9 12 66 -2.386600670795265
9 12 71 -0.09644668806907765
9 13 18 -1.3469190985578348
9 13 8 -0.900885818586914
9 13 28 -1.0973626443869635
9 14 47 0.0
9 15 23 -3.00546285360861
9 15 40 -1.1440181099296012
9 15 25 -1.1942785190427654
9 15 12 -3.0054373579404703
9 15 15 -1.2747239478514063
9 16 49 0.0
9 17 42 0.0
9 18 57 0.0
9 19 39 0.0
9 20 51 -0.08385742617733498
9 20 21 -2.5202729570363758
10 0 60 0.0
10 1 32 -0.8893116062900889
10 1 2 -2.4528445096802947
10 1 68 -0.6871392946054453
10 2 0 0.0
10 3 44 0.0
10 4 52 -0.7429938277995228
10 4 37 -1.1079396306991076
10 4 54 -1.6395174440832705
10 5 65 -10.223792888768093
10 5 5 -3.629702629461371E-5
10 6 58 -1.1517885525578833
10 6 27 -0.37990110068966154
10 7 30 -0.9168680024386544
10 7 62 -0.5104409617739655
10 8 6 -0.5936346762581624
10 8 11 -0.8036679690077431
10 9 34 0.0
10 11 16 0.0
10 12 66 -1.9167710579930546
10 12 71 -0.15909082698387977
10 13 18 -1.3478463873496047
10 13 8 -0.9009187446515647
10 13 28 -1.0966007021023727
10 14 47 0.0
10 15 23 -3.0055030913845906
10 15 40 -1.1441595825848794
10 15 25 -1.194306515694443
10 15 12 -3.0054420265407753
10 15 15 -1.2745244556263131
10 16 49 0.0
10 17 42 0.0
10 18 57 0.0
10 19 39 0.0
10 20 51 -0.900354323961619
10 20 21 -0.52159276172432
11 0 26 0.0
11 1 32 0.0
11 2 0 0.0
11 3 64 0.0
11 4 52 -1.0475538485867106
11 4 37 -0.9252913573213292
11 4 54 -1.3751989483429554
11 5 5 0.0
11 6 58 0.0
11 7 69 -0.47523999547280366
11 7 30 -0.9721624512063431
11 8 6 -0.9429540307585784
11 8 11 -0.4934370376758152
11 9 70 0.0
11 10 35 -0.7037801528858327
11 10 61 -0.6826260798496706
11 12 17 0.0
11 13 18 -3.0345408215773166
11 13 8 -0.6872029337489955
11 13 28 -2.9198035369568
11 13 45 -0.9289252157891171
11 14 48 -0.7981555002563102
11 14 22 -0.7981733465412197
11 14 47 -2.3056798629113975
11 15 25 -0.5371416889062611
11 15 15 -0.8780712672743732
11 16 13 0.0
11 17 42 0.0
11 18 41 -0.5110384139424492
11 18 57 -0.915971631484748
11 19 39 0.0
11 20 3 -2.0088141623261873
11 20 51 -1.987418344452309
11 20 67 -1.753812587256866
11 20 21 -1.282072684218682
11 20 63 -1.2793097924046377
12 0 26 0.0
12 1 32 -0.812408590161452
12 1 2 -2.6749744100071937
12 1 68 -0.7188680780764642
12 2 0 0.0
12 3 64 -0.25076329363136085
12 3 44 -1.5060087635975588
12 4 52 -0.7307483720805331
12 4 37 -1.3666143610728616
12 4 54 -1.3337672252430441
12 5 5 0.0
12 6 58 0.0
12 7 30 0.0
12 8 6 -0.35649197708066804
12 8 11 -1.2043998572275953
12 9 70 0.0
12 10 35 -0.3032807891886457
12 10 61 -1.3409070652624064
12 11 16 0.0
12 13 18 -1.2916134176027227
12 13 8 -0.9812849220213783
12 13 28 -1.0488402566830293
12 14 47 0.0
12 15 23 -2.7692179562830055
12 15 40 -0.8868128906883246
12 15 25 -1.2228010063419388
12 15 15 -1.4656928529481896
12 16 49 -2.7395475967132734
12 16 13 -0.06678056901127398
12 17 42 0.0
12 18 57 0.0
12 19 39 0.0
12 20 51 -1.3105620325735168
12 20 67 -1.4484103466639813
12 20 21 -1.7532885546900494
12 20 63 -1.13263041444491
13 0 26 0.0
13 1 2 -1.6314714171333176
13 1 4 -0.5619968084785604
13 1 68 -1.4512003044391542
13 2 0 0.0
13 3 44 0.0
13 4 52 -0.8598191438971656
13 4 37 -1.4849324717083199
13 4 54 -1.0491259588578536
13 5 65 0.0
13 6 58 0.0
13 7 30 -0.7833896906486714
13 7 62 -0.6103785681068794
13 8 6 -0.27778913109917464
13 8 11 -1.4165743215805517
13 9 38 0.0
13 10 35 -0.6978457652362078
13 10 61 -0.6884705693775574
13 11 16 -1.1314566963003785
13 11 33 -0.3894387750425804
13 12 66 -0.39357695885947336
13 12 71 -1.122821161288595
13 14 47 0.0
13 15 23 -2.7406678060331418
13 15 40 -0.7382914626909536
13 15 25 -1.4629848781006873
13 15 12 -2.740649459489442
13 15 15 -1.8234331623789792
13 16 49 0.0
13 17 29 0.0
13 18 57 0.0
13 19 19 -3.693020780201295
13 19 43 -0.02521184532617367
13 20 51 -1.439876236547957
13 20 21 -1.4163096341348405
13 20 9 -0.6530898203822414
14 0 26 0.0
14 1 4 0.0
14 2 0 -0.5848241409667668
14 2 36 -0.8146457559756979
14 3 56 -0.10433533731624756
14 3 44 -2.311859301979259
14 4 54 0.0
14 5 65 -0.9821864135980127
14 5 24 -1.4323297465811178
14 5 10 -0.9499598589016292
14 6 58 0.0
14 7 69 -0.5171578457717984
14 7 14 -1.84344671289318
14 7 30 -2.282319893017124
14 7 62 -1.9416351393485007
14 8 53 -0.37014239314679664
14 8 6 -1.1732366430316092
14 9 38 0.0
14 10 35 -0.693184431984327
14 10 61 -0.6931099305231804
14 11 16 -1.755350614338491
14 11 33 -0.18976514669093997
14 12 66 -0.10254832479084182
14 12 71 -2.328257157632555
14 13 46 0.0
14 15 23 -0.23968535685120376
14 15 12 -1.5458783409800845
14 16 49 0.0
14 17 29 0.0
14 18 41 0.0
14 19 19 -0.6934831716712787
14 19 43 -0.6928113023007224
14 20 3 -0.0949431042870402
14 20 51 -3.5985564576226574
14 20 21 -3.5981535267597393
14 20 9 -3.3287490302038942
15 0 26 0.0
15 1 4 0.0
15 2 0 -0.4068264423477403
15 2 36 -1.0958951672990436
15 3 56 0.0
15 4 54 0.0
15 5 65 -0.9076909413223432
15 5 24 -1.2946975056454402
15 5 10 -1.1314520989232135
15 6 58 0.0
15 7 69 -0.29133925201937777
15 7 14 -1.3754023938502524
15 8 53 -0.313456832963616
15 8 6 -1.3127314195720958
15 9 38 0.0
15 10 35 -0.6931512824861452
15 10 61 -0.6931430786505711
15 11 33 0.0
15 12 17 -0.9838699935123738
15 12 71 -2.263069244907753
15 12 31 -0.6498811085379914
15 13 45 -0.1993125789565179
15 13 46 -1.7108825458186683
15 14 48 -2.2769083799529803
15 14 22 -0.1082546105641731
15 16 13 0.0
15 17 29 0.0
15 18 41 0.0
15 19 19 -0.693413327444643
15 19 43 -0.6928811044905653
15 20 3 -1.3271852409287928
15 20 51 -3.431969131817413
15 20 67 -1.667382118451139
15 20 21 -3.4316400409961623
15 20 9 -3.329269780515229
15 20 63 -0.8084225053145411
16 0 26 0.0
16 1 4 0.0
16 2 0 -0.4591673744734099
16 2 36 -0.9991547771336794
16 3 56 -0.10586535579996444
16 3 44 -2.2980529640370597
16 4 54 0.0
16 5 65 -0.8948723374485116
16 5 24 -1.3699464111987467
16 5 10 -1.087020759963655
16 6 58 0.0
16 7 69 -0.3291814525521239
16 7 14 -1.2712259312303695
16 8 53 -0.36060708332242747
16 8 6 -1.1948574984030245
16 9 38 0.0
16 10 35 -0.6931819442988314
16 10 61 -0.6931124180295346
16 11 33 0.0
16 12 17 -0.9698533914685329
16 12 66 -2.0275001986012278
16 12 71 -2.866786091436029
16 12 31 -0.8385991901199109
16 13 46 0.0
16 14 48 0.0
16 15 23 -2.0843488182979177
16 15 12 -0.1328323148067009
16 17 29 0.0
16 18 41 0.0
16 19 19 -0.6935002443729636
16 19 43 -0.692794241356989
16 20 3 -0.8555102027474359
16 20 51 -3.9187982605020384
16 20 21 -3.917457580052939
16 20 9 -3.691548372214754
16 20 63 -0.6728666047608466
17 0 26 0.0
17 1 2 -1.6321589937755814
17 1 4 -0.564763630139864
17 1 68 -1.4439299381755786
17 2 0 0.0
17 3 44 0.0
17 4 52 -0.8591710541414845
17 4 37 -1.4850634774353757
17 4 54 -1.0498248946362894
17 5 65 0.0
17 6 58 0.0
17 7 30 -0.7848706528684621
17 7 62 -0.6091345849475562
17 8 6 -0.2775814909608341
17 8 11 -1.417223053677629
17 9 38 0.0
17 10 35 -0.6973338609500097
17 10 61 -0.6889779554084547
17 11 16 -1.12648228700502
17 11 33 -0.3918160749663614
17 12 66 -0.39384512626887475
17 12 71 -1.1222653417634354
17 13 28 0.0
17 14 47 0.0
17 15 23 -2.7408685924103606
17 15 40 -0.7382133625730427
17 15 25 -1.4630356103017927
17 15 12 -2.740852035522464
17 15 15 -1.8234304120754012
17 16 49 0.0
17 18 57 0.0
17 19 19 -4.566379340873634
17 19 43 -0.010449941274152419
17 20 51 -1.4381076320910793
17 20 21 -1.418395737517297
17 20 9 -0.6529243514231111
18 0 26 0.0
18 1 4 0.0
18 2 0 -0.9528329090120264
18 2 36 -0.48718555145471487
18 3 56 0.0
18 4 54 0.0
18 5 65 -0.8744866300190961
18 5 24 -0.5396985969732457
18 6 58 0.0
18 7 69 -0.9780083698551236
18 7 14 -1.4873122259386269
18 7 30 -1.6947671382422127
18 7 62 -1.5402875404482557
18 8 53 -0.4528637555552227
18 8 6 -1.0105204611404848
18 8 11 -8.704846889009895
18 9 38 0.0
18 10 35 -0.6932176401198242
18 10 61 -0.6930767259642662
18 11 16 -1.1737079293522736
18 11 33 -0.3699313567943742
18 12 66 -0.32107686294883214
18 12 71 -1.2923214203402873
18 13 45 -0.21724042533120913
18 13 46 -1.6334051815906947
18 14 48 -1.5073982299986923
18 14 22 -0.2503676408101156
18 15 40 0.0
18 16 13 0.0
18 17 29 0.0
18 19 19 -0.6934000925408184
18 19 43 -0.6928943325273693
18 20 3 -0.45578672069482806
18 20 51 -2.33134249382861
18 20 21 -2.330611812587439
18 20 9 -1.7623005858249343
19 0 26 0.0
19 1 32 -1.9646448957830702
19 1 2 -1.9255883819249358
19 1 4 -0.6109352349294047
19 1 68 -1.765148090394845
19 2 0 0.0
19 3 44 0.0
19 4 52 -0.8613133908880073
19 4 37 -1.4845881636566909
19 4 54 -1.0475456082851777
19 5 65 0.0
19 6 58 0.0
19 7 30 -0.7648470239308087
19 7 62 -0.6262460551492626
19 8 6 -0.27974573494677357
19 8 11 -1.410488432658812
19 9 38 0.0
19 10 35 -0.7006234275695598
19 10 61 -0.6857264132958962
19 11 16 0.0
19 12 66 -0.3689409170397878
19 12 71 -1.175924083810832
19 13 18 -3.597244020662697
19 13 28 -0.02778148642594155
19 14 47 0.0
19 15 23 -2.7389274628325664
19 15 40 -0.7377120096287287
19 15 25 -1.465026890213057
19 15 12 -2.7388963323399778
19 15 15 -1.8236208783762011
19 16 49 0.0
19 17 42 0.0
19 18 57 0.0
19 20 51 -1.4220175374500832
19 20 21 -1.3854398105903358
19 20 9 -0.6761731978915739
20 0 26 0.0
20 1 2 -2.2661385460512435
20 1 68 -0.10949336248987306
20 2 0 0.0
20 3 44 0.0
20 4 52 -0.7429104020633901
20 4 37 -1.108031711048447
20 4 54 -1.6395652577688158
20 5 65 -10.309793214723111
20 5 5 -3.330588127085211E-5
20 6 58 0.0
20 7 62 0.0
20 8 6 -0.5935404059926398
20 8 11 -0.8037842842844983
20 9 50 0.0
20 10 35 -1.1116754775136972
20 10 20 -0.7513239310667638
20 10 61 -1.6131891422376874
20 11 16 -0.4340376185881675
20 11 33 -1.0438056381889136
20 12 66 -1.8176058309525445
20 12 71 -1.0512552327086597
20 12 31 -0.7172614138113396
20 13 18 -1.3413811257471948
20 13 8 -0.9005171594547436
20 13 28 -1.1021497255191448
20 14 47 0.0
20 15 23 -3.005498780191736
20 15 40 -1.1439436852506586
20 15 25 -1.1949872910982826
20 15 12 -3.0054413292269175
20 15 15 -1.274034064342822
20 16 49 0.0
20 17 42 0.0
20 18 57 0.0
20 19 39 0.0
