0 1 32 -0.8322457949518082
0 1 2 -2.237400683126077
0 1 68 -0.7804641130837933
0 2 0 0.0
0 3 44 0.0
0 4 52 -0.842260615214104
0 4 37 -1.1462420508213276
0 4 54 -1.3805692098967013
0 5 65 -6.561820862860721
0 5 5 -0.0014143095869017408
0 6 27 0.0
0 7 30 -0.6488254169957322
0 7 62 -0.7395248357183971
0 8 6 -0.4132883822100162
0 8 11 -1.0831469913770968
0 9 59 0.0
0 10 35 -2.6959769455494906
0 10 61 -0.06986085032137587
0 11 16 0.0
0 12 66 -2.4865526686877644
0 12 71 -0.08686187317009836
0 13 18 -1.372280427648203
0 13 8 -1.151436830663943
0 13 28 -0.843296552706754
0 14 47 0.0
0 15 23 -2.469258530859686
0 15 40 -1.0888945901993028
0 15 25 -1.2421054800594238
0 15 12 -2.4692367485913143
0 15 15 -1.5830928361654875
0 16 49 0.0
0 17 42 0.0
0 18 57 0.0
0 19 39 0.0
0 20 51 -0.5562001563683764
0 20 21 -0.8518702598697188
1 0 26 0.0
1 2 0 0.0
1 3 64 0.0
1 4 52 -0.6461272175124875
1 4 37 -1.1561561231241397
1 4 54 -1.8248921559785638
1 5 5 0.0
1 6 58 0.0
1 7 69 0.0
1 8 6 -0.7145043828993561
1 8 11 -0.6722365866268014
1 9 50 -1.016192730816344
1 9 70 -0.44937066279558197
1 10 35 -0.8624578446705413
1 10 20 -1.859416474919651
1 10 61 -0.8624817272858647
1 11 33 0.0
1 12 17 -0.6007917649438183
1 12 31 -0.7949081341042014
1 13 8 -0.19784346877405246
1 13 45 -1.7175704704734756
1 14 48 -1.0206428768161804
1 14 22 -1.0206458346797582
1 14 47 -1.2755594910843715
1 15 25 -0.5673562681001528
1 15 15 -0.8370695486442925
1 16 13 0.0
1 17 29 0.0
1 18 41 -0.4598382246841807
1 18 57 -0.9980046557581531
1 19 19 -1.3077623149509703
1 19 39 -1.0796958638900132
1 19 43 -0.9419248189356222
1 20 3 -1.7380201135864588
1 20 67 -0.8357269380619426
1 20 63 -0.9401415433085878
2 0 26 0.0
2 1 4 0.0
2 3 64 0.0
2 4 37 0.0
2 5 1 0.0
2 6 58 0.0
2 7 69 0.0
2 8 53 -0.3175243891370359
2 8 11 -1.3017654601351176
2 9 50 -1.0933883351673284
2 9 38 -7.009120716781342
2 9 70 -0.40944724149881245
2 10 35 -1.084102018432815
2 10 20 -1.1283572174574008
2 10 61 -1.0840283068859446
2 11 33 0.0
2 12 17 -0.6982531380860612
2 12 31 -0.6880671614516947
2 13 45 0.0
2 14 48 -0.8137279124449384
2 14 22 -0.8137413448880675
2 14 47 -2.175067987596591
2 15 7 -1.2839821950007007
2 15 55 -1.465421267570389
2 15 25 -1.2463470456271588
2 15 15 -1.5870223750400967
2 16 13 0.0
2 17 29 0.0
2 18 41 -0.12053332907087966
2 18 57 -2.1754903671602226
2 19 19 -0.7210989607620817
2 19 43 -0.6659555042587241
2 20 3 -1.8000258127223001
2 20 67 -0.4730346401446198
2 20 9 -6.164687260687791
2 20 63 -1.5630577139740585
3 0 26 0.0
3 1 4 0.0
3 2 0 0.0
3 4 52 -0.9492755809034122
3 4 37 -1.7763501045420815
3 4 54 -0.8125526916032192
3 5 65 0.0
3 6 58 0.0
3 7 69 -2.3340308772076055
3 7 30 -0.7969803072739526
3 7 62 -0.7931712922868128
3 8 6 -0.3175324480328486
3 8 11 -1.3017438966191508
3 9 38 0.0
3 10 35 -0.6932011601740411
3 10 61 -0.693093203859491
3 11 16 -0.27738541828223834
3 11 33 -1.417836155811805
3 12 66 -0.480480808825835
3 12 71 -0.9636075922464384
3 13 45 0.0
3 14 22 -0.219467885842459
3 14 47 -1.6242771879433309
3 15 40 -0.67777611496017
3 15 25 -1.2411492632140761
3 15 15 -1.5935484923614516
3 16 49 -0.56989414280842
3 16 13 -0.8337556868159336
3 17 29 0.0
3 18 57 0.0
3 19 19 -4.490733220014376
3 19 43 -0.011275752657360019
3 20 3 -2.1830619764946255
3 20 51 -1.7738193342101565
3 20 21 -1.7735675292476492
3 20 9 -0.6016734487948319
4 0 26 0.0
4 1 4 0.0
4 2 36 0.0
4 3 64 -0.620670380500497
4 3 56 -0.7712902108981162
4 5 1 -0.8976969019940761
4 5 24 -1.2575203303992941
4 5 10 -1.1772185011322391
4 6 58 0.0
4 7 69 -0.23011365305402842
4 7 14 -1.5820334021411473
4 8 53 0.0
4 9 50 -1.0388593683690603
4 9 38 -2.3140024731629176
4 9 70 -0.6027998930903798
4 10 35 -1.1463839170438892
4 10 20 -1.009419111413021
4 10 61 -1.1463784587719619
4 11 33 0.0
4 12 17 -0.8481687984504932
4 12 31 -0.5589630818143033
4 13 45 -0.1863385377323018
4 13 46 -1.771913099444135
4 14 48 -0.6919814496276663
4 14 22 -0.6943142720069791
4 15 7 -0.8679291098565578
4 15 55 -0.5444169664181563
4 16 13 0.0
4 17 29 0.0
4 18 41 0.0
4 19 19 -0.7142739239467273
4 19 43 -0.6724575574532253
4 20 3 -1.898707780700488
4 20 67 -0.9491923602671658
4 20 9 -2.4750142430899027
4 20 63 -0.9701592027953623
5 0 26 0.0
5 1 4 0.0
5 2 0 0.0
5 3 64 0.0
5 4 52 -0.7026761307502036
5 4 37 -0.9336593969613901
5 4 54 -2.192571481033879
5 6 58 0.0
5 7 69 0.0
5 8 6 -0.7039549165490954
5 8 11 -0.6824550039060326
5 9 50 -1.0935805060094066
5 9 38 -7.018156981565398
5 9 70 -0.40933804143321145
5 10 35 -1.0842684731494054
5 10 20 -1.127936625050533
5 10 61 -1.0842643459785928
5 11 33 0.0
5 12 17 -0.6982358051511309
5 12 31 -0.6880843190257755
5 13 45 0.0
5 14 48 -0.9284803274526845
5 14 22 -0.9284849805436901
5 14 47 -1.562104421036452
5 15 25 -0.5371117329460693
5 15 15 -0.8781133944877105
5 16 13 0.0
5 17 29 0.0
5 18 41 -0.47396065578606983
5 18 57 -0.9742688068304542
5 19 19 -0.7211135390667995
5 19 43 -0.665941708284845
5 20 3 -1.797858800879153
5 20 67 -0.47366782966261495
5 20 9 -6.175109882150616
5 20 63 -1.5627826345469917
6 0 26 0.0
6 1 32 -0.8322452790496842
6 1 2 -2.237492023651976
6 1 68 -0.780443326473036
6 2 0 0.0
6 3 44 0.0
6 4 52 -0.8421663788447676
6 4 37 -1.1462426588848507
6 4 54 -1.3807298987560555
6 5 65 -6.561713738269576
6 5 5 -0.0014144612095603234
6 7 30 -0.6264690099998688
6 7 62 -0.7645909846794405
6 8 6 -0.41328822279658833
6 8 11 -1.0831473028647953
6 9 59 0.0
6 10 35 -1.0723351885736152
6 10 61 -0.41886720993666937
6 11 16 0.0
6 12 66 -2.5190014161626215
6 12 71 -0.083968729675586
6 13 18 -1.3720863494297217
6 13 8 -1.1514349745376404
6 13 28 -0.8434122859468106
6 14 47 0.0
6 15 23 -2.469251593345614
6 15 40 -1.0888973346021364
6 15 25 -1.2421047447366362
6 15 12 -2.4692371231243646
6 15 15 -1.5830920771892945
6 16 49 0.0
6 17 42 0.0
6 18 57 0.0
6 19 39 0.0
6 20 51 -0.3277997760575163
6 20 21 -1.2747789905520377
7 0 26 0.0
7 1 2 -1.621737429018398
7 1 68 -0.22009216486095926
7 2 0 0.0
7 3 64 -1.7272867866022144
7 3 44 -0.19573034234212972
7 4 52 -0.9453726161443975
7 4 37 -0.9724020696625236
7 4 54 -1.4554657482701885
7 5 5 0.0
7 6 58 0.0
7 8 6 -0.7001116281067472
7 8 11 -0.6862309012708188
7 9 50 -0.7209023445657079
7 9 70 -0.666141607483198
7 10 35 -0.7615742751563565
7 10 20 -2.017437343654107
7 10 61 -0.9161073036906151
7 11 16 -0.46971624457281863
7 11 33 -0.9813084110760323
7 12 31 0.0
7 13 18 -1.3727108991927406
7 13 8 -1.1514403678630354
7 13 28 -0.8430404056415103
7 14 48 -1.3025384134077127
7 14 22 -1.3025421033837958
7 14 47 -0.784562584737901
7 15 25 -0.6545402780237923
7 15 15 -0.7333046384701489
7 16 13 0.0
7 17 42 0.0
7 18 41 -0.5875325015996649
7 18 57 -0.811248011213664
7 19 39 0.0
7 20 67 -2.404145431662946
7 20 63 -0.09468730710467106
8 0 26 0.0
8 1 4 0.0
8 2 36 0.0
8 3 64 -0.6206699032123718
8 3 56 -0.771290765771911
8 4 52 0.0
8 5 1 -0.8976893834589336
8 5 24 -1.257531405691637
8 5 10 -1.177218223768224
8 6 58 0.0
8 7 69 -0.2301136516225334
8 7 14 -1.5820334076736442
8 9 50 -1.0388590703403808
8 9 38 -2.314004998387263
8 9 70 -0.6027996296124024
8 10 35 -1.146382824888804
8 10 20 -1.0094212978322585
8 10 61 -1.1463770435802314
8 11 33 0.0
8 12 17 -0.8481723876068616
8 12 31 -0.558960394053787
8 13 45 -0.1863389980320311
8 13 46 -1.7719108522198772
8 14 48 -0.691980245416414
8 14 22 -0.6943154790321769
8 15 7 -0.8679271606794606
8 15 55 -0.5444183768512533
8 16 13 0.0
8 17 29 0.0
8 18 41 0.0
8 19 19 -0.714266831203372
8 19 43 -0.6724643597667583
8 20 3 -1.8987113820088175
8 20 67 -0.9491915496854
8 20 9 -2.4750092401536756
8 20 63 -0.9701597184836843
9 0 26 0.0
9 1 32 -0.8322450901046767
9 1 2 -2.237548566816069
9 1 68 -0.7804303361505442
9 2 0 0.0
9 3 44 0.0
9 4 52 -0.8420899208332865
9 4 37 -1.146243922037184
9 4 54 -1.3808593293260418
9 5 65 -6.561702341569598
9 5 5 -0.0014144773412483064
9 6 58 0.0
9 7 30 -0.6142276922066924
9 7 62 -0.7788327410426006
9 8 6 -0.4132881720392546
9 8 11 -1.0831474020427017
9 10 35 -0.09824048629663518
9 10 61 -2.369055006945395
9 11 16 0.0
9 12 66 -2.539803125667978
9 12 71 -0.08216705125745823
9 13 18 -1.3720337183299944
9 13 8 -1.1514341448966228
9 13 28 -0.843443916995896
9 14 47 0.0
9 15 23 -2.46924702565731
9 15 40 -1.0888989219156717
9 15 25 -1.2421043602070183
9 15 12 -2.4692375371092985
9 15 15 -1.5830917283876438
9 16 49 0.0
9 17 42 0.0
9 18 57 0.0
9 19 39 0.0
9 20 51 -0.158780806147672
9 20 21 -1.9185707565627046
10 0 60 0.0
10 1 32 -0.8322462554356828
10 1 2 -2.2373133266494625
10 1 68 -0.7804840265117892
10 2 0 0.0
10 3 44 0.0
10 4 52 -0.842330105689338
10 4 37 -1.1462425615913152
10 4 54 -1.3804495309426483
10 5 65 -6.561949999880297
10 5 5 -0.0014141268297785943
10 6 58 -1.4942913384259573
10 6 27 -0.25412812541640123
10 7 30 -0.6645872832547299
10 7 62 -0.7225467863396581
10 8 6 -0.4132885698212797
10 8 11 -1.0831466247921007
10 9 34 0.0
10 11 16 0.0
10 12 66 -2.4839649065522127
10 12 71 -0.0870970340049219
10 13 18 -1.3724564429015809
10 13 8 -1.1514386361046205
10 13 28 -0.8431915319091153
10 14 47 0.0
10 15 23 -2.4692638698103067
10 15 40 -1.0888921439926964
10 15 25 -1.2421061723588782
10 15 12 -2.46923694005363
10 15 15 -1.5830935925307112
10 16 49 0.0
10 17 42 0.0
10 18 57 0.0
10 19 39 0.0
10 20 51 -1.0022990733720516
10 20 21 -0.45733956742885457
11 0 26 0.0
11 1 32 0.0
11 2 0 0.0
11 3 64 0.0
11 4 52 -0.6635278225131915
11 4 37 -1.152723892978397
11 4 54 -1.776713108481721
11 5 5 0.0
11 6 58 0.0
11 7 69 -0.22263796459160665
11 7 30 -1.6114628193875644
11 8 6 -0.73672764902247
11 8 11 -0.6513869198515623
11 9 70 0.0
11 10 35 -0.6932147889950867
11 10 61 -0.6930795766953952
11 12 17 0.0
11 13 18 -1.8917116428934506
11 13 8 -0.7435281540295453
11 13 28 -1.6746268097956738
11 13 45 -1.6799950065029625
11 14 48 -1.1012962606162722
11 14 22 -1.1013032673014522
11 14 47 -1.0932589090973088
11 15 25 -0.5868278077243799
11 15 15 -0.8121300820528349
11 16 13 0.0
11 17 42 0.0
11 18 41 -0.4592743860203419
11 18 57 -0.9989711735791701
11 19 39 0.0
11 20 3 -2.02699882704173
11 20 51 -2.044581324122439
11 20 67 -2.0532067776139975
11 20 21 -2.0440462570839544
11 20 63 -0.7318693570365531
12 0 26 0.0
12 1 32 -0.8302325761150477
12 1 2 -2.3142024320446892
12 1 68 -0.7652725352223809
12 2 0 0.0
12 3 64 -1.727615281586934
12 3 44 -0.19565933627115364
12 4 52 -0.8411170289313403
12 4 37 -1.1457026057610276
12 4 54 -1.3832149867789525
12 5 5 0.0
12 6 58 0.0
12 7 30 0.0
12 8 6 -0.41329247464114977
12 8 11 -1.0831389949744819
12 9 70 0.0
12 10 35 -0.666563393143415
12 10 61 -0.720457010617001
12 11 16 0.0
12 13 18 -1.3285159356472298
12 13 8 -1.1518582531862438
12 13 28 -0.8696910088109644
12 14 47 0.0
12 15 23 -1.985146328017807
12 15 40 -0.9971631533454611
12 15 25 -1.2429138206731882
12 15 15 -1.5839031418616378
12 16 49 -3.477307247909379
12 16 13 -0.031377649272218935
12 17 42 0.0
12 18 57 0.0
12 19 39 0.0
12 20 51 -1.7799298682112044
12 20 67 -2.7376880862915756
12 20 21 -1.4241290751447366
12 20 63 -0.6426209898417166
13 0 26 0.0
13 1 2 -1.6689526487491912
13 1 4 -1.462972918907789
13 1 68 -0.5447120205647902
13 2 0 0.0
13 3 44 0.0
13 4 52 -0.9364711069361122
13 4 37 -1.8083798547521286
13 4 54 -0.8117691294215391
13 5 65 0.0
13 6 58 0.0
13 7 30 -0.739501201214884
13 7 62 -0.6488470026912113
13 8 6 -0.3175364608747697
13 8 11 -1.3017331595326962
13 9 38 0.0
13 10 35 -0.6931661218694785
13 10 61 -0.6931282396091784
13 11 16 -1.4131407413996038
13 11 33 -0.27889108680926517
13 12 66 -0.38996629975338737
13 12 71 -1.1303497102450735
13 14 47 0.0
13 15 23 -2.386721686071016
13 15 40 -0.7800872908172343
13 15 25 -1.4321705487857026
13 15 12 -2.3867119532060035
13 15 15 -2.1287837502350935
13 16 49 0.0
13 17 29 0.0
13 18 57 0.0
13 19 19 -5.393908852486178
13 19 43 -0.004554532214443501
13 20 51 -1.1713154915861566
13 20 21 -1.171249893475308
13 20 9 -0.9674213620665513
14 0 26 0.0
14 1 4 0.0
14 2 0 -0.4293773010103554
14 2 36 -1.052437805910593
14 3 56 -0.22729935736156734
14 3 44 -1.5929852719054276
14 4 54 0.0
14 5 65 -1.238877697547412
14 5 24 -1.131409869778521
14 5 10 -0.9474907275180136
14 6 58 0.0
14 7 69 -0.5579933538953977
14 7 14 -1.586866685400603
14 7 30 -2.1377640266325852
14 7 62 -2.2522743373838257
14 8 53 -0.629355202043747
14 8 6 -0.7612875423619789
14 9 38 0.0
14 10 35 -0.6931711800240445
14 10 61 -0.6931231816718065
14 11 16 -1.6216429643730483
14 11 33 -0.2201154226302351
14 12 66 -0.19540335843026757
14 12 71 -1.7288006008288417
14 13 46 0.0
14 15 23 -0.42159078028481567
14 15 12 -1.0671206960600255
14 16 49 0.0
14 17 29 0.0
14 18 41 0.0
14 19 19 -0.7013941024379298
14 19 43 -0.6849677144789217
14 20 3 -0.3256850955031867
14 20 51 -2.4555735249808404
14 20 21 -2.455453070002898
14 20 9 -2.2412152431449694
15 0 26 0.0
15 1 4 0.0
15 2 0 -0.5677261810347533
15 2 36 -0.836585321611598
15 3 56 0.0
15 4 54 0.0
15 5 65 -1.2040088571497225
15 5 24 -1.2417285534050158
15 5 10 -0.8888546136703315
15 6 58 0.0
15 7 69 -0.3504306693618634
15 7 14 -1.2186962221423532
15 8 53 -0.6293470546016093
15 8 6 -0.7612968389280487
15 9 38 0.0
15 10 35 -0.6931498094133609
15 10 61 -0.6931445517134404
15 11 33 0.0
15 12 17 -1.2244310628569024
15 12 71 -1.4941017276039177
15 12 31 -0.7305894949383677
15 13 45 -0.22731042019684608
15 13 46 -1.5929419243622795
15 14 48 -2.16855294103516
15 14 22 -0.12142548938131376
15 16 13 0.0
15 17 29 0.0
15 18 41 0.0
15 19 19 -0.7105246756266785
15 19 43 -0.6760665120675524
15 20 3 -2.003026789053458
15 20 51 -2.8062286480487
15 20 67 -1.6345694897855552
15 20 21 -2.8055848691443788
15 20 9 -2.5901183896993953
15 20 63 -0.7462897982733311
16 0 26 0.0
16 1 4 0.0
16 2 0 -0.5421526503907732
16 2 36 -0.8710667961738606
16 3 56 -0.2273045679216311
16 3 44 -1.5929648550573
16 4 54 0.0
16 5 65 -1.2286078701236582
16 5 24 -1.1281049033985695
16 5 10 -0.9580136173932199
16 6 58 0.0
16 7 69 -0.3262575811594577
16 7 14 -1.2787656343794271
16 8 53 -0.6293058283809648
16 8 6 -0.76134388222533
16 9 38 0.0
16 10 35 -0.6931713047859532
16 10 61 -0.6931230569159018
16 11 33 0.0
16 12 17 -1.442979248773904
16 12 66 -1.821941917497864
16 12 71 -2.2460454787060917
16 12 31 -0.7006778877599233
16 13 46 0.0
16 14 48 0.0
16 15 23 -1.4876551386184484
16 15 12 -0.2560564667467688
16 17 29 0.0
16 18 41 0.0
16 19 19 -0.7015547399626032
16 19 43 -0.6848097192678432
16 20 3 -1.9104010218025966
16 20 51 -3.2106422797744583
16 20 21 -3.209405850305533
16 20 9 -3.0797889048369407
16 20 63 -0.3211716732820962
17 0 26 0.0
17 1 2 -1.6689666354473276
17 1 4 -1.4629879066860476
17 1 68 -0.5447014931197203
17 2 0 0.0
17 3 44 0.0
17 4 52 -0.9364742326208159
17 4 37 -1.808375497448543
17 4 54 -0.8117679786052633
17 5 65 0.0
17 6 58 0.0
17 7 30 -0.7395389972418249
17 7 62 -0.6488124835622294
17 8 6 -0.3175366448579057
17 8 11 -1.3017326672562404
17 9 38 0.0
17 10 35 -0.6931632609752115
17 10 61 -0.693131100403255
17 11 16 -1.4131749065538564
17 11 33 -0.278880097378061
17 12 66 -0.3899665408607247
17 12 71 -1.1303492047060384
17 13 28 0.0
17 14 47 0.0
17 15 23 -2.3867393927081313
17 15 40 -0.7800879145697064
17 15 25 -1.432168479615937
17 15 12 -2.386731392017115
17 15 15 -2.1287568003104766
17 16 49 0.0
17 18 57 0.0
17 19 19 -5.8966222052217905
17 19 43 -0.0027524983971294998
17 20 51 -1.171304950977151
17 20 21 -1.1712534058571906
17 20 9 -0.9674270938069589
18 0 26 0.0
18 1 4 0.0
18 2 0 -0.9127388806278268
18 2 36 -0.5132005527083445
18 3 56 0.0
18 4 54 0.0
18 5 65 -0.995927068294654
18 5 24 -0.4610531556947197
18 6 58 0.0
18 7 69 -1.195543219743258
18 7 14 -1.5872145832899358
18 7 30 -1.3533708558802218
18 7 62 -1.44988125284039
18 8 53 -0.6292580778780907
18 8 6 -0.7618315999094858
18 8 11 -8.505869863655601
18 9 38 0.0
18 10 35 -0.6931808329519505
18 10 61 -0.6931135293003855
18 11 16 -0.5774948842474741
18 11 33 -0.8239457053899952
18 12 66 -0.5008920327474404
18 12 71 -0.9313786231758717
18 13 45 -0.23459130218940868
18 13 46 -1.564914075343628
18 14 48 -1.3170683318411787
18 14 22 -0.3118649392463556
18 15 40 0.0
18 16 13 0.0
18 17 29 0.0
18 19 19 -0.7108105957085913
18 19 43 -0.675790354075881
18 20 3 -0.9400444442366764
18 20 51 -1.7551046956354055
18 20 21 -1.7548674941067757
18 20 9 -1.3334354198802738
19 0 26 0.0
19 1 32 -1.6317423497121406
19 1 2 -1.9338886880561046
19 1 4 -1.727915640506778
19 1 68 -0.7294537013663878
19 2 0 0.0
19 3 44 0.0
19 4 52 -0.936540049386731
19 4 37 -1.8082631055077483
19 4 54 -0.8117513700208048
19 5 65 0.0
19 6 58 0.0
19 7 30 -0.7425458963533949
19 7 62 -0.6460742573574952
19 8 6 -0.31753578535991134
19 8 11 -1.3017349669841465
19 9 38 0.0
19 10 35 -0.6931809648558077
19 10 61 -0.6931133974054229
19 11 16 0.0
19 12 66 -0.3580273432041345
19 12 71 -1.2008243006365327
19 13 18 -5.34309005867265
19 13 28 -0.004792539956830843
19 14 47 0.0
19 15 23 -2.3882176562691346
19 15 40 -0.7816326947493015
19 15 25 -1.431978613248903
19 15 12 -2.388201544565288
19 15 15 -2.1209458071504472
19 16 49 0.0
19 17 42 0.0
19 18 57 0.0
19 20 51 -1.1566138911979094
19 20 21 -1.1564723180582483
19 20 9 -0.9919400613158875
20 0 26 0.0
20 1 2 -1.739102166616756
20 1 68 -0.19319412083558402
20 2 0 0.0
20 3 44 0.0
20 4 52 -0.9637117368887032
20 4 37 -1.1465204812587222
20 4 54 -1.2013587391981881
20 5 65 -4.775740379086456
20 5 5 -0.008467588068554417
20 6 58 0.0
20 7 62 0.0
20 8 6 -0.41331053652679617
20 8 11 -1.083103704121905
20 9 50 0.0
20 10 35 -1.2359549839630346
20 10 20 -0.5537716174620894
20 10 61 -2.0049652682987955
20 11 16 -0.46705650593887305
20 11 33 -0.9857605089332374
20 12 66 -3.0591616105041175
20 12 71 -0.6788552145419522
20 12 31 -0.8077150969396063
20 13 18 -1.3724910012326057
20 13 8 -1.1514436399786228
20 13 28 -0.8431674998802808
20 14 47 0.0
20 15 23 -2.4692181498717862
20 15 40 -1.0889703756615141
20 15 25 -1.2420671009219806
20 15 12 -2.4692011989593317
20 15 15 -1.5830538923801287
20 16 49 0.0
20 17 42 0.0
20 18 57 0.0
20 19 39 0.0
