0 1 32 -0.7293236209783092
0 1 2 -2.2799686129281502
0 1 68 -0.8783267471308128
0 2 0 0.0
0 3 44 0.0
0 4 52 -1.6518595349653697
0 4 37 -0.4108342869802608
0 4 54 -1.9295737796019898
0 5 65 -3.749998963981027
0 5 5 -0.023798726701803545
0 6 27 0.0
0 7 30 -0.7554986416989914
0 7 62 -0.634456297823
0 8 6 -1.389152322250747
0 8 11 -0.2867312309622681
0 9 59 0.0
0 10 35 -3.522185439154749
0 10 61 -0.029979753407618437
0 11 16 0.0
0 12 66 -1.883279438005442
0 12 71 -0.16498138898173795
0 13 18 -2.0390356942681436
0 13 8 -0.342935267240196
0 13 28 -1.831571403230758
0 14 47 0.0
0 15 23 -14.739288685548258
0 15 40 -1.6111036385432813
0 15 25 -0.9106042607421093
0 15 12 -17.08258187522229
0 15 15 -0.9211742245932102
0 16 49 0.0
0 17 42 0.0
0 18 57 0.0
0 19 39 0.0
0 20 51 -0.585689157425437
0 20 21 -0.8135583025924046
1 0 26 0.0
1 2 0 0.0
1 3 64 0.0
1 4 52 -1.4671907051949828
1 4 37 -0.608563700942729
1 4 54 -1.4903409223846893
1 5 5 0.0
1 6 58 0.0
1 7 69 0.0
1 8 6 -0.8209833832903691
1 8 11 -0.5798162707281418
1 9 50 -1.1604883048473387
1 9 70 -0.3759060263941851
1 10 35 -1.156333232806207
1 10 20 -1.2068530741925776
1 10 61 -0.9513350068557026
1 11 33 0.0
1 12 17 -0.9435712748204272
1 12 31 -0.49304347429651146
1 13 8 -2.769370920045359
1 13 45 -0.06475340988299463
1 14 48 -0.6914260591184517
1 14 22 -0.6948745989277978
1 14 47 -13.307543506382851
1 15 25 -0.5672360296846146
1 15 15 -0.8372270334071099
1 16 13 0.0
1 17 29 0.0
1 18 41 -1.095006863320376
1 18 57 -0.40727270718744085
1 19 19 -1.157210315870164
1 19 39 -3.393023182159353
1 19 43 -0.4276629460881591
1 20 3 -1.741500127746788
1 20 67 -1.433383026463746
1 20 63 -0.5340225997455829
2 0 26 0.0
2 1 4 0.0
2 3 64 0.0
2 4 37 0.0
2 5 1 0.0
2 6 58 0.0
2 7 69 0.0
2 8 53 -0.5385094691410027
2 8 11 -0.8761509803238752
2 9 50 -0.8994260197683827
2 9 38 -4.175883987888737
2 9 70 -0.5484663918320559
2 10 35 -1.4357103613150861
2 10 20 -0.8139732649563978
2 10 61 -1.1426905484375833
2 11 33 0.0
2 12 17 -0.6256475543882581
2 12 31 -0.7655349435308403
2 13 45 0.0
2 14 48 -0.6862264269885358
2 14 22 -0.7001266144163865
2 14 47 -12.169080919476404
2 15 7 -1.322678488142651
2 15 55 -1.2173209652374402
2 15 25 -1.3864257271545428
2 15 15 -1.6734968712071698
2 16 13 0.0
2 17 29 0.0
2 18 41 -0.7423630601512368
2 18 57 -0.6462403081111573
2 19 19 -0.40089636622506053
2 19 43 -1.1078128735343273
2 20 3 -1.3719368555290994
2 20 67 -1.0657769385012152
2 20 9 -2.552560761031774
2 20 63 -1.1268801889839375
3 0 26 0.0
3 1 4 0.0
3 2 0 0.0
3 4 52 -1.3946020116009208
3 4 37 -0.8716855947295719
3 4 54 -1.0971463204140322
3 5 65 0.0
3 6 58 0.0
3 7 69 -0.293692120947855
3 7 30 -2.341247137307853
3 7 62 -1.8433489829062835
3 8 6 -0.5293792485539661
3 8 11 -0.889090194786754
3 9 38 0.0
3 10 35 -0.6706827020870231
3 10 61 -0.7161279318351182
3 11 16 -1.9633700120959163
3 11 33 -0.15127011217038883
3 12 66 -0.1775476291102423
3 12 71 -1.8159770674416214
3 13 45 0.0
3 14 22 -2.2048911550372123E-6
3 14 47 -13.024833515574107
3 15 40 -0.42203507848277777
3 15 25 -1.593581665542196
3 15 15 -1.958340018237703
3 16 49 -1.654234478313624
3 16 13 -0.2122510862216663
3 17 29 0.0
3 18 57 0.0
3 19 19 -2.3469359859558994
3 19 43 -0.100551898717848
3 20 3 -0.44917334303962464
3 20 51 -3.1114191779784126
3 20 21 -2.5231937354578005
3 20 9 -1.4392573551761605
4 0 26 0.0
4 1 4 0.0
4 2 36 0.0
4 3 64 -0.9577315083352981
4 3 56 -0.4841227749000751
4 5 1 -0.5806346131516223
4 5 24 -1.5801620143382713
4 5 10 -1.450235259944924
4 6 58 0.0
4 7 69 -0.4906054963310321
4 7 14 -0.9474088250106381
4 8 53 0.0
4 9 50 -1.044110646975973
4 9 38 -3.0516975008712586
4 9 70 -0.5096318989677451
4 10 35 -1.1919029086725745
4 10 20 -0.9605683020254848
4 10 61 -1.1593763683143534
4 11 33 0.0
4 12 17 -0.577839958009758
4 12 31 -0.8235043652772346
4 13 45 -6.997257379109288E-7
4 13 46 -14.17257773154113
4 14 48 -1.6480468508319672
4 14 22 -0.21371981613499058
4 15 7 -0.8667847952277533
4 15 55 -0.5452458134548284
4 16 13 0.0
4 17 29 0.0
4 18 41 0.0
4 19 19 -0.7667112793458165
4 19 43 -0.6246259053783351
4 20 3 -1.2530018825146867
4 20 67 -1.0780198537878822
4 20 9 -2.7032573791591377
4 20 63 -1.180587154155723
5 0 26 0.0
5 1 4 0.0
5 2 0 0.0
5 3 64 0.0
5 4 52 -1.4771253185383624
5 4 37 -0.5857052222888751
5 4 54 -1.5371457747386215
5 6 58 0.0
5 7 69 0.0
5 8 6 -0.8994685955812459
5 8 11 -0.5221996805877076
5 9 50 -1.1850344228567713
5 9 38 -4.94301212645648
5 9 70 -0.3752299355266893
5 10 35 -1.3157862956371893
5 10 20 -0.9310725159582103
5 10 61 -1.08587597520401
5 11 33 0.0
5 12 17 -0.6589438131110611
5 12 31 -0.7285619755309851
5 13 45 0.0
5 14 48 -0.69129688953919
5 14 22 -0.6950047045893645
5 14 47 -13.174700922473587
5 15 25 -0.43193123484357854
5 15 15 -1.0476930246539142
5 16 13 0.0
5 17 29 0.0
5 18 41 -1.1785712224880505
5 18 57 -0.3677620152019665
5 19 19 -0.8664773889154613
5 19 43 -0.545468752090653
5 20 3 -1.7398705525500604
5 20 67 -1.0846902585956097
5 20 9 -3.1954584940543187
5 20 63 -0.8085520473711988
6 0 26 0.0
6 1 32 -0.6976806053748366
6 1 2 -2.5360175814749275
6 1 68 -0.8601928647280116
6 2 0 0.0
6 3 44 0.0
6 4 52 -1.6834632777631777
6 4 37 -0.374324409055837
6 4 54 -2.067381672729512
6 5 65 -4.026719450993763
6 5 5 -0.01799365444236169
6 7 30 -0.619760733336135
6 7 62 -0.77234876659986
6 8 6 -1.4844009695545441
6 8 11 -0.25700811633086396
6 9 59 0.0
6 10 35 -0.19281935285331234
6 10 61 -1.740862542464295
6 11 16 0.0
6 12 66 -2.3234020206355375
6 12 71 -0.10307404816305145
6 13 18 -2.1071296902256793
6 13 8 -0.3280133947406466
6 13 28 -1.8447794801393922
6 14 47 0.0
6 15 23 -14.99920809583056
6 15 40 -1.6510505012422865
6 15 25 -0.8970524593537398
6 15 12 -17.318781928630752
6 15 15 -0.9153372124698508
6 16 49 0.0
6 17 42 0.0
6 18 57 0.0
6 19 39 0.0
6 20 51 -0.14109934862448917
6 20 21 -2.02801130568386
7 0 26 0.0
7 1 2 -2.532504437037286
7 1 68 -0.08279457355583268
7 2 0 0.0
7 3 64 -0.09883001124768526
7 3 44 -2.3633620277330807
7 4 52 -1.4441255320340327
7 4 37 -0.646062179465013
7 4 54 -1.4273575151472744
7 5 5 0.0
7 6 58 0.0
7 8 6 -0.761913708584435
7 8 11 -0.6288067519864772
7 9 50 -1.0818948788464047
7 9 70 -0.4139297965413307
7 10 35 -1.246338570644371
7 10 20 -0.8438167906437567
7 10 61 -1.264507447805113
7 11 16 -0.4959513061288636
7 11 33 -0.9390254545247758
7 12 31 0.0
7 13 18 -1.8324201469794896
7 13 8 -0.35414972301217806
7 13 28 -1.9790222621457103
7 14 48 -0.6927317922557131
7 14 22 -0.6935658817006964
7 14 47 -13.364782846073581
7 15 25 -0.6775561401041144
7 15 15 -0.7089851566225728
7 16 13 0.0
7 17 42 0.0
7 18 41 -0.9078041067884525
7 18 57 -0.516523652459631
7 19 39 0.0
7 20 67 -1.9662874483115749
7 20 63 -0.15079447067586957
8 0 26 0.0
8 1 4 0.0
8 2 36 0.0
8 3 64 -0.9579121451661968
8 3 56 -0.4840102996421547
8 4 52 0.0
8 5 1 -0.5886248095893579
8 5 24 -1.5794824699188532
8 5 10 -1.4320109764505033
8 6 58 0.0
8 7 69 -0.4909777469834501
8 7 14 -0.9468213164221307
8 9 50 -1.0432174311710398
8 9 38 -3.0457131002892783
8 9 70 -0.5106284373531098
8 10 35 -1.1922075913597856
8 10 20 -0.96069335498627
8 10 61 -1.1589290329107533
8 11 33 0.0
8 12 17 -0.577684955594563
8 12 31 -0.8237025662851136
8 13 45 -7.118563835230385E-7
8 13 46 -14.15539001025636
8 14 48 -1.6573470345089252
8 14 22 -0.21151651054747153
8 15 7 -0.6648561985082825
8 15 55 -0.7222619032481282
8 16 13 0.0
8 17 29 0.0
8 18 41 0.0
8 19 19 -0.7648728680383002
8 19 43 -0.626223556450275
8 20 3 -1.252127597282593
8 20 67 -1.0785971117468858
8 20 9 -2.693885864401749
8 20 63 -1.1828175878274012
9 0 26 0.0
9 1 32 -0.7121306278154648
9 1 2 -2.7654411586443204
9 1 68 -0.8064191870677463
9 2 0 0.0
9 3 44 0.0
9 4 52 -1.710466912884957
9 4 37 -0.34744301941007205
9 4 54 -2.1827919269067926
9 5 65 -4.24976677274036
9 5 5 -0.014370321351555606
9 6 58 0.0
9 7 30 -0.6308198674004242
9 7 62 -0.7596189298238069
9 8 6 -1.5589014514426807
9 8 11 -0.2361870525268684
9 10 35 -0.014014248078893765
9 10 61 -4.274679687726667
9 11 16 0.0
9 12 66 -2.640854198582069
9 12 71 -0.07396988510631008
9 13 18 -2.154575755245238
9 13 8 -0.32010992182234044
9 13 28 -1.8452969274501707
9 14 47 0.0
9 15 23 -15.2521886850507
9 15 40 -1.6709918999354867
9 15 25 -0.8913332353522486
9 15 12 -17.551693479565166
9 15 15 -0.9117244589811561
9 16 49 0.0
9 17 42 0.0
9 18 57 0.0
9 19 39 0.0
9 20 51 -0.05806168119415625
9 20 21 -2.875139744245357
10 0 60 0.0
10 1 32 -0.7582918834600448
10 1 2 -2.162285532262559
10 1 68 -0.875935521010142
10 2 0 0.0
10 3 44 0.0
10 4 52 -1.6343561391721741
10 4 37 -0.4318936112956872
10 4 54 -1.8601863904277205
10 5 65 -3.695918175860638
10 5 5 -0.025137977796674912
10 6 58 -1.2705462893546042
10 6 27 -0.3294465225409057
10 7 30 -0.8932633473393603
10 7 62 -0.5264771805832219
10 8 6 -1.342168264521505
10 8 11 -0.3028343343298644
10 9 34 0.0
10 11 16 0.0
10 12 66 -1.763034874275635
10 12 71 -0.18816683213468463
10 13 18 -2.0205522455526133
10 13 8 -0.3410107906452372
10 13 28 -1.855552427582475
10 14 47 0.0
10 15 23 -14.614799966555607
10 15 40 -1.6144998600161629
10 15 25 -0.9126130670103123
10 15 12 -16.988507921985352
10 15 15 -0.9174524922855629
10 16 49 0.0
10 17 42 0.0
10 18 57 0.0
10 19 39 0.0
10 20 51 -1.4432518939819692
10 20 21 -0.2693950324325508
11 0 26 0.0
11 1 32 0.0
11 2 0 0.0
11 3 64 0.0
11 4 52 -1.4399536151731949
11 4 37 -0.6456303784933781
11 4 54 -1.4324248337793046
11 5 5 0.0
11 6 58 0.0
11 7 69 -0.31672201119300725
11 7 30 -1.3039156188134418
11 8 6 -0.8123690758896585
11 8 11 -0.586637065935455
11 9 70 0.0
11 10 35 -0.361353270889163
11 10 61 -1.193141078394554
11 12 17 0.0
11 13 18 -2.5971527785919606
11 13 8 -2.364440780377294
11 13 28 -3.7984840064816714
11 13 45 -0.2118227710359216
11 14 48 -0.6869462765541292
11 14 22 -0.6993920428012717
11 14 47 -12.853442917803337
11 15 25 -0.567471027929557
11 15 15 -0.8369192803581686
11 16 13 0.0
11 17 42 0.0
11 18 41 -1.0555797224046695
11 18 57 -0.4276963473022356
11 19 39 0.0
11 20 3 -1.4157977115400415
11 20 51 -2.1200154752509714
11 20 67 -1.2673287761444674
11 20 21 -2.0472128871677757
11 20 63 -1.4847395921199742
12 0 26 0.0
12 1 32 -0.6314362010686212
12 1 2 -2.710644173237597
12 1 68 -0.9121030136157466
12 2 0 0.0
12 3 64 -0.07440145207121189
12 3 44 -2.6352499079189
12 4 52 -1.5444330082369568
12 4 37 -0.5529861876942317
12 4 54 -1.5542981942310372
12 5 5 0.0
12 6 58 0.0
12 7 30 0.0
12 8 6 -0.9741695154740954
12 8 11 -0.47402086528450416
12 9 70 0.0
12 10 35 -0.10430274632695484
12 10 61 -2.312155706251409
12 11 16 0.0
12 13 18 -1.8097974725481283
12 13 8 -0.39048633021246115
12 13 28 -1.8351783700042172
12 14 47 0.0
12 15 23 -16.177255647834546
12 15 40 -1.0010345622193642
12 15 25 -1.1430496203722005
12 15 15 -1.1594594519029011
12 16 49 -15.896951990681766
12 16 13 -1.2475027112300335E-7
12 17 42 0.0
12 18 57 0.0
12 19 39 0.0
12 20 51 -1.4314287274291204
12 20 67 -1.1934736580300267
12 20 21 -2.168451648304425
12 20 63 -1.06853363174128
13 0 26 0.0
13 1 2 -3.075823266346223
13 1 4 -0.08724961504108086
13 1 68 -3.286082581558464
13 2 0 0.0
13 3 44 0.0
13 4 52 -1.6792559874801345
13 4 37 -0.4412524615853886
13 4 54 -1.7704461444352313
13 5 65 0.0
13 6 58 0.0
13 7 30 -0.8951197204500765
13 7 62 -0.5251928107700634
13 8 6 -1.2065050066036953
13 8 11 -0.35559167419105897
13 9 38 0.0
13 10 35 -0.7029148536607328
13 10 61 -0.6834739927395761
13 11 16 -2.4674612356850285
13 11 33 -0.08861251941696285
13 12 66 -0.40279874452251685
13 12 71 -1.1039664395762208
13 14 47 0.0
13 15 23 -15.62306504253013
13 15 40 -0.37074799531721975
13 15 25 -1.467291831600191
13 15 12 -18.321370503462603
13 15 15 -2.535362891409361
13 16 49 0.0
13 17 29 0.0
13 18 57 0.0
13 19 19 -3.274007512731532
13 19 43 -0.03858950985101671
13 20 51 -2.0296415268189407
13 20 21 -1.808531667637712
13 20 9 -0.34995077594688945
14 0 26 0.0
14 1 4 0.0
14 2 0 -1.0238469616202608
14 2 36 -0.44505412883791
14 3 56 -3.798417471421355E-7
14 3 44 -14.78351131604095
14 4 54 0.0
14 5 65 -2.023465285300493
14 5 24 -0.6819767244444326
14 5 10 -1.0155949321812339
14 6 58 0.0
14 7 69 -1.06058649806612
14 7 14 -0.5253437563038442
14 7 30 -4.243679843557492
14 7 62 -3.0357086727602303
14 8 53 -0.6375029365948565
14 8 6 -0.7520710972852035
14 9 38 0.0
14 10 35 -0.6931747379527454
14 10 61 -0.693119623926534
14 11 16 -3.111249645766053
14 11 33 -0.045567878804939004
14 12 66 -6.202862843121495E-7
14 12 71 -14.293085026586814
14 13 46 0.0
14 15 23 -0.10050652156590249
14 15 12 -2.3473650602238108
14 16 49 0.0
14 17 29 0.0
14 18 41 0.0
14 19 19 -0.6932404529011374
14 19 43 -0.6930539169176713
14 20 3 -1.495871161981356E-6
14 20 51 -15.37096836040282
14 20 21 -16.584628172210667
14 20 9 -13.614972598291063
15 0 26 0.0
15 1 4 0.0
15 2 0 -0.7714474314931168
15 2 36 -0.6205351631031756
15 3 56 0.0
15 4 54 0.0
15 5 65 -0.879848454538481
15 5 24 -1.0780113708935077
15 5 10 -1.4069759669259454
15 6 58 0.0
15 7 69 -0.7012259465121001
15 7 14 -0.6851331583667347
15 8 53 -0.7668559843117978
15 8 6 -0.624500383952818
15 9 38 0.0
15 10 35 -0.6990023391853177
15 10 61 -0.6873261053501033
15 11 33 0.0
15 12 17 -0.7060688987711603
15 12 71 -2.8625304069403383
15 12 31 -0.8000750006101982
15 13 45 -2.6706166713690384E-7
15 13 46 -15.135786375680349
15 14 48 -3.2631534575002528
15 14 22 -0.039018967313853764
15 16 13 0.0
15 17 29 0.0
15 18 41 0.0
15 19 19 -0.9796178268222551
15 19 43 -0.4707311900114362
15 20 3 -1.3456576424351507
15 20 51 -3.4199988686948615
15 20 67 -1.4136683451961893
15 20 21 -2.822525330986624
15 20 9 -2.5488250822301355
15 20 63 -1.120733008150907
16 0 26 0.0
16 1 4 0.0
16 2 0 -1.0238317828808958
16 2 36 -0.4450626377554323
16 3 56 -1.8187722694307572E-7
16 3 44 -15.519934045676955
16 4 54 0.0
16 5 65 -1.846348476307123
16 5 24 -0.7243444308992375
16 5 10 -1.028492798701888
16 6 58 0.0
16 7 69 -0.9660462253103215
16 7 14 -0.47897949432345055
16 8 53 -0.7060693751660927
16 8 6 -0.6803898410424167
16 9 38 0.0
16 10 35 -0.6931570639197666
16 10 61 -0.6931372972978037
16 11 33 0.0
16 12 17 -0.9209214731182948
16 12 66 -2.0820018282403145
16 12 71 -14.939265756179115
16 12 31 -0.7398880827677683
16 13 46 0.0
16 14 48 0.0
16 15 23 -3.5731025918627655
16 15 12 -0.028470087028014093
16 17 29 0.0
16 18 41 0.0
16 19 19 -0.6932375582522845
16 19 43 -0.6930568110349951
16 20 3 -0.9593364089493273
16 20 51 -15.067232393851532
16 20 21 -15.885860187094835
16 20 9 -13.304489298160627
16 20 63 -0.483127992131744
17 0 26 0.0
17 1 2 -3.1778788631311348
17 1 4 -0.0795078935860302
17 1 68 -3.3594228340529586
17 2 0 0.0
17 3 44 0.0
17 4 52 -1.6854021669951875
17 4 37 -0.4305211718492795
17 4 54 -1.805088041397879
17 5 65 0.0
17 6 58 0.0
17 7 30 -0.8937409361293615
17 7 62 -0.5261463654443579
17 8 6 -1.2290465739821803
17 8 11 -0.3461185590386829
17 9 38 0.0
17 10 35 -0.7020063037726837
17 10 61 -0.6843658527168782
17 11 16 -2.500095591625007
17 11 33 -0.08564193585924257
17 12 66 -0.4162023463956935
17 12 71 -1.077477607959225
17 13 28 0.0
17 14 47 0.0
17 15 23 -15.690780190061064
17 15 40 -0.3683698575990546
17 15 25 -1.4635225371174592
17 15 12 -18.334956581161222
17 15 15 -2.5676066832015154
17 16 49 0.0
17 18 57 0.0
17 19 19 -4.238804921519025
17 19 43 -0.014529869493535729
17 20 51 -1.9969498290252994
17 20 21 -1.8108827301160333
17 20 9 -0.3556161436488128
18 0 26 0.0
18 1 4 0.0
18 2 0 -0.8013078271735671
18 2 36 -0.5955518021564135
18 3 56 0.0
18 4 54 0.0
18 5 65 -0.4817877471654849
18 5 24 -0.9614924905290267
18 6 58 0.0
18 7 69 -1.270089648510129
18 7 14 -0.909048405172241
18 7 30 -1.913671715822575
18 7 62 -1.7793462383391343
18 8 53 -1.0274454223473137
18 8 6 -0.6753950512300975
18 8 11 -2.016470092142242
18 9 38 0.0
18 10 35 -0.6669586780394604
18 10 61 -0.7200400072761698
18 11 16 -1.0781352932324746
18 11 33 -0.4158630232938525
18 12 66 -0.2903740580776966
18 12 71 -1.3782616137489614
18 13 45 -1.0943709445014944E-6
18 13 46 -13.725331386779928
18 14 48 -2.89976223482803
18 14 22 -0.05660876938741425
18 15 40 0.0
18 16 13 0.0
18 17 29 0.0
18 19 19 -0.9454024354309588
18 19 43 -0.4918782378051472
18 20 3 -0.5405723658205779
18 20 51 -2.5937782301205212
18 20 21 -2.0121104760730346
18 20 9 -1.5647424414669646
19 0 26 0.0
19 1 32 -3.13599390301903
19 1 2 -2.6867426993676755
19 1 4 -0.17228894901806743
19 1 68 -3.0639012387229574
19 2 0 0.0
19 3 44 0.0
19 4 52 -1.6411383141752762
19 4 37 -0.49626053229719597
19 4 54 -1.6223325179265418
19 5 65 0.0
19 6 58 0.0
19 7 30 -0.8999148154932934
19 7 62 -0.5218938085153801
19 8 6 -1.109348426867962
19 8 11 -0.40013995614852665
19 9 38 0.0
19 10 35 -0.7163413891807715
19 10 61 -0.6704787708012533
19 11 16 0.0
19 12 66 -0.41613541321627223
19 12 71 -1.0776072877633793
19 13 18 -3.191319288982473
19 13 28 -0.041986828048304704
19 14 47 0.0
19 15 23 -15.227530191394875
19 15 40 -0.4038101056418026
19 15 25 -1.4169998923054938
19 15 12 -17.8692091050343
19 15 15 -2.410297817669436
19 16 49 0.0
19 17 42 0.0
19 18 57 0.0
19 20 51 -1.9623632570583813
19 20 21 -1.702666658536366
19 20 9 -0.38967485453154915
20 0 26 0.0
20 1 2 -2.1868453456962307
20 1 68 -0.1190880471517999
20 2 0 0.0
20 3 44 0.0
20 4 52 -1.6420055323208789
20 4 37 -0.4189049640349941
20 4 54 -1.9062152395074772
20 5 65 -3.939058245625098
20 5 5 -0.01965850727198135
20 6 58 0.0
20 7 62 0.0
20 8 6 -1.377162795055783
20 8 11 -0.2907445523969087
20 9 50 0.0
20 10 35 -1.6183367148519259
20 10 20 -0.36916178460598925
20 10 61 -2.2031171365399125
20 11 16 -0.6365031793102145
20 11 33 -0.7531934043401899
20 12 66 -1.2335567139615145
20 12 71 -1.2866656178120859
20 12 31 -0.8380457843116029
20 13 18 -2.0896521157112016
20 13 8 -0.3101786692461574
20 13 28 -1.945233047748431
20 14 47 0.0
20 15 23 -14.718894410636961
20 15 40 -1.6861266976344311
20 15 25 -0.9059863045839187
20 15 12 -17.147408347620463
20 15 15 -0.8900849501350804
20 16 49 0.0
20 17 42 0.0
20 18 57 0.0
20 19 39 0.0
