0 1 32 -0.8621553334311053
0 1 2 -2.391329689877164
0 1 68 -0.7210507593411998
0 2 0 0.0
0 3 44 0.0
0 4 52 -0.7394930935617055
0 4 37 -1.3043166641666764
0 4 54 -1.3811624687428405
0 5 65 -9.624200651008882
0 5 5 -6.611151665926109E-5
0 6 27 0.0
0 7 30 -0.884246171480892
0 7 62 -0.5327737416691267
0 8 6 -0.4121284829264131
0 8 11 -1.0854172794345627
0 9 59 0.0
0 10 35 -2.435940469029713
0 10 61 -0.09158407345651444
0 11 16 0.0
0 12 66 -2.1824674961889197
0 12 71 -0.11964307752007207
0 13 18 -1.257266140876441
0 13 8 -1.089757846728531
0 13 28 -0.9695029111883711
0 14 47 0.0
0 15 23 -2.6149212780472118
0 15 40 -0.9879703152185273
0 15 25 -1.2987347546243844
0 15 12 -2.6148785478708545
0 15 15 -1.5680977919243733
0 16 49 0.0
0 17 42 0.0
0 18 57 0.0
0 19 39 0.0
0 20 51 -0.501536972717538
0 20 21 -0.9303875129207549
1 0 26 0.0
1 2 0 0.0
1 3 64 0.0
1 4 52 -0.6941055933437758
1 4 37 -1.1115173391054416
1 4 54 -1.7636404062096764
1 5 5 0.0
1 6 58 0.0
1 7 69 0.0
1 8 6 -0.7163033218020803
1 8 11 -0.6705151330934671
1 9 50 -1.093929114173955
1 9 70 -0.40781494566244286
1 10 35 -0.9219593122783437
1 10 20 -1.5455987097773263
1 10 61 -0.9439784736694364
1 11 33 0.0
1 12 17 -0.6922716389729511
1 12 31 -0.6940234893918138
1 13 8 -0.32955553355962364
1 13 45 -1.2702669703357594
1 14 48 -0.9156080834296912
1 14 22 -0.9156136519815248
1 14 47 -1.6121620007256259
1 15 25 -0.6240817772088464
1 15 15 -0.7673388498638452
1 16 13 0.0
1 17 29 0.0
1 18 41 -0.4655023254988087
1 18 57 -0.9883767468759088
1 19 19 -1.12493331015357
1 19 39 -1.335786143212618
1 19 43 -0.8858233518431154
1 20 3 -2.0491434220645983
1 20 67 -0.9488154901913306
1 20 63 -0.7257625577453165
2 0 26 0.0
2 1 4 0.0
2 3 64 0.0
2 4 37 0.0
2 5 1 0.0
2 6 58 0.0
2 7 69 0.0
2 8 53 -0.29707896186417815
2 8 11 -1.3586221627868793
2 9 50 -0.9710101909956442
2 9 38 -9.349687627634648
2 9 70 -0.47608170784642223
2 10 35 -1.0631434335773295
2 10 20 -1.1822184585157787
2 10 61 -1.0554558741891733
2 11 33 0.0
2 12 17 -0.6326660453974168
2 12 31 -0.7575231083749799
2 13 45 0.0
2 14 48 -0.8514334607667258
2 14 22 -0.851452838225553
2 14 47 -1.9213929125602154
2 15 7 -1.346798471794382
2 15 55 -1.3017988800919642
2 15 25 -1.2980699863020104
2 15 15 -1.6356372801246155
2 16 13 0.0
2 17 29 0.0
2 18 41 -0.17910302259845187
2 18 57 -1.808009383004637
2 19 19 -0.7178593514525244
2 19 43 -0.669031002382032
2 20 3 -1.5596284029376066
2 20 67 -0.7915243128964329
2 20 9 -8.634630130309404
2 20 63 -1.0892924489348752
3 0 26 0.0
3 1 4 0.0
3 2 0 0.0
3 4 52 -1.1251625577603284
3 4 37 -1.5917604559416978
3 4 54 -0.7511293692105113
3 5 65 0.0
3 6 58 0.0
3 7 69 -1.8644920791819448
3 7 30 -0.9172609395057129
3 7 62 -0.808753359845364
3 8 6 -0.2970662753836645
3 8 11 -1.3586588381337432
3 9 38 0.0
3 10 35 -0.6932685386942111
3 10 61 -0.6930258371516892
3 11 16 -0.2094469549261952
3 11 33 -1.6661810808617006
3 12 66 -0.4569885530478233
3 12 71 -1.002904700811687
3 13 45 0.0
3 14 22 -0.28222914145638045
3 14 47 -1.4028338635721207
3 15 40 -0.6537260832515865
3 15 25 -1.298016089687458
3 15 15 -1.575892980683346
3 16 49 -0.538606294406425
3 16 13 -0.876015282135608
3 17 29 0.0
3 18 57 0.0
3 19 19 -4.798266347115962
3 19 43 -0.008278196866579554
3 20 3 -1.6794667974364876
3 20 51 -2.0348335796203454
3 20 21 -2.034113843908458
3 20 9 -0.5941564132779413
4 0 26 0.0
4 1 4 0.0
4 2 36 0.0
4 3 64 -0.5736199423964853
4 3 56 -0.8289255988020064
4 5 1 -0.8564675144809692
4 5 24 -1.2981433894427057
4 5 10 -1.196328059987289
4 6 58 0.0
4 7 69 -0.2187445545121416
4 7 14 -1.627230003507735
4 8 53 0.0
4 9 50 -1.0080658238266207
4 9 38 -2.4495476749933163
4 9 70 -0.6001246208864522
4 10 35 -1.1710022163388063
4 10 20 -0.9678869238244361
4 10 61 -1.1709925435802846
4 11 33 0.0
4 12 17 -0.6985912782750463
4 12 31 -0.6877325606372054
4 13 45 -0.15836703286391624
4 13 46 -1.9209786769951211
4 14 48 -0.700466702119546
4 14 22 -0.6858808453334251
4 15 7 -0.9184527933285844
4 15 55 -0.509386842053591
4 16 13 0.0
4 17 29 0.0
4 18 41 0.0
4 19 19 -0.7089611365186833
4 19 43 -0.6775794175702514
4 20 3 -1.7975519330608316
4 20 67 -0.9711322105946127
4 20 9 -2.5175391563423366
4 20 63 -0.9808718537256218
5 0 26 0.0
5 1 4 0.0
5 2 0 0.0
5 3 64 0.0
5 4 52 -0.6899038718150533
5 4 37 -1.1044973588196432
5 4 54 -1.7897715941519912
5 6 58 0.0
5 7 69 0.0
5 8 6 -0.7122490275449962
5 8 11 -0.6744033853655309
5 9 50 -0.9945414452447469
5 9 38 -10.169229978122546
5 9 70 -0.4619265031410323
5 10 35 -1.066688865480552
5 10 20 -1.1682386343287317
5 10 61 -1.0643854853445647
5 11 33 0.0
5 12 17 -0.6332190424767372
5 12 31 -0.7568969394415729
5 13 45 0.0
5 14 48 -0.9123303507543907
5 14 22 -0.9123393825692909
5 14 47 -1.6254197442135467
5 15 25 -0.6294545764869992
5 15 15 -0.761174165091467
5 16 13 0.0
5 17 29 0.0
5 18 41 -0.4654309626419372
5 18 57 -0.9884971382420128
5 19 19 -0.7173793966634295
5 19 43 -0.669488298978326
5 20 3 -1.6220592969445249
5 20 67 -0.781310441385308
5 20 9 -9.484344221680495
5 20 63 -1.0652935047951682
6 0 26 0.0
6 1 32 -0.8580754638520088
6 1 2 -2.4489170269203537
6 1 68 -0.7140937317248881
6 2 0 0.0
6 3 44 0.0
6 4 52 -0.7394970050690406
6 4 37 -1.304295145641176
6 4 54 -1.3811782759691176
6 5 65 -9.76752761995512
6 5 5 -5.728344016475058E-5
6 7 30 -0.8832412085035689
6 7 62 -0.5334814909648262
6 8 6 -0.41212706993454123
6 8 11 -1.0854200498581819
6 9 59 0.0
6 10 35 -0.9299865205422336
6 10 61 -0.5017982084002153
6 11 16 0.0
6 12 66 -2.306012099848851
6 12 71 -0.10498046106893504
6 13 18 -1.257060547320091
6 13 8 -1.0897518751774786
6 13 28 -0.969662417369524
6 14 47 0.0
6 15 23 -2.614896042346849
6 15 40 -0.9879442957713304
6 15 25 -1.2987313161271707
6 15 12 -2.614871979807633
6 15 15 -1.5681599385298988
6 16 49 0.0
6 17 42 0.0
6 18 57 0.0
6 19 39 0.0
6 20 51 -0.28687435134751693
6 20 21 -1.3887214463060997
7 0 26 0.0
7 1 2 -1.879187457850018
7 1 68 -0.16571714662279216
7 2 0 0.0
7 3 64 -1.270187618375234
7 3 44 -0.32958651030834385
7 4 52 -0.7264440001396969
7 4 37 -1.0995406171051314
7 4 54 -1.6963569828699738
7 5 5 0.0
7 6 58 0.0
7 8 6 -0.7383057689495937
7 8 11 -0.6499400810682587
7 9 50 -0.9648467864649829
7 9 70 -0.4797171749411122
7 10 35 -0.9929293496772317
7 10 20 -1.1316793394898235
7 10 61 -1.1808457575455396
7 11 16 -0.3476689651396219
7 11 33 -1.2253076429090544
7 12 31 0.0
7 13 18 -1.2579080351119327
7 13 8 -1.089780320996193
7 13 28 -0.9690018819996081
7 14 48 -1.0664617872970545
7 14 22 -1.0664671036950437
7 14 47 -1.1661850987554705
7 15 25 -0.616486010230788
7 15 15 -0.7761768819493834
7 16 13 0.0
7 17 42 0.0
7 18 41 -0.6825810229140273
7 18 57 -0.7038261752078123
7 19 39 0.0
7 20 67 -2.3353901798058314
7 20 63 -0.1017810588963902
8 0 26 0.0
8 1 4 0.0
8 2 36 0.0
8 3 64 -0.5736199611905215
8 3 56 -0.8289255745416104
8 4 52 0.0
8 5 1 -0.8564610132432666
8 5 24 -1.298143465058689
8 5 10 -1.1963371243865533
8 6 58 0.0
8 7 69 -0.21872578096300363
8 7 14 -1.6273067864220376
8 9 50 -1.0080701103722627
8 9 38 -2.4495258278604997
8 9 70 -0.6001252074641039
8 10 35 -1.1709884804731998
8 10 20 -0.9679098043371753
8 10 61 -1.170978246583347
8 11 33 0.0
8 12 17 -0.6985599715131483
8 12 31 -0.6877635302511935
8 13 45 -0.1583670662388816
8 13 46 -1.920978482497952
8 14 48 -0.7009349260136869
8 14 22 -0.6854196157159923
8 15 7 -0.9031557222920362
8 15 55 -0.5196791358684478
8 16 13 0.0
8 17 29 0.0
8 18 41 0.0
8 19 19 -0.7089548611209707
8 19 43 -0.6775854991307442
8 20 3 -1.7975165055764109
8 20 67 -0.9711356327064993
8 20 9 -2.517446108508321
8 20 63 -0.9809040694154137
9 0 26 0.0
9 1 32 -0.8551455068938532
9 1 2 -2.4991705551383068
9 1 68 -0.7080058778678968
9 2 0 0.0
9 3 44 0.0
9 4 52 -0.7394969297053653
9 4 37 -1.3042809432222924
9 4 54 -1.3811937567815307
9 5 65 -9.971432267461578
9 5 5 -4.671669749114043E-5
9 6 58 0.0
9 7 30 -0.8867231780546175
9 7 62 -0.5310344631871937
9 8 6 -0.41212499258455854
9 8 11 -1.0854241228959023
9 10 35 -0.1120723188872292
9 10 61 -2.244123784063312
9 11 16 0.0
9 12 66 -2.441746676651885
9 12 71 -0.09102897402887022
9 13 18 -1.2569379104006178
9 13 8 -1.0897486116079194
9 13 28 -0.9697573255969538
9 14 47 0.0
9 15 23 -2.614878359346347
9 15 40 -0.98792834379936
9 15 25 -1.2987291366176337
9 15 12 -2.6148676679341865
9 15 15 -1.5681990120462808
9 16 49 0.0
9 17 42 0.0
9 18 57 0.0
9 19 39 0.0
9 20 51 -0.14743471012476664
9 20 21 -1.9871816554139374
10 0 60 0.0
10 1 32 -0.8656824361622215
10 1 2 -2.359115358592212
10 1 68 -0.7241593203428863
10 2 0 0.0
10 3 44 0.0
10 4 52 -0.7395020551510867
10 4 37 -1.30433321145405
10 4 54 -1.3811275766861726
10 5 65 -9.572396709893184
10 5 5 -6.962673806996174E-5
10 6 58 -1.3105033167037838
10 6 27 -0.31427835287431694
10 7 30 -0.8975368363003206
10 7 62 -0.5235265092007637
10 8 6 -0.41212928848528363
10 8 11 -1.0854156999973161
10 9 34 0.0
10 11 16 0.0
10 12 66 -2.15105504627426
10 12 71 -0.12370704017827902
10 13 18 -1.2574448711575223
10 13 8 -1.089763446477986
10 13 28 -0.969363930739451
10 14 47 0.0
10 15 23 -2.6149404716963036
10 15 40 -0.9879915590600088
10 15 25 -1.2987374735494486
10 15 12 -2.6148844453928435
10 15 15 -1.5680474787155336
10 16 49 0.0
10 17 42 0.0
10 18 57 0.0
10 19 39 0.0
10 20 51 -0.9647928943476557
10 20 21 -0.479750353310687
11 0 26 0.0
11 1 32 0.0
11 2 0 0.0
11 3 64 0.0
11 4 52 -0.6927158848790493
11 4 37 -1.118412540173387
11 4 54 -1.7545437823465484
11 5 5 0.0
11 6 58 0.0
11 7 69 -0.3351343313616924
11 7 30 -1.2561155838700595
11 8 6 -0.7150913566573793
11 8 11 -0.6716742291918961
11 9 70 0.0
11 10 35 -0.6948910633400808
11 10 61 -0.6914063336135907
11 12 17 0.0
11 13 18 -2.1110088120156334
11 13 8 -0.7797717076237555
11 13 28 -1.9605433686290739
11 13 45 -1.2744249518276722
11 14 48 -1.0343625459533472
11 14 22 -1.034374073787031
11 14 47 -1.2409884744451394
11 15 25 -0.6198278557345643
11 15 15 -0.7722705850897323
11 16 13 0.0
11 17 42 0.0
11 18 41 -0.465441240363516
11 18 57 -0.9884797979820075
11 19 39 0.0
11 20 3 -2.3445792598469875
11 20 51 -1.7336764487040086
11 20 67 -1.78435728502432
11 20 21 -1.6357615218212793
11 20 63 -1.0084890166448153
12 0 26 0.0
12 1 32 -0.8384656197118276
12 1 2 -2.723358616566317
12 1 68 -0.6892095781264038
12 2 0 0.0
12 3 64 -1.1824666280056741
12 3 44 -0.36603537392400487
12 4 52 -0.7812261284743155
12 4 37 -1.3038358180008496
12 4 54 -1.306864902909585
12 5 5 0.0
12 6 58 0.0
12 7 30 0.0
12 8 6 -0.3307690046345707
12 8 11 -1.2671649975700363
12 9 70 0.0
12 10 35 -0.5633719827568908
12 10 61 -0.8423114477045254
12 11 16 0.0
12 13 18 -1.2509129083078185
12 13 8 -1.0897884989741318
12 13 28 -0.9742667665387564
12 14 47 0.0
12 15 23 -2.0747324800309026
12 15 40 -0.9494844628045321
12 15 25 -1.2603078926653375
12 15 15 -1.5901117713196644
12 16 49 -2.8219886715986586
12 16 13 -0.06133036488586854
12 17 42 0.0
12 18 57 0.0
12 19 39 0.0
12 20 51 -1.7339001986958629
12 20 67 -2.058525320125381
12 20 21 -1.6644860017260792
12 20 63 -0.6802789350859983
13 0 26 0.0
13 1 2 -1.5618416616856146
13 1 4 -1.2702985192615923
13 1 68 -0.674319986557658
13 2 0 0.0
13 3 44 0.0
13 4 52 -1.1272696648779212
13 4 37 -1.5978846257561694
13 4 54 -0.7470554855488898
13 5 65 0.0
13 6 58 0.0
13 7 30 -0.7359108852911942
13 7 62 -0.6521374597329296
13 8 6 -0.29708602328328504
13 8 11 -1.3586017497144374
13 9 38 0.0
13 10 35 -0.6931767613699225
13 10 61 -0.6931176006249666
13 11 16 -1.2602471211070627
13 11 33 -0.33349418897881156
13 12 66 -0.3814445474855576
13 12 71 -1.1484569026974105
13 14 47 0.0
13 15 23 -2.317715276287925
13 15 40 -0.8418902024859858
13 15 25 -1.298382065347249
13 15 12 -2.3177017521028156
13 15 15 -2.3112871978142224
13 16 49 0.0
13 17 29 0.0
13 18 57 0.0
13 19 19 -5.522711480682241
13 19 43 -0.00400300220855986
13 20 51 -1.2119729356626512
13 20 21 -1.2118652052560888
13 20 9 -0.904488488284826
14 0 26 0.0
14 1 4 0.0
14 2 0 -0.41428340270002834
14 2 36 -1.0812056127664014
14 3 56 -0.20563488149318718
14 3 44 -1.6827092595612065
14 4 54 0.0
14 5 65 -1.4082316081123347
14 5 24 -1.0980396352488624
14 5 10 -0.8629861980501259
14 6 58 0.0
14 7 69 -0.6445759370636946
14 7 14 -1.640311104226331
14 7 30 -1.9910279189514015
14 7 62 -1.9335057832817828
14 8 53 -0.5313287293704508
14 8 6 -0.8863033620995511
14 9 38 0.0
14 10 35 -0.6931841986261474
14 10 61 -0.6931101638640295
14 11 16 -1.2489711809716746
14 11 33 -0.3379929865533629
14 12 66 -0.1453369032791628
14 12 71 -2.0004892499537883
14 13 46 0.0
14 15 23 -0.3916610520956186
14 15 12 -1.1268055538128687
14 16 49 0.0
14 17 29 0.0
14 18 41 0.0
14 19 19 -0.7049109312216641
14 19 43 -0.6815202082603086
14 20 3 -0.2127009045889039
14 20 51 -3.0150234986652493
14 20 21 -3.0145536678213145
14 20 9 -2.369904044018636
15 0 26 0.0
15 1 4 0.0
15 2 0 -0.44296728810115055
15 2 36 -1.0275804907417025
15 3 56 0.0
15 4 54 0.0
15 5 65 -1.3639257843588775
15 5 24 -1.0551882859164916
15 5 10 -0.9257907925200606
15 6 58 0.0
15 7 69 -0.25664363872707685
15 7 14 -1.4856456853384297
15 8 53 -0.5334208784942756
15 8 6 -0.8833272073325447
15 9 38 0.0
15 10 35 -0.6931499353504575
15 10 61 -0.6931444257770221
15 11 33 0.0
15 12 17 -1.2858606531301426
15 12 71 -1.4799293948692398
15 12 31 -0.7013131257460983
15 13 45 -0.21299149229167272
15 13 46 -1.6511092925929054
15 14 48 -2.055461378434576
15 14 22 -0.1370045598784185
15 16 13 0.0
15 17 29 0.0
15 18 41 0.0
15 19 19 -0.7084909400539975
15 19 43 -0.6780352986282178
15 20 3 -1.8566075812398815
15 20 51 -2.9454667933269705
15 20 67 -1.652561549918309
15 20 21 -2.943626850667734
15 20 9 -2.4615826841377593
15 20 63 -0.7728657656596828
16 0 26 0.0
16 1 4 0.0
16 2 0 -0.42909978850209224
16 2 36 -1.052955468724342
16 3 56 -0.20565541922043565
16 3 44 -1.6826193069777557
16 4 54 0.0
16 5 65 -1.3386609925538837
16 5 24 -1.0509434681030123
16 5 10 -0.9462455985839473
16 6 58 0.0
16 7 69 -0.37240361994569
16 7 14 -1.1682069676019462
16 8 53 -0.5312795282063417
16 8 6 -0.8863735342561886
16 9 38 0.0
16 10 35 -0.693175980943629
16 10 61 -0.6931183810056997
16 11 33 0.0
16 12 17 -1.2802102926681949
16 12 66 -1.9070939026147855
16 12 71 -2.3632111500786057
16 12 31 -0.7352360144632791
16 13 46 0.0
16 14 48 0.0
16 15 23 -1.4299554477854373
16 15 12 -0.27354196231319594
16 17 29 0.0
16 18 41 0.0
16 19 19 -0.704988147850783
16 19 43 -0.6814447825808937
16 20 3 -1.2640541238820975
16 20 51 -3.352624892947739
16 20 21 -3.350386295228528
16 20 9 -3.199619688712415
16 20 63 -0.4997987786480472
17 0 26 0.0
17 1 2 -1.5619325503466517
17 1 4 -1.2702962122708066
17 1 68 -0.674283843550732
17 2 0 0.0
17 3 44 0.0
17 4 52 -1.1273165612448153
17 4 37 -1.5978435962004949
17 4 54 -0.7470409451289057
17 5 65 0.0
17 6 58 0.0
17 7 30 -0.7359238904906391
17 7 62 -0.6521254997858148
17 8 6 -0.29708676633311976
17 8 11 -1.3585996017467856
17 9 38 0.0
17 10 35 -0.6931716242785778
17 10 61 -0.6931227374387936
17 11 16 -1.2602069668262057
17 11 33 -0.33351008397173043
17 12 66 -0.38141903030556396
17 12 71 -1.1485118516455608
17 13 28 0.0
17 14 47 0.0
17 15 23 -2.317668225994518
17 15 40 -0.8419142725264224
17 15 25 -1.2983804845271572
17 15 12 -2.3176586201394134
17 15 15 -2.3112765359249328
17 16 49 0.0
17 18 57 0.0
17 19 19 -6.002114529168434
17 19 43 -0.0024765805159521876
17 20 51 -1.211938595569709
17 20 21 -1.2118627689738315
17 20 9 -0.9045155307383761
18 0 26 0.0
18 1 4 0.0
18 2 0 -0.8423835729510527
18 2 36 -0.5633174172832045
18 3 56 0.0
18 4 54 0.0
18 5 65 -0.9975286125339503
18 5 24 -0.46011625197232375
18 6 58 0.0
18 7 69 -1.5263989776401354
18 7 14 -1.3717876100255848
18 7 30 -1.286671106389622
18 7 62 -1.374992868425795
18 8 53 -0.5182478237698213
18 8 6 -0.9059142350711903
18 8 11 -8.237191677004144
18 9 38 0.0
18 10 35 -0.6931885396743553
18 10 61 -0.6931058231560411
18 11 16 -0.5572137575017216
18 11 33 -0.8505095692337138
18 12 66 -0.35457726719648125
18 12 71 -1.208884563568949
18 13 45 -0.2620691905403448
18 13 46 -1.467321277854108
18 14 48 -1.1641222265274633
18 14 22 -0.374252208143898
18 15 40 0.0
18 16 13 0.0
18 17 29 0.0
18 19 19 -0.7084867010322013
18 19 43 -0.6780394105111922
18 20 3 -0.7426593642984852
18 20 51 -1.924274663257233
18 20 21 -1.923855618459341
18 20 9 -1.46046278410511
19 0 26 0.0
19 1 32 -1.5507386584672056
19 1 2 -1.7886793595708859
19 1 4 -1.2705199407216068
19 1 68 -1.0786852766553958
19 2 0 0.0
19 3 44 0.0
19 4 52 -1.127118266893428
19 4 37 -1.5980269900188442
19 4 54 -0.7470982135112563
19 5 65 0.0
19 6 58 0.0
19 7 30 -0.7390299629466367
19 7 62 -0.6492775944998123
19 8 6 -0.2970834403969341
19 8 11 -1.3586092162287495
19 9 38 0.0
19 10 35 -0.6932103491871945
19 10 61 -0.6930840159227195
19 11 16 0.0
19 12 66 -0.3578047383597167
19 12 71 -1.2013415706910446
19 13 18 -5.58867876608032
19 13 28 -0.0037469771308643986
19 14 47 0.0
19 15 23 -2.3178046687404796
19 15 40 -0.8404823505686532
19 15 25 -1.2983985882528273
19 15 12 -2.3177750745662
19 15 15 -2.3172213037787817
19 16 49 0.0
19 17 42 0.0
19 18 57 0.0
19 20 51 -1.1987140348359029
19 20 21 -1.1984452624113142
19 20 9 -0.9244354109457386
20 0 26 0.0
20 1 2 -1.995839775626004
20 1 68 -0.14606617569732844
20 2 0 0.0
20 3 44 0.0
20 4 52 -0.7931131167621491
20 4 37 -1.3027556871028183
20 4 54 -1.288137092284089
20 5 65 -9.52018753226832
20 5 5 -7.335859713705084E-5
20 6 58 0.0
20 7 62 0.0
20 8 6 -0.412173533537181
20 8 11 -1.0853289557190304
20 9 50 0.0
20 10 35 -1.1047556333183208
20 10 20 -0.6548609982715228
20 10 61 -1.902508476674123
20 11 16 -0.34817606380112687
20 11 33 -1.2240890143831389
20 12 66 -2.6821109804333902
20 12 71 -0.8569936414427505
20 12 31 -0.6789578170743628
20 13 18 -1.2574960853774733
20 13 8 -1.0897656740980235
20 13 28 -0.9693235622598493
20 14 47 0.0
20 15 23 -2.6153329696899665
20 15 40 -0.9884263070702283
20 15 25 -1.2991343792635544
20 15 12 -2.6152789740873947
20 15 15 -1.5664766703375432
20 16 49 0.0
20 17 42 0.0
20 18 57 0.0
20 19 39 0.0
