0 1 1 0.0
0 2 15 0.0
0 3 19 -0.2936051941598442
0 3 22 -1.3687326311755255
0 4 21 -0.2934633852967611
0 4 26 -1.3691482989346528
0 5 25 0.0
0 6 4 -0.8391125853858913
0 6 29 -0.5657990142044184
0 7 6 0.0
0 8 10 0.0
0 9 9 0.0
0 10 12 0.0
0 11 17 -1.6101209379104053
0 11 3 -0.2229728678145914
1 0 0 0.0
1 2 15 0.0
1 3 19 0.0
1 4 21 0.0
1 5 25 0.0
1 6 4 -0.546456099188131
1 6 29 -0.8651179098922585
1 7 6 0.0
1 8 10 -0.24210168217267874
1 8 27 -1.5370072819819014
1 9 9 0.0
1 10 23 -2.6180367654602774
1 10 12 -0.07574338967578198
1 11 17 -0.22691579923619667
1 11 3 -1.5944896290791666
2 0 0 0.0
2 1 14 0.0
2 3 19 0.0
2 4 21 0.0
2 5 25 0.0
2 6 29 0.0
2 7 5 -0.5474139104065069
2 7 6 -0.8638021420459389
2 8 10 -0.46877550708748533
2 8 27 -0.9828794809752952
2 9 9 0.0
2 10 23 0.0
2 11 17 -0.8199049803367292
2 11 3 -0.8237533936474325
2 11 13 -2.1140756027483554
3 0 0 -0.8550255633282435
3 0 2 -0.5538589496160198
3 1 14 0.0
3 2 18 0.0
3 4 21 0.0
3 5 25 0.0
3 6 29 0.0
3 7 5 -0.5474255104031837
3 7 6 -0.8637862251802088
3 8 10 -0.46880217963769344
3 8 27 -0.9828348823385316
3 9 9 0.0
3 10 23 0.0
3 11 17 -0.42785144696278365
3 11 13 -1.0552891861306017
4 0 0 -1.302325933246385
4 0 2 -0.3173150081950444
4 1 14 0.0
4 2 18 0.0
4 3 20 0.0
4 5 25 0.0
4 6 29 0.0
4 7 5 -0.13240644657175318
4 7 6 -2.087351798725751
4 8 27 0.0
4 9 9 0.0
4 10 23 -0.43116852524875293
4 10 11 -1.0491063874649256
4 11 17 -0.8645458652757496
4 11 13 -0.5468722506491485
5 0 0 -1.3034168449488293
5 0 2 -0.3169079284207925
5 1 14 0.0
5 2 18 0.0
5 3 20 0.0
5 4 24 0.0
5 6 29 0.0
5 7 5 0.0
5 8 7 -0.34583359427072774
5 8 27 -1.2297359457615713
5 9 9 0.0
5 10 23 -0.728528385179952
5 10 11 -0.6589751455250707
5 11 17 -0.8639844315630191
5 11 13 -0.5472810830269813
6 0 2 0.0
6 1 16 -1.0031569405632705
6 1 1 -1.0045334030336808
6 1 14 -1.320264585754395
6 2 18 0.0
6 3 20 0.0
6 4 24 0.0
6 5 28 0.0
6 7 5 0.0
6 8 7 -0.09876672673312614
6 8 27 -2.3639714485449312
6 9 9 0.0
6 10 23 -1.0124495989099256
6 10 11 -0.4515004828014262
6 11 13 0.0
7 0 2 0.0
7 1 16 -0.6915250443764449
7 1 1 -0.6947719523451271
7 2 18 -0.1626137238468034
7 2 15 -1.8965829865768973
7 3 20 -0.8945980705972496
7 3 22 -0.5255533175477495
7 4 26 0.0
7 5 25 -2.940590657821885
7 5 28 -0.05428145175159548
7 6 4 0.0
7 8 7 0.0
7 9 9 0.0
7 10 11 0.0
7 11 13 0.0
8 0 2 0.0
8 1 16 -0.6881851044899393
8 1 1 -0.6981340016666567
8 2 18 -0.16270103653479673
8 2 15 -1.8960886709525586
8 3 20 -0.9828337466400396
8 3 22 -0.46880285887554113
8 4 26 0.0
8 5 25 0.0
8 6 4 -0.12832004227614727
8 6 29 -2.116701835942417
8 7 6 0.0
8 9 9 0.0
8 10 11 0.0
8 11 13 0.0
9 0 2 0.0
9 1 16 -0.6919839226513153
9 1 1 -0.6943117932136083
9 2 18 -0.16269093033171542
9 2 15 -1.896145871913027
9 3 20 -0.9828419569841514
9 3 22 -0.46879794846580214
9 4 26 0.0
9 5 25 0.0
9 6 4 -0.1284612557485698
9 6 29 -2.115671058609141
9 7 6 0.0
9 8 8 0.0
9 10 11 0.0
9 11 13 0.0
10 0 2 0.0
10 1 16 -0.6885613853654293
10 1 1 -0.697754102190731
10 2 18 -0.918295849492763
10 2 15 -0.5094911088185101
10 3 22 0.0
10 4 21 -0.43115909464577445
10 4 26 -1.0491238823990798
10 5 25 0.0
10 6 4 -0.546799564418839
10 6 29 -0.8646457395219868
10 7 6 0.0
10 8 10 0.0
10 9 9 0.0
10 11 13 0.0
11 0 2 0.0
11 1 16 -0.17413872401114924
11 1 1 -1.8337092018268126
11 2 15 0.0
11 3 19 -0.29338689785290334
11 3 22 -1.3693725938781438
11 4 21 -0.2934708807190484
11 4 26 -1.3691263226775001
11 5 25 0.0
11 6 4 -0.8390677048958316
11 6 29 -0.56583316306171
11 7 6 0.0
11 8 10 0.0
11 9 9 0.0
11 10 12 0.0
