0 1 1 0.0
0 2 15 0.0
0 3 19 0.0
0 3 22 -Infinity
0 4 21 0.0
0 4 26 -Infinity
0 5 25 0.0
0 6 4 -Infinity
0 6 29 0.0
0 7 6 0.0
0 8 10 0.0
0 9 9 0.0
0 10 12 0.0
0 11 17 -Infinity
0 11 3 0.0
1 0 0 0.0
1 2 15 0.0
1 3 19 0.0
1 4 21 0.0
1 5 25 0.0
1 6 4 0.0
1 6 29 -Infinity
1 7 6 0.0
1 8 27 -Infinity
1 8 10 0.0
1 9 9 0.0
1 10 23 -Infinity
1 10 12 0.0
1 11 17 0.0
1 11 3 -Infinity
2 0 0 0.0
2 1 14 0.0
2 3 19 0.0
2 4 21 0.0
2 5 25 0.0
2 6 29 0.0
2 7 5 -Infinity
2 7 6 0.0
2 8 27 0.0
2 8 10 -Infinity
2 9 9 0.0
2 10 23 0.0
2 11 17 -Infinity
2 11 3 0.0
2 11 13 -Infinity
3 0 0 -Infinity
3 0 2 0.0
3 1 14 0.0
3 2 18 0.0
3 4 21 0.0
3 5 25 0.0
3 6 29 0.0
3 7 5 0.0
3 7 6 -Infinity
3 8 27 0.0
3 8 10 -Infinity
3 9 9 0.0
3 10 23 0.0
3 11 17 -1.6094379124341038
3 11 13 -0.22314355131420888
4 0 0 0.0
4 0 2 -Infinity
4 1 14 0.0
4 2 18 0.0
4 3 20 0.0
4 5 25 0.0
4 6 29 0.0
4 7 5 0.0
4 7 6 -Infinity
4 8 27 0.0
4 9 9 0.0
4 10 23 0.0
4 10 11 -Infinity
4 11 17 0.0
4 11 13 -Infinity
5 0 0 0.0
5 0 2 -Infinity
5 1 14 0.0
5 2 18 0.0
5 3 20 0.0
5 4 24 0.0
5 6 29 0.0
5 7 5 0.0
5 8 7 -Infinity
5 8 27 0.0
5 9 9 0.0
5 10 23 0.0
5 10 11 -Infinity
5 11 17 0.0
5 11 13 -Infinity
6 0 2 0.0
6 1 1 -Infinity
6 1 16 -Infinity
6 1 14 0.0
6 2 18 0.0
6 3 20 0.0
6 4 24 0.0
6 5 28 0.0
6 7 5 0.0
6 8 7 0.0
6 8 27 -Infinity
6 9 9 0.0
6 10 23 -1.6739764335716751
6 10 11 -0.20763936477824368
6 11 13 0.0
7 0 2 0.0
7 1 1 -Infinity
7 1 16 0.0
7 2 18 0.0
7 2 15 -Infinity
7 3 20 -Infinity
7 3 22 0.0
7 4 26 0.0
7 5 25 -Infinity
7 5 28 0.0
7 6 4 0.0
7 8 7 0.0
7 9 9 0.0
7 10 11 0.0
7 11 13 0.0
8 0 2 0.0
8 1 1 -Infinity
8 1 16 0.0
8 2 18 0.0
8 2 15 -Infinity
8 3 20 -Infinity
8 3 22 0.0
8 4 26 0.0
8 5 25 0.0
8 6 4 0.0
8 6 29 -Infinity
8 7 6 0.0
8 9 9 0.0
8 10 11 0.0
8 11 13 0.0
9 0 2 0.0
9 1 1 0.0
9 1 16 -Infinity
9 2 18 0.0
9 2 15 -Infinity
9 3 20 0.0
9 3 22 -Infinity
9 4 26 0.0
9 5 25 0.0
9 6 4 -Infinity
9 6 29 0.0
9 7 6 0.0
9 8 8 0.0
9 10 11 0.0
9 11 13 0.0
10 0 2 0.0
10 1 1 -Infinity
10 1 16 0.0
10 2 18 -Infinity
10 2 15 0.0
10 3 22 0.0
10 4 21 -Infinity
10 4 26 0.0
10 5 25 0.0
10 6 4 0.0
10 6 29 -Infinity
10 7 6 0.0
10 8 10 0.0
10 9 9 0.0
10 11 13 0.0
11 0 2 0.0
11 1 1 -Infinity
11 1 16 0.0
11 2 15 0.0
11 3 19 -Infinity
11 3 22 0.0
11 4 21 0.0
11 4 26 -Infinity
11 5 25 0.0
11 6 4 -Infinity
11 6 29 0.0
11 7 6 0.0
11 8 10 0.0
11 9 9 0.0
11 10 12 0.0
