0 1 1 0.0
0 2 15 0.0
0 3 19 -0.6474608379965289
0 3 22 -0.7410211063750707
0 4 21 -0.40613123572448134
0 4 26 -1.0972813631374074
0 5 25 0.0
0 6 4 -0.8309765229421217
0 6 29 -0.5720340195392764
0 7 6 0.0
0 8 10 0.0
0 9 9 0.0
0 10 12 0.0
0 11 17 -1.4728506847835854
0 11 3 -0.260418424329622
1 0 0 0.0
1 2 15 0.0
1 3 19 0.0
1 4 21 0.0
1 5 25 0.0
1 6 4 -0.564091882376259
1 6 29 -0.8413607311905372
1 7 6 0.0
1 8 10 -0.35061770948743887
1 8 27 -1.2182506886478015
1 9 9 0.0
1 10 23 -2.5648891370273676
1 10 12 -0.08004772620675057
1 11 17 -0.44498173445372285
1 11 3 -1.023976117796097
2 0 0 0.0
2 1 14 0.0
2 3 19 0.0
2 4 21 0.0
2 5 25 0.0
2 6 29 0.0
2 7 5 -0.6008012208459934
2 7 6 -0.7948966525126776
2 8 10 -0.6648263488280037
2 8 27 -0.7222935175802393
2 9 9 0.0
2 10 23 0.0
2 11 17 -0.5598745520074146
2 11 3 -1.2501617970436223
2 11 13 -1.9500930778014542
3 0 0 -1.005073049442162
3 0 2 -0.45573455274184077
3 1 14 0.0
3 2 18 0.0
3 4 21 0.0
3 5 25 0.0
3 6 29 0.0
3 7 5 -0.5425678272400932
3 7 6 -0.8704902111391096
3 8 10 -0.696205723454409
3 8 27 -0.690097963832884
3 9 9 0.0
3 10 23 0.0
3 11 17 -0.6474765455389107
3 11 13 -0.7410038585717065
4 0 0 -0.9312776221455235
4 0 2 -0.5009577083471094
4 1 14 0.0
4 2 18 0.0
4 3 20 0.0
4 5 25 0.0
4 6 29 0.0
4 7 5 -0.47337650456714153
4 7 6 -0.975232952276329
4 8 27 0.0
4 9 9 0.0
4 10 23 -0.7659379594121946
4 10 11 -0.6252972817081317
4 11 17 -1.056788792695175
4 11 13 -0.4270516397749549
5 0 0 -0.8953213542940333
5 0 2 -0.5250535489105516
5 1 14 0.0
5 2 18 0.0
5 3 20 0.0
5 4 24 0.0
5 6 29 0.0
5 7 5 0.0
5 8 7 -0.4733711424283772
5 8 27 -0.9752418094390265
5 9 9 0.0
5 10 23 -1.847570278789518
5 10 11 -0.17152367230043963
5 11 17 -1.289119044165679
5 11 13 -0.32229200095332694
6 0 2 0.0
6 1 16 -0.8600443125322698
6 1 1 -1.4426181705515906
6 1 14 -1.077197972872945
6 2 18 0.0
6 3 20 0.0
6 4 24 0.0
6 5 28 0.0
6 7 5 0.0
6 8 7 -0.43551141412582717
6 8 27 -1.0410995099623086
6 9 9 0.0
6 10 23 -2.644632578404038
6 10 11 -0.07368039158455533
6 11 13 0.0
7 0 2 0.0
7 1 16 -0.40614234724751347
7 1 1 -1.097259184796822
7 2 18 -0.5934309259536781
7 2 15 -0.8039193968722745
7 3 20 -0.6900892680369063
7 3 22 -0.6962144726010602
7 4 26 0.0
7 5 25 -2.058593046707659
7 5 28 -0.13654555107983374
7 6 4 0.0
7 8 7 0.0
7 9 9 0.0
7 10 11 0.0
7 11 13 0.0
8 0 2 0.0
8 1 16 -0.3964527470570111
8 1 1 -1.1168844008937857
8 2 18 -0.5857498459381546
8 2 15 -0.8134820878337727
8 3 20 -0.6900940627888752
8 3 22 -0.6962096484133273
8 4 26 0.0
8 5 25 0.0
8 6 4 -0.45190045489978126
8 6 29 -1.0117490994063607
8 7 6 0.0
8 9 9 0.0
8 10 11 0.0
8 11 13 0.0
9 0 2 0.0
9 1 16 -0.3993702472790921
9 1 1 -1.1109145972705547
9 2 18 -0.5878500430612792
9 2 15 -0.8108509991655735
9 3 20 -0.6900931341292847
9 3 22 -0.6962105827704868
9 4 26 0.0
9 5 25 0.0
9 6 4 -0.4518081025402171
9 6 29 -1.0119107742069462
9 7 6 0.0
9 8 8 0.0
9 10 11 0.0
9 11 13 0.0
10 0 2 0.0
10 1 16 -0.4039864277811738
10 1 1 -1.10157622501861
10 2 18 -0.7063309807066623
10 2 15 -0.680134933727417
10 3 22 0.0
10 4 21 -0.8117334737776218
10 4 26 -0.5871445230902695
10 5 25 0.0
10 6 4 -0.5015122521546228
10 6 29 -0.9304254723251817
10 7 6 0.0
10 8 10 0.0
10 9 9 0.0
10 11 13 0.0
11 0 2 0.0
11 1 16 -0.44498034816104787
11 1 1 -1.0239785912842374
11 2 15 0.0
11 3 19 -0.6474400328008358
11 3 22 -0.7410439525760067
11 4 21 -0.4307690854475886
11 4 26 -1.049847810489506
11 5 25 0.0
11 6 4 -0.7057242440187138
11 6 29 -0.6807263368741007
11 7 6 0.0
11 8 10 0.0
11 9 9 0.0
11 10 12 0.0
