0 1 1 0.0
0 2 15 0.0
0 3 19 -0.33562299427882397
0 3 22 -1.2548892350256766
0 4 21 -0.1610840271321209
0 4 26 -1.9052902204215403
0 5 25 0.0
0 6 4 -0.5479838376432181
0 6 29 -0.8630206373165462
0 7 6 0.0
0 8 10 0.0
0 9 9 0.0
0 10 12 0.0
0 11 17 -2.213491285528513
0 11 3 -0.11576817687775982
1 0 0 0.0
1 2 15 0.0
1 3 19 0.0
1 4 21 0.0
1 5 25 0.0
1 6 4 -0.6805865442984314
1 6 29 -0.7058675954534206
1 7 6 0.0
1 8 10 -0.21218749104451617
1 8 27 -1.6545034718416949
1 9 9 0.0
1 10 23 -3.6667833156558434
1 10 12 -0.025890845629668938
1 11 17 -0.24056688146650929
1 11 3 -1.5426303862510717
2 0 0 0.0
2 1 14 0.0
2 3 19 0.0
2 4 21 0.0
2 5 25 0.0
2 6 29 0.0
2 7 5 -0.774799560223171
2 7 6 -0.6176615488186381
2 8 10 -0.5713761612060153
2 8 27 -0.831829461486726
2 9 9 0.0
2 10 23 0.0
2 11 17 -0.8439655121063744
2 11 3 -0.8284448357499379
2 11 13 -2.015377399408094
3 0 0 -1.118588535665758
3 0 2 -0.39562466262121476
3 1 14 0.0
3 2 18 0.0
3 4 21 0.0
3 5 25 0.0
3 6 29 0.0
3 7 5 -0.7747941710424404
3 7 6 -0.6176661543606398
3 8 10 -0.5715050749702687
3 8 27 -0.8316622183088833
3 9 9 0.0
3 10 23 0.0
3 11 17 -0.3356444619151872
3 11 13 -1.254835408030578
4 0 0 -1.2920435146560467
4 0 2 -0.32118210140729525
4 1 14 0.0
4 2 18 0.0
4 3 20 0.0
4 5 25 0.0
4 6 29 0.0
4 7 5 -0.3646623148063507
4 7 6 -1.1855800278960187
4 8 27 0.0
4 9 9 0.0
4 10 23 -0.38761559471133683
4 10 11 -1.1352965388678584
4 11 17 -0.6203075176906758
4 11 13 -0.7717122243099076
5 0 0 -1.184707200020698
5 0 2 -0.36504662470436827
5 1 14 0.0
5 2 18 0.0
5 3 20 0.0
5 4 24 0.0
5 6 29 0.0
5 7 5 0.0
5 8 7 -0.23272827219069647
5 8 27 -1.5719921048733645
5 9 9 0.0
5 10 23 -1.5613054793388828
5 10 11 -0.23554756637414898
5 11 17 -0.650619913624254
5 11 13 -0.7375636561607204
6 0 2 0.0
6 1 16 -0.9764755140777905
6 1 1 -1.1356288296257304
6 1 14 -1.1968524690278888
6 2 18 0.0
6 3 20 0.0
6 4 24 0.0
6 5 28 0.0
6 7 5 0.0
6 8 7 -0.14463750728772493
6 8 27 -2.004971854926212
6 9 9 0.0
6 10 23 -1.4891302336529484
6 10 11 -0.25562640597428926
6 11 13 0.0
7 0 2 0.0
7 1 16 -0.5383217681353912
7 1 1 -0.8764141284880614
7 2 18 -0.1965839574854954
7 2 15 -1.7233479525054063
7 3 20 -0.8316368860738917
7 3 22 -0.5715246047991458
7 4 26 0.0
7 5 25 -1.4660532080115298
7 5 28 -0.26244943841694346
7 6 4 0.0
7 8 7 0.0
7 9 9 0.0
7 10 11 0.0
7 11 13 0.0
8 0 2 0.0
8 1 16 -0.5266443912803649
8 1 1 -0.8930220966466552
8 2 18 -0.177106978130181
8 2 15 -1.8182482098827006
8 3 20 -0.8316461614111649
8 3 22 -0.5715174538973282
8 4 26 0.0
8 5 25 0.0
8 6 4 -0.11163424837367501
8 6 29 -2.2478253105890587
8 7 6 0.0
8 9 9 0.0
8 10 11 0.0
8 11 13 0.0
9 0 2 0.0
9 1 16 -0.5298354393103962
9 1 1 -0.8884368746730474
9 2 18 -0.17712382169926053
9 2 15 -1.8181612837878147
9 3 20 -0.8316371092928379
9 3 22 -0.5715244327051817
9 4 26 0.0
9 5 25 0.0
9 6 4 -0.1117473236484696
9 6 29 -2.246868400173603
9 7 6 0.0
9 8 8 0.0
9 10 11 0.0
9 11 13 0.0
10 0 2 0.0
10 1 16 -0.457412411674102
10 1 1 -1.002173463127798
10 2 18 -1.8418428491137666
10 2 15 -0.17259899730574288
10 3 22 0.0
10 4 21 -0.3876031065324864
10 4 26 -1.1353229156163067
10 5 25 0.0
10 6 4 -0.40977405170488884
10 6 29 -1.0900497056006626
10 7 6 0.0
10 8 10 0.0
10 9 9 0.0
10 11 13 0.0
11 0 2 0.0
11 1 16 -0.23652567041270595
11 1 1 -1.5576314385738674
11 2 15 0.0
11 3 19 -0.33561740209430774
11 3 22 -1.2549032572854233
11 4 21 -0.16112985619137588
11 4 26 -1.9050280563420292
11 5 25 0.0
11 6 4 -0.47150635480248854
11 6 29 -0.9783297177375903
11 7 6 0.0
11 8 10 0.0
11 9 9 0.0
11 10 12 0.0
