0 1 1 0.0
0 2 15 0.0
0 3 19 -0.4374541383178441
0 3 22 -1.037549563212573
0 4 21 -0.5805981715705979
0 4 26 -0.8199891151343678
0 5 25 0.0
0 6 4 -0.7548233805807114
0 6 29 -0.635054957975368
0 7 6 0.0
0 8 10 0.0
0 9 9 0.0
0 10 12 0.0
0 11 17 -1.1063839696261857
0 11 3 -0.4016018005364655
1 0 0 0.0
1 2 15 0.0
1 3 19 0.0
1 4 21 0.0
1 5 25 0.0
1 6 4 -0.7547115852054656
1 6 29 -0.6351541450056146
1 7 6 0.0
1 8 10 -0.8199578346927329
1 8 27 -0.580622793316738
1 9 9 0.0
1 10 23 -0.522277408393509
1 10 12 -0.8993552562290087
1 11 17 -0.33110349611083506
1 11 3 -1.2663122924704582
2 0 0 0.0
2 1 14 0.0
2 3 19 0.0
2 4 21 0.0
2 5 25 0.0
2 6 29 0.0
2 7 5 -0.6351615478465642
2 7 6 -0.7547032422843726
2 8 10 -0.8199459027572866
2 8 27 -0.5806321856531106
2 9 9 0.0
2 10 23 0.0
2 11 17 -0.6616292245388296
2 11 3 -0.9329940360903174
2 11 13 -2.401125829624574
3 0 0 -0.5578459836154659
3 0 2 -0.8496624823673616
3 1 14 0.0
3 2 18 0.0
3 4 21 0.0
3 5 25 0.0
3 6 29 0.0
3 7 5 -0.6351539328489635
3 7 6 -0.7547118243056355
3 8 10 -0.8199549563463309
3 8 27 -0.5806250590161305
3 9 9 0.0
3 10 23 0.0
3 11 17 -0.49211349660279535
3 11 13 -0.9450322856767969
4 0 0 -0.6636821421294943
4 0 2 -0.7235068340334461
4 1 14 0.0
4 2 18 0.0
4 3 20 0.0
4 5 25 0.0
4 6 29 0.0
4 7 5 -0.7402743964495181
4 7 6 -0.6481413395682998
4 8 27 0.0
4 9 9 0.0
4 10 23 -0.5806263877775264
4 10 11 -0.8199532682936315
4 11 17 -0.6351046436672912
4 11 13 -0.7547673760507154
5 0 0 -0.663677906281376
5 0 2 -0.7235113310429917
5 1 14 0.0
5 2 18 0.0
5 3 20 0.0
5 4 24 0.0
5 6 29 0.0
5 7 5 0.0
5 8 7 -0.5551665947931133
5 8 27 -0.8532610790828838
5 9 9 0.0
5 10 23 -0.5806265966249776
5 10 11 -0.8199530029752001
5 11 17 -0.635101147668365
5 11 13 -0.7547713164639563
6 0 2 0.0
6 1 16 -1.1401054579817378
6 1 1 -1.140130125748405
6 1 14 -1.0204372734756841
6 2 18 0.0
6 3 20 0.0
6 4 24 0.0
6 5 28 0.0
6 7 5 0.0
6 8 7 -0.3088459457883594
6 8 27 -1.325364401936774
6 9 9 0.0
6 10 23 -0.5806261839241227
6 10 11 -0.8199535272677783
6 11 13 0.0
7 0 2 0.0
7 1 16 -0.6931375050508884
7 1 1 -0.6931568561626184
7 2 18 -0.6350067692896073
7 2 15 -0.7548777033757278
7 3 20 -0.5806222152717024
7 3 22 -0.819958569044
7 4 26 0.0
7 5 25 -1.2650563919635591
7 5 28 -0.3315968733279369
7 6 4 0.0
7 8 7 0.0
7 9 9 0.0
7 10 11 0.0
7 11 13 0.0
8 0 2 0.0
8 1 16 -0.693139558741647
8 1 1 -0.6931548024363359
8 2 18 -0.635013426426031
8 2 15 -0.7548701984972054
8 3 20 -0.5806227164722221
8 3 22 -0.81995793231633
8 4 26 0.0
8 5 25 0.0
8 6 4 -0.3591232356050565
8 6 29 -1.1982833270361732
8 7 6 0.0
8 9 9 0.0
8 10 11 0.0
8 11 13 0.0
9 0 2 0.0
9 1 16 -0.6931361050374577
9 1 1 -0.6931582562051013
9 2 18 -0.6350093927725707
9 2 15 -0.7548747457969475
9 3 20 -0.5806234996180071
9 3 22 -0.819956937405422
9 4 26 0.0
9 5 25 0.0
9 6 4 -0.4386266417112382
9 6 29 -1.0354164476880328
9 7 6 0.0
9 8 8 0.0
9 10 11 0.0
9 11 13 0.0
10 0 2 0.0
10 1 16 -0.6389847074913473
10 1 1 -0.7504120630300338
10 2 18 -0.41482559305668615
10 2 15 -1.0801501437657108
10 3 22 0.0
10 4 21 -0.580620234612961
10 4 26 -0.8199610852899517
10 5 25 0.0
10 6 4 -0.754819311704864
10 6 29 -0.6350585675941758
10 7 6 0.0
10 8 10 0.0
10 9 9 0.0
10 11 13 0.0
11 0 2 0.0
11 1 16 -0.28833294624832423
11 1 1 -1.3843442776967176
11 2 15 0.0
11 3 19 -0.5199046834087284
11 3 22 -0.9028248510400331
11 4 21 -0.5806014643832743
11 4 26 -0.8199849317134138
11 5 25 0.0
11 6 4 -0.7548240128187322
11 6 29 -0.6350543971010104
11 7 6 0.0
11 8 10 0.0
11 9 9 0.0
11 10 12 0.0
