0 1 1 0.0
0 2 15 0.0
0 3 19 -0.38531599434201647
0 3 22 -1.1401709657919674
0 4 21 -0.2666485357005176
0 4 26 -1.4521872945748235
0 5 25 0.0
0 6 4 -0.8914789100994982
0 6 29 -0.527715590732689
0 7 6 0.0
0 8 10 0.0
0 9 9 0.0
0 10 12 0.0
0 11 17 -2.4226057015248625
0 11 3 -0.09287239109287015
1 0 0 0.0
1 2 15 0.0
1 3 19 0.0
1 4 21 0.0
1 5 25 0.0
1 6 4 -0.867750051750694
1 6 29 -0.544546553428062
1 7 6 0.0
1 8 10 -0.10586305735878174
1 8 27 -2.298073546310548
1 9 9 0.0
1 10 23 -4.727376726897043
1 10 12 -0.008889046451865473
1 11 17 -0.2765701006551602
1 11 3 -1.4203909151240093
2 0 0 0.0
2 1 14 0.0
2 3 19 0.0
2 4 21 0.0
2 5 25 0.0
2 6 29 0.0
2 7 5 -0.6820064294426466
2 7 6 -0.7044134476679487
2 8 10 -0.7172379974979686
2 8 27 -0.669623104593911
2 9 9 0.0
2 10 23 0.0
2 11 17 -0.7599729650034394
2 11 3 -0.9847614343272295
2 11 13 -1.8401563174372937
3 0 0 -0.7913823423829804
3 0 2 -0.6037048370763682
3 1 14 0.0
3 2 18 0.0
3 4 21 0.0
3 5 25 0.0
3 6 29 0.0
3 7 5 -0.6820067808400772
3 7 6 -0.7044130883080004
3 8 10 -0.7173047825336186
3 8 27 -0.6695594291549184
3 9 9 0.0
3 10 23 0.0
3 11 17 -0.3852153126694861
3 11 13 -1.1403851799387006
4 0 0 -0.7919727705183958
4 0 2 -0.6032157059299527
4 1 14 0.0
4 2 18 0.0
4 3 20 0.0
4 5 25 0.0
4 6 29 0.0
4 7 5 -0.571650415414265
4 7 6 -0.8314737237567535
4 8 27 0.0
4 9 9 0.0
4 10 23 -0.5381362663134959
4 10 11 -0.876674310102496
4 11 17 -0.8188157588920738
4 11 13 -0.5815226978943151
5 0 0 -0.7927097141288325
5 0 2 -0.6026059364628382
5 1 14 0.0
5 2 18 0.0
5 3 20 0.0
5 4 24 0.0
5 6 29 0.0
5 7 5 0.0
5 8 7 -0.19068597531497408
5 8 27 -1.7509557111806229
5 9 9 0.0
5 10 23 -1.7357818419402014
5 10 11 -0.19390317004494756
5 11 17 -0.8960476383492978
5 11 13 -0.5245523216312797
6 0 2 0.0
6 1 16 -1.1328877628817369
6 1 1 -1.6954388485211302
6 1 14 -0.7044517026754111
6 2 18 0.0
6 3 20 0.0
6 4 24 0.0
6 5 28 0.0
6 7 5 0.0
6 8 7 -0.09072529978572581
6 8 27 -2.444938733300981
6 9 9 0.0
6 10 23 -2.485867704928126
6 10 11 -0.08692405412287846
6 11 13 0.0
7 0 2 0.0
7 1 16 -0.18826693940663755
7 1 1 -1.7625514867724603
7 2 18 -0.44160383185423585
7 2 15 -1.0300316060516703
7 3 20 -0.6695921459533064
7 3 22 -0.7172704669187232
7 4 26 0.0
7 5 25 -0.7034960894774769
7 5 28 -0.6829042754706216
7 6 4 0.0
7 8 7 0.0
7 9 9 0.0
7 10 11 0.0
7 11 13 0.0
8 0 2 0.0
8 1 16 -0.17973690189861113
8 1 1 -1.8047839101966143
8 2 18 -0.44161585794649827
8 2 15 -1.0300099455679144
8 3 20 -0.6695971038600319
8 3 22 -0.7172652669278913
8 4 26 0.0
8 5 25 0.0
8 6 4 -0.09076018296612638
8 6 29 -2.444571492729229
8 7 6 0.0
8 9 9 0.0
8 10 11 0.0
8 11 13 0.0
9 0 2 0.0
9 1 16 -0.18281240550739716
9 1 1 -1.789308833156464
9 2 18 -0.44172764337329673
9 2 15 -1.0298086410566454
9 3 20 -0.6695842973113982
9 3 22 -0.717278698901224
9 4 26 0.0
9 5 25 0.0
9 6 4 -0.09077196875591863
9 6 29 -2.4444474485303083
9 7 6 0.0
9 8 8 0.0
9 10 11 0.0
9 11 13 0.0
10 0 2 0.0
10 1 16 -0.2895186969967888
10 1 1 -1.380804640302423
10 2 18 -1.155232221410351
10 2 15 -0.3783136414064082
10 3 22 0.0
10 4 21 -0.5381204622310055
10 4 26 -0.8766964819936839
10 5 25 0.0
10 6 4 -0.1607816515981952
10 6 29 -1.9070219793178316
10 7 6 0.0
10 8 10 0.0
10 9 9 0.0
10 11 13 0.0
11 0 2 0.0
11 1 16 -0.46875825677553745
11 1 1 -0.9829083265689709
11 2 15 0.0
11 3 19 -0.38512089904053276
11 3 22 -1.1405861192602553
11 4 21 -0.2666450163861253
11 4 26 -1.4521988114397058
11 5 25 0.0
11 6 4 -0.1590499688626912
11 6 29 -1.9170080259071505
11 7 6 0.0
11 8 10 0.0
11 9 9 0.0
11 10 12 0.0
