0 1 1 0.0
0 2 15 0.0
0 3 19 -0.3417445027187204
0 3 22 -1.2397026467607943
0 4 21 -0.27978467595288536
0 4 26 -1.4103678047408403
0 5 25 0.0
0 6 4 -1.0737532376535703
0 6 29 -0.418130280670719
0 7 6 0.0
0 8 10 0.0
0 9 9 0.0
0 10 12 0.0
0 11 17 -1.028005079866733
0 11 3 -0.4427307337094701
1 0 0 0.0
1 2 15 0.0
1 3 19 0.0
1 4 21 0.0
1 5 25 0.0
1 6 4 -0.596932163743339
1 6 29 -0.799614721133658
1 7 6 0.0
1 8 10 -0.5160633961728572
1 8 27 -0.9084851560060516
1 9 9 0.0
1 10 23 -0.6740266970231037
1 10 12 -0.7126403953663814
1 11 17 -0.3308998716294643
1 11 3 -1.266831263262621
2 0 0 0.0
2 1 14 0.0
2 3 19 0.0
2 4 21 0.0
2 5 25 0.0
2 6 29 0.0
2 7 5 -0.6932908413777699
2 7 6 -0.693003540377587
2 8 10 -0.6931398500336954
2 8 27 -0.6931545111399319
2 9 9 0.0
2 10 23 0.0
2 11 17 -0.6381659961723375
2 11 3 -0.7525509815601477
2 11 13 -7.458461908668617
3 0 0 -0.8918408749627939
3 0 2 -0.5274640821559922
3 1 14 0.0
3 2 18 0.0
3 4 21 0.0
3 5 25 0.0
3 6 29 0.0
3 7 5 -0.8877863464891992
3 7 6 -0.5302901838607391
3 8 10 -0.743047668972576
3 8 27 -0.6456188479372466
3 9 9 0.0
3 10 23 0.0
3 11 17 -0.6386926313616619
3 11 13 -0.750738667929402
4 0 0 -0.8917795454347675
4 0 2 -0.5275066856640117
4 1 14 0.0
4 2 18 0.0
4 3 20 0.0
4 5 25 0.0
4 6 29 0.0
4 7 5 -0.9084012213204782
4 7 6 -0.5161200912565097
4 8 27 0.0
4 9 9 0.0
4 10 23 -0.7439712473926248
4 10 11 -0.6447817454097567
4 11 17 -0.6387533602888353
4 11 13 -0.7506707430857262
5 0 0 -0.8917942618960298
5 0 2 -0.5274964622421248
5 1 14 0.0
5 2 18 0.0
5 3 20 0.0
5 4 24 0.0
5 6 29 0.0
5 7 5 0.0
5 8 7 -0.40132152144261773
5 8 27 -1.1069513283924435
5 9 9 0.0
5 10 23 -0.8778087949062928
5 10 11 -0.5373283772873317
5 11 17 -0.6387531459447361
5 11 13 -0.7506709828126056
6 0 2 0.0
6 1 16 -1.5563783901053452
6 1 1 -1.5563865265637384
6 1 14 -0.5478272302679117
6 2 18 0.0
6 3 20 0.0
6 4 24 0.0
6 5 28 0.0
6 7 5 0.0
6 8 7 -0.22662459250591788
6 8 27 -1.595633673307814
6 9 9 0.0
6 10 23 -0.7624057147083269
6 10 11 -0.6283762624744357
6 11 13 0.0
7 0 2 0.0
7 1 16 -0.6931326479677972
7 1 1 -0.6931617133632926
7 2 18 -0.46122096122466094
7 2 15 -0.9956406502186623
7 3 20 -0.4928755769201112
7 3 22 -0.9438347861704552
7 4 26 0.0
7 5 25 -1.7359545010347297
7 5 28 -0.19386622854320365
7 6 4 0.0
7 8 7 0.0
7 9 9 0.0
7 10 11 0.0
7 11 13 0.0
8 0 2 0.0
8 1 16 -0.6931344639258159
8 1 1 -0.6931598973557899
8 2 18 -0.46120534592854234
8 2 15 -0.9956672976237179
8 3 20 -0.4759298993357054
8 3 22 -0.9710295203144753
8 4 26 0.0
8 5 25 0.0
8 6 4 -0.2943368229309844
8 6 29 -1.3665917682465674
8 7 6 0.0
8 9 9 0.0
8 10 11 0.0
8 11 13 0.0
9 0 2 0.0
9 1 16 -0.693132311147998
9 1 1 -0.6931620501929953
9 2 18 -0.4612290187483729
9 2 15 -0.995626900545375
9 3 20 -0.4969166669721318
9 3 22 -0.937523770361068
9 4 26 0.0
9 5 25 0.0
9 6 4 -0.40066380014299846
9 6 29 -1.1082846206477952
9 7 6 0.0
9 8 8 0.0
9 10 11 0.0
9 11 13 0.0
10 0 2 0.0
10 1 16 -0.6931312613197932
10 1 1 -0.6931631000535238
10 2 18 -0.4612797690666835
10 2 15 -0.9955403051105306
10 3 22 0.0
10 4 21 -0.4667605319432431
10 4 26 -0.9862578978633724
10 5 25 0.0
10 6 4 -0.908301110766732
10 6 29 -0.5161877230272576
10 7 6 0.0
10 8 10 0.0
10 9 9 0.0
10 11 13 0.0
11 0 2 0.0
11 1 16 -0.31824449520751474
11 1 1 -1.299841160688162
11 2 15 0.0
11 3 19 -0.34174532391827
11 3 22 -1.2397006310586707
11 4 21 -0.2797818700109402
11 4 26 -1.410376496089894
11 5 25 0.0
11 6 4 -1.0737468724892258
11 6 29 -0.4181335849617274
11 7 6 0.0
11 8 10 0.0
11 9 9 0.0
11 10 12 0.0
