0 1 1 0.0
0 2 15 0.0
0 3 19 -0.28299961739451374
0 3 22 -1.4004747336867016
0 4 21 -0.16819606788318653
0 4 26 -1.8655444744966867
0 5 25 0.0
0 6 4 -0.698869133053214
0 6 29 -0.687457782619722
0 7 6 0.0
0 8 10 0.0
0 9 9 0.0
0 10 12 0.0
0 11 17 -3.3962453928739746
0 11 3 -0.03407274805821049
1 0 0 0.0
1 2 15 0.0
1 3 19 0.0
1 4 21 0.0
1 5 25 0.0
1 6 4 -0.7615704770779442
1 6 29 -0.6291073037814402
1 7 6 0.0
1 8 10 -0.12416179168760029
1 8 27 -2.1476084309166144
1 9 9 0.0
1 10 23 -5.247806412150268
1 10 12 -0.0052729193631521265
1 11 17 -0.32161513703234973
1 11 3 -1.290901106598868
2 0 0 0.0
2 1 14 0.0
2 3 19 0.0
2 4 21 0.0
2 5 25 0.0
2 6 29 0.0
2 7 5 -0.6289156388769125
2 7 6 -0.7617893337372773
2 8 10 -0.6528138921486323
2 8 27 -0.7351758634352726
2 9 9 0.0
2 10 23 0.0
2 11 17 -0.9543662738695254
2 11 3 -0.8831153108520623
2 11 13 -1.6022082694329927
3 0 0 -0.7936412144083577
3 0 2 -0.6018363585612072
3 1 14 0.0
3 2 18 0.0
3 4 21 0.0
3 5 25 0.0
3 6 29 0.0
3 7 5 -0.6286901073734324
3 7 6 -0.7620469767965162
3 8 10 -0.6528690892652343
3 8 27 -0.7351159311633702
3 9 9 0.0
3 10 23 0.0
3 11 17 -0.28272685665303465
3 11 13 -1.4013090592080708
4 0 0 -0.8695657730549611
4 0 2 -0.5432343399339042
4 1 14 0.0
4 2 18 0.0
4 3 20 0.0
4 5 25 0.0
4 6 29 0.0
4 7 5 -0.508210611354206
4 7 6 -0.9202261171633641
4 8 27 0.0
4 9 9 0.0
4 10 23 -0.4545734008426704
4 10 11 -1.0070874843355286
4 11 17 -0.5499932295568005
4 11 13 -0.8602736888993143
5 0 0 -0.7567693490512925
5 0 2 -0.6333318031160033
5 1 14 0.0
5 2 18 0.0
5 3 20 0.0
5 4 24 0.0
5 6 29 0.0
5 7 5 0.0
5 8 7 -0.173624370527782
5 8 27 -1.8364175447823843
5 9 9 0.0
5 10 23 -1.3065750670820497
5 10 11 -0.3157328509888435
5 11 17 -0.6400238334832692
5 11 13 -0.7492517293928117
6 0 2 0.0
6 1 16 -0.9834128226531512
6 1 1 -1.4851278038015359
6 1 14 -0.9175560483104469
6 2 18 0.0
6 3 20 0.0
6 4 24 0.0
6 5 28 0.0
6 7 5 0.0
6 8 7 -0.1290660398913314
6 8 27 -2.111270099633948
6 9 9 0.0
6 10 23 -2.19471692070033
6 10 11 -0.11809693534731269
6 11 13 0.0
7 0 2 0.0
7 1 16 -0.3283147813553049
7 1 1 -1.2734525748408276
7 2 18 -0.2717294460851046
7 2 15 -1.435738467904638
7 3 20 -0.7351121454673718
7 3 22 -0.6528725760726873
7 4 26 0.0
7 5 25 -0.970166851577716
7 5 28 -0.47645606998307466
7 6 4 0.0
7 8 7 0.0
7 9 9 0.0
7 10 11 0.0
7 11 13 0.0
8 0 2 0.0
8 1 16 -0.2849214979487079
8 1 1 -1.3946221059227242
8 2 18 -0.2587553190751096
8 2 15 -1.4784618291116316
8 3 20 -0.735115081305678
8 3 22 -0.6528698720226928
8 4 26 0.0
8 5 25 0.0
8 6 4 -0.1290299628219008
8 6 29 -2.111532012144661
8 7 6 0.0
8 9 9 0.0
8 10 11 0.0
8 11 13 0.0
9 0 2 0.0
9 1 16 -0.28640528784931724
9 1 1 -1.3901345252375752
9 2 18 -0.25917508323855265
9 2 15 -1.4770417334134984
9 3 20 -0.7351116177253739
9 3 22 -0.6528730621503744
9 4 26 0.0
9 5 25 0.0
9 6 4 -0.1290371868731813
9 6 29 -2.111479560686984
9 7 6 0.0
9 8 8 0.0
9 10 11 0.0
9 11 13 0.0
10 0 2 0.0
10 1 16 -0.29565279181181076
10 1 1 -1.36275645179646
10 2 18 -1.4889231239939442
10 2 15 -0.2556867389190351
10 3 22 0.0
10 4 21 -0.4545664282953298
10 4 26 -1.0070996000612809
10 5 25 0.0
10 6 4 -0.18917902215997065
10 6 29 -1.7581602646707253
10 7 6 0.0
10 8 10 0.0
10 9 9 0.0
10 11 13 0.0
11 0 2 0.0
11 1 16 -0.3355041153036159
11 1 1 -1.2551873802537363
11 2 15 0.0
11 3 19 -0.2805474865945119
11 3 22 -1.4080087134100976
11 4 21 -0.1681791983859599
11 4 26 -1.865636577724174
11 5 25 0.0
11 6 4 -0.2833646648740556
11 6 29 -1.3993595634095048
11 7 6 0.0
11 8 10 0.0
11 9 9 0.0
11 10 12 0.0
