0 1 1 0.0
0 2 15 0.0
0 3 19 -0.45511953231493746
0 3 22 -1.0061392263497002
0 4 21 -0.42911395693771537
0 4 26 -1.0529290294115525
0 5 25 0.0
0 6 4 -0.9106762065162212
0 6 29 -0.5145862302206304
0 7 6 0.0
0 8 10 0.0
0 9 9 0.0
0 10 12 0.0
0 11 17 -1.0783371435648068
0 11 3 -0.4157589493897733
1 0 0 0.0
1 2 15 0.0
1 3 19 0.0
1 4 21 0.0
1 5 25 0.0
1 6 4 -0.6805456401044122
1 6 29 -0.7059095486689272
1 7 6 0.0
1 8 10 -0.5236666780632944
1 8 27 -0.8973331285755896
1 9 9 0.0
1 10 23 -1.4324582286607237
1 10 12 -0.27275584970797906
1 11 17 -0.2971520563126211
1 11 3 -1.3584108893012783
2 0 0 0.0
2 1 14 0.0
2 3 19 0.0
2 4 21 0.0
2 5 25 0.0
2 6 29 0.0
2 7 5 -0.7051709010857742
2 7 6 -0.6812663139543581
2 8 10 -0.5232271590272519
2 8 27 -0.8979721172463245
2 9 9 0.0
2 10 23 0.0
2 11 17 -0.8912953759130253
2 11 3 -0.9095672459918146
2 11 13 -1.6756984448483767
3 0 0 -0.8976979562951257
3 0 2 -0.5234156785802134
3 1 14 0.0
3 2 18 0.0
3 4 21 0.0
3 5 25 0.0
3 6 29 0.0
3 7 5 -0.7051305934634818
3 7 6 -0.681305671032493
3 8 10 -0.5236065181447911
3 8 27 -0.8974205505405353
3 9 9 0.0
3 10 23 0.0
3 11 17 -0.6917930034244236
3 11 13 -0.6945031939781142
4 0 0 -0.8395653649678544
4 0 2 -0.565454652250894
4 1 14 0.0
4 2 18 0.0
4 3 20 0.0
4 5 25 0.0
4 6 29 0.0
4 7 5 -0.09240365826018256
4 7 6 -2.4274347958295044
4 8 27 0.0
4 9 9 0.0
4 10 23 -0.42989949029182634
4 10 11 -1.0514648458511318
4 11 17 -0.782143570575004
4 11 13 -0.6114279186207904
5 0 0 -0.9955098823334875
5 0 2 -0.4612976003635398
5 1 14 0.0
5 2 18 0.0
5 3 20 0.0
5 4 24 0.0
5 6 29 0.0
5 7 5 0.0
5 8 7 -0.2529604189108266
5 8 27 -1.4983376720011492
5 9 9 0.0
5 10 23 -0.8495512045072326
5 10 11 -0.5579291057493915
5 11 17 -1.0260209984114343
5 11 13 -0.4438374831049004
6 0 2 0.0
6 1 16 -1.0127624701897957
6 1 1 -1.0130932212253467
6 1 14 -1.2957531137661331
6 2 18 0.0
6 3 20 0.0
6 4 24 0.0
6 5 28 0.0
6 7 5 0.0
6 8 7 -0.16683408517086473
6 8 27 -1.873013040017336
6 9 9 0.0
6 10 23 -0.8707102912399006
6 10 11 -0.542409307379058
6 11 13 0.0
7 0 2 0.0
7 1 16 -0.6931062314395969
7 1 1 -0.6931881313571927
7 2 18 -0.5241829469393507
7 2 15 -0.8965834375425978
7 3 20 -0.8071554345902383
7 3 22 -0.5908167831467652
7 4 26 0.0
7 5 25 -5.198471091961585
7 5 28 -0.00554032448474055
7 6 4 0.0
7 8 7 0.0
7 9 9 0.0
7 10 11 0.0
7 11 13 0.0
8 0 2 0.0
8 1 16 -0.6930866097872521
8 1 1 -0.6932077550016792
8 2 18 -0.4170054817835012
8 2 15 -1.0759235576612174
8 3 20 -0.8970802827589563
8 3 22 -0.5238407253247617
8 4 26 0.0
8 5 25 0.0
8 6 4 -0.1795564209133102
8 6 29 -1.8057010144861896
8 7 6 0.0
8 9 9 0.0
8 10 11 0.0
8 11 13 0.0
9 0 2 0.0
9 1 16 -0.6930999774362024
9 1 1 -0.6931943859119283
9 2 18 -0.4170759282997578
9 2 15 -1.0757874197302144
9 3 20 -0.8970898527914927
9 3 22 -0.5238341364079377
9 4 26 0.0
9 5 25 0.0
9 6 4 -0.1789827796119012
9 6 29 -1.8086226422014162
9 7 6 0.0
9 8 8 0.0
9 10 11 0.0
9 11 13 0.0
10 0 2 0.0
10 1 16 -0.6897286082599968
10 1 1 -0.6965774795966211
10 2 18 -0.2768528492533649
10 2 15 -1.4195039602638453
10 3 22 0.0
10 4 21 -0.42913811709752736
10 4 26 -1.0528839473040184
10 5 25 0.0
10 6 4 -0.906623986012203
10 6 29 -0.5173224288867123
10 7 6 0.0
10 8 10 0.0
10 9 9 0.0
10 11 13 0.0
11 0 2 0.0
11 1 16 -0.23264076929368518
11 1 1 -1.5723261067067817
11 2 15 0.0
11 3 19 -0.45444593014608997
11 3 22 -1.0073090181173685
11 4 21 -0.4291067414901415
11 4 26 -1.0529424938178966
11 5 25 0.0
11 6 4 -0.9104119310500854
11 6 29 -0.5147641126985348
11 7 6 0.0
11 8 10 0.0
11 9 9 0.0
11 10 12 0.0
