0 1 1 0.0
0 2 15 0.0
0 3 19 -0.4956605117780627
0 3 22 -0.9394785316648729
0 4 21 -0.2771910829210028
0 4 26 -1.4184443153853152
0 5 25 0.0
0 6 4 -0.7533217336215743
0 6 29 -0.6363889979582291
0 7 6 0.0
0 8 10 0.0
0 9 9 0.0
0 10 12 0.0
0 11 17 -1.9029283947920386
0 11 3 -0.16149740900877746
1 0 0 0.0
1 2 15 0.0
1 3 19 0.0
1 4 21 0.0
1 5 25 0.0
1 6 4 -0.7285187227624174
1 6 29 -0.6589841588134726
1 7 6 0.0
1 8 10 -0.1912136024433161
1 8 27 -1.7484479601311562
1 9 9 0.0
1 10 23 -3.4162134292227426
1 10 12 -0.03338775717642063
1 11 17 -0.29247849209537785
1 11 3 -1.3720416102753805
2 0 0 0.0
2 1 14 0.0
2 3 19 0.0
2 4 21 0.0
2 5 25 0.0
2 6 29 0.0
2 7 5 -0.779708903474228
2 7 6 -0.6134851073980608
2 8 10 -0.7673744389641032
2 8 27 -0.6240509391645483
2 9 9 0.0
2 10 23 0.0
2 11 17 -0.6746762237257924
2 11 3 -1.3273271955618884
2 11 13 -1.489463514696199
3 0 0 -0.683226867822148
3 0 2 -0.7031668928000515
3 1 14 0.0
3 2 18 0.0
3 4 21 0.0
3 5 25 0.0
3 6 29 0.0
3 7 5 -0.7797176889441804
3 7 6 -0.6134776674244177
3 8 10 -0.7673863927729779
3 8 27 -0.6240405816188563
3 9 9 0.0
3 10 23 0.0
3 11 17 -0.4957359973264983
3 11 13 -0.939360887715914
4 0 0 -0.6832147832835269
4 0 2 -0.7031792208736356
4 1 14 0.0
4 2 18 0.0
4 3 20 0.0
4 5 25 0.0
4 6 29 0.0
4 7 5 -0.6023660184225189
4 7 6 -0.7929999419532032
4 8 27 0.0
4 9 9 0.0
4 10 23 -0.5953414538815159
4 10 11 -0.8015662908168025
4 11 17 -0.775001956470496
4 11 13 -0.6174886162536058
5 0 0 -0.683209732730861
5 0 2 -0.7031843732972833
5 1 14 0.0
5 2 18 0.0
5 3 20 0.0
5 4 24 0.0
5 6 29 0.0
5 7 5 0.0
5 8 7 -0.2154590216597826
5 8 27 -1.6407805262096973
5 9 9 0.0
5 10 23 -1.7523647511632754
5 10 11 -0.19039021723218305
5 11 17 -1.4409075371036908
5 11 13 -0.27012095610628684
6 0 2 0.0
6 1 16 -0.8645075027634503
6 1 1 -1.6447491268717211
6 1 14 -0.9527471676587098
6 2 18 0.0
6 3 20 0.0
6 4 24 0.0
6 5 28 0.0
6 7 5 0.0
6 8 7 -0.12759686979148993
6 8 27 -2.1219995933145346
6 9 9 0.0
6 10 23 -2.256154400499062
6 10 11 -0.11065511570110241
6 11 13 0.0
7 0 2 0.0
7 1 16 -0.16769960033528308
7 1 1 -1.8682592698708096
7 2 18 -0.4887188850987533
7 2 15 -0.9503950849915703
7 3 20 -0.6240506278660028
7 3 22 -0.7673747982348376
7 4 26 0.0
7 5 25 -0.9978543622114442
7 5 28 -0.45992597916752914
7 6 4 0.0
7 8 7 0.0
7 9 9 0.0
7 10 11 0.0
7 11 13 0.0
8 0 2 0.0
8 1 16 -0.16769105674187915
8 1 1 -1.8683060645278766
8 2 18 -0.4887070069559502
8 2 15 -0.9504139327037137
8 3 20 -0.6240518392102247
8 3 22 -0.7673734002196106
8 4 26 0.0
8 5 25 0.0
8 6 4 -0.12760277999266323
8 6 29 -2.12195616733253
8 7 6 0.0
8 9 9 0.0
8 10 11 0.0
8 11 13 0.0
9 0 2 0.0
9 1 16 -0.16770625409371778
9 1 1 -1.8682228279422646
9 2 18 -0.48874793406302325
9 2 15 -0.9503489938184566
9 3 20 -0.6240482811960271
9 3 22 -0.7673775065425774
9 4 26 0.0
9 5 25 0.0
9 6 4 -0.1276076327620856
9 6 29 -2.121920512571386
9 7 6 0.0
9 8 8 0.0
9 10 11 0.0
9 11 13 0.0
10 0 2 0.0
10 1 16 -0.25134819991665625
10 1 1 -1.5039592050319612
10 2 18 -1.1548522335147744
10 2 15 -0.3784884161918107
10 3 22 0.0
10 4 21 -0.5953370330514335
10 4 26 -0.8015717241741772
10 5 25 0.0
10 6 4 -0.23542658711514702
10 6 29 -1.5617611021614104
10 7 6 0.0
10 8 10 0.0
10 9 9 0.0
10 11 13 0.0
11 0 2 0.0
11 1 16 -0.5128946247598231
11 1 1 -0.9131952347427937
11 2 15 0.0
11 3 19 -0.4957107912614054
11 3 22 -0.9394001687487665
11 4 21 -0.27719920860921027
11 4 26 -1.4184188768063815
11 5 25 0.0
11 6 4 -0.23420558424706242
11 6 29 -1.56637430945132
11 7 6 0.0
11 8 10 0.0
11 9 9 0.0
11 10 12 0.0
