0 1 1 0.0
0 2 15 0.0
0 3 19 -0.4236952870184557
0 3 22 -1.0631196423180476
0 4 21 -0.35602769629745934
0 4 26 -1.205484679987057
0 5 25 0.0
0 6 4 -0.5836824544588709
0 6 29 -0.816084280929418
0 7 6 0.0
0 8 10 0.0
0 9 9 0.0
0 10 12 0.0
0 11 17 -1.0143753759699705
0 11 3 -0.45040316483018256
1 0 0 0.0
1 2 15 0.0
1 3 19 0.0
1 4 21 0.0
1 5 25 0.0
1 6 4 -0.48429228398793106
1 6 29 -0.9574593743736611
1 7 6 0.0
1 8 10 -0.6446354887501591
1 8 27 -0.744132779901727
1 9 9 0.0
1 10 23 -1.0886169273596549
1 10 12 -0.41050050536066307
1 11 17 -0.29393531679102713
1 11 3 -1.367765878053569
2 0 0 0.0
2 1 14 0.0
2 3 19 0.0
2 4 21 0.0
2 5 25 0.0
2 6 29 0.0
2 7 5 -0.8850368599499148
2 7 6 -0.5322177472327839
2 8 10 -0.6922768171934939
2 8 27 -0.694018302118737
2 9 9 0.0
2 10 23 0.0
2 11 17 -0.6953323389891886
2 11 3 -0.7063935954005373
2 11 13 -4.87031872929921
3 0 0 -1.270630323040688
3 0 2 -0.32941373464021667
3 1 14 0.0
3 2 18 0.0
3 4 21 0.0
3 5 25 0.0
3 6 29 0.0
3 7 5 -0.9574009038487603
3 7 6 -0.48432871437148783
3 8 10 -0.7147423794497418
3 8 27 -0.6720084931939279
3 9 9 0.0
3 10 23 0.0
3 11 17 -0.6008334702448821
3 11 13 -0.7948574962986741
4 0 0 -1.167170813760731
4 0 2 -0.37287150357696125
4 1 14 0.0
4 2 18 0.0
4 3 20 0.0
4 5 25 0.0
4 6 29 0.0
4 7 5 -1.0442783125478183
4 7 6 -0.4337808246554015
4 8 27 0.0
4 9 9 0.0
4 10 23 -0.7205763233675105
4 10 11 -0.6664503535199378
4 11 17 -0.7268483176040146
4 11 13 -0.6605448787618912
5 0 0 -1.0477291402447275
5 0 2 -0.43191172468957933
5 1 14 0.0
5 2 18 0.0
5 3 20 0.0
5 4 24 0.0
5 6 29 0.0
5 7 5 0.0
5 8 7 -0.3881292906462798
5 8 27 -1.1342124300873626
5 9 9 0.0
5 10 23 -0.9926916787399712
5 10 11 -0.4629531357661892
5 11 17 -0.7816591722044377
5 11 13 -0.6118364784963863
6 0 2 0.0
6 1 16 -1.2452045433403565
6 1 1 -1.245310725450185
6 1 14 -0.8573934109127858
6 2 18 0.0
6 3 20 0.0
6 4 24 0.0
6 5 28 0.0
6 7 5 0.0
6 8 7 -0.33854917257879674
6 8 27 -1.2475894228450595
6 9 9 0.0
6 10 23 -0.8191641370905496
6 10 11 -0.5812479966650328
6 11 13 0.0
7 0 2 0.0
7 1 16 -0.6930890305280737
7 1 1 -0.6932053339734395
7 2 18 -0.42602076193523575
7 2 15 -1.058726745512058
7 3 20 -0.5179387664644463
7 3 22 -0.9057149963656845
7 4 26 0.0
7 5 25 -7.4219747648792325
7 5 28 -5.981459879550776E-4
7 6 4 0.0
7 8 7 0.0
7 9 9 0.0
7 10 11 0.0
7 11 13 0.0
8 0 2 0.0
8 1 16 -0.6930640284129245
8 1 1 -0.6932303396218207
8 2 18 -0.4236185635425214
8 2 15 -1.0632650793424907
8 3 20 -0.34992523222524285
8 3 22 -1.2199015954297372
8 4 26 0.0
8 5 25 0.0
8 6 4 -0.39091216801163936
8 6 29 -1.1283693709343812
8 7 6 0.0
8 9 9 0.0
8 10 11 0.0
8 11 13 0.0
9 0 2 0.0
9 1 16 -0.6930813135980787
9 1 1 -0.6932130518605546
9 2 18 -0.42370575290147816
9 2 15 -1.063099805693871
9 3 20 -0.350059348389485
9 3 22 -1.2195815523529139
9 4 26 0.0
9 5 25 0.0
9 6 4 -0.3922364198235167
9 6 29 -1.1256065256770265
9 7 6 0.0
9 8 8 0.0
9 10 11 0.0
9 11 13 0.0
10 0 2 0.0
10 1 16 -0.6925399549706832
10 1 1 -0.6937547750961688
10 2 18 -0.4238739661412384
10 2 15 -1.0627810633647166
10 3 22 0.0
10 4 21 -0.34994532720553667
10 4 26 -1.2198536332690118
10 5 25 0.0
10 6 4 -0.5332663113134425
10 6 29 -0.8835465690667456
10 7 6 0.0
10 8 10 0.0
10 9 9 0.0
10 11 13 0.0
11 0 2 0.0
11 1 16 -0.27039504494266997
11 1 1 -1.4400242413083928
11 2 15 0.0
11 3 19 -0.42369039983599366
11 3 22 -1.0631289054978814
11 4 21 -0.3560019684046358
11 4 26 -1.205544844076702
11 5 25 0.0
11 6 4 -0.5834782620620614
11 6 29 -0.816341954983429
11 7 6 0.0
11 8 10 0.0
11 9 9 0.0
11 10 12 0.0
