0 1 1 0.0
0 2 5 0.0
0 3 8 0.0
0 4 7 0.0
0 5 11 -0.6933910988908722
0 5 14 -0.6929033217106623
0 6 17 0.0
0 7 19 0.0
0 8 3 0.0
0 9 26 0.0
0 10 23 0.0
0 11 25 0.0
0 12 28 0.0
0 13 30 0.0
0 14 32 0.0
0 15 40 0.0
0 16 35 0.0
0 17 37 0.0
0 18 21 -0.10045173659398544
0 18 39 -2.3478833637316203
0 19 43 0.0
0 20 45 0.0
0 21 46 0.0
0 22 48 0.0
0 23 51 0.0
0 24 52 0.0
0 25 13 0.0
0 26 55 0.0
1 0 0 0.0
1 2 5 0.0
1 3 8 0.0
1 4 7 0.0
1 5 11 -0.6931579664245734
1 5 14 -0.6931363948116508
1 6 17 0.0
1 7 19 0.0
1 8 3 0.0
1 9 26 0.0
1 10 23 0.0
1 11 25 0.0
1 12 28 0.0
1 13 30 0.0
1 14 32 0.0
1 15 40 0.0
1 16 35 0.0
1 17 37 0.0
1 18 21 -0.09291754035546498
1 18 39 -2.4221419018264996
1 19 43 0.0
1 20 45 0.0
1 21 46 0.0
1 22 48 0.0
1 23 51 0.0
1 24 52 0.0
1 25 13 0.0
1 26 55 0.0
2 0 0 0.0
2 1 4 0.0
2 3 8 0.0
2 4 7 0.0
2 5 11 -0.6931576800475937
2 5 14 -0.6931366811825348
2 6 17 0.0
2 7 19 0.0
2 8 3 0.0
2 9 26 0.0
2 10 23 0.0
2 11 25 0.0
2 12 28 0.0
2 13 30 0.0
2 14 32 0.0
2 15 40 0.0
2 16 35 0.0
2 17 37 0.0
2 18 21 -0.09292047365143294
2 18 39 -2.4221117774550414
2 19 43 0.0
2 20 45 0.0
2 21 46 0.0
2 22 48 0.0
2 23 51 0.0
2 24 52 0.0
2 25 13 0.0
2 26 55 0.0
3 0 0 0.0
3 1 6 0.0
3 2 5 0.0
3 4 9 0.0
3 5 11 -0.43760593020991206
3 5 14 -1.03727301319408
3 6 17 0.0
3 7 19 0.0
3 8 3 -2.397456514182891
3 8 20 -0.0953540662557331
3 9 26 0.0
3 10 23 0.0
3 11 25 0.0
3 12 28 0.0
3 13 30 0.0
3 14 32 0.0
3 15 40 0.0
3 16 35 0.0
3 17 37 0.0
3 18 39 0.0
3 19 43 0.0
3 20 45 0.0
3 21 46 0.0
3 22 48 0.0
3 23 51 0.0
3 24 52 0.0
3 25 13 0.0
3 26 55 0.0
4 0 0 0.0
4 1 6 0.0
4 2 5 0.0
4 3 8 0.0
4 5 11 -0.4396383158981221
4 5 14 -1.0335815788406566
4 6 17 0.0
4 7 19 0.0
4 8 3 -2.4091630343858355
4 8 20 -0.09419035522975665
4 9 26 0.0
4 10 23 0.0
4 11 25 0.0
4 12 28 0.0
4 13 30 0.0
4 14 32 0.0
4 15 40 0.0
4 16 35 0.0
4 17 37 0.0
4 18 39 0.0
4 19 43 0.0
4 20 45 0.0
4 21 46 0.0
4 22 48 0.0
4 23 51 0.0
4 24 52 0.0
4 25 13 0.0
4 26 55 0.0
5 0 0 0.0
5 1 6 0.0
5 2 5 0.0
5 3 8 0.0
5 4 10 0.0
5 6 17 0.0
5 7 19 0.0
5 8 3 -2.3247368296337423
5 8 20 -0.10292923045355427
5 9 26 -0.5929613140166996
5 9 15 -0.8044993341340542
5 10 23 0.0
5 11 25 0.0
5 12 28 0.0
5 13 30 0.0
5 14 32 0.0
5 15 40 0.0
5 16 35 0.0
5 17 37 0.0
5 18 39 0.0
5 19 43 0.0
5 20 45 0.0
5 21 46 0.0
5 22 48 0.0
5 23 51 0.0
5 24 52 0.0
5 25 13 0.0
5 26 55 0.0
6 0 0 0.0
6 1 6 0.0
6 2 5 0.0
6 3 8 0.0
6 4 10 0.0
6 5 16 0.0
6 7 19 0.0
6 8 3 -1.090460989462391
6 8 20 -0.40956581025444155
6 9 26 -0.7237376212947295
6 9 15 -0.6634648054682203
6 10 23 0.0
6 11 25 0.0
6 12 28 0.0
6 13 30 0.0
6 14 32 0.0
6 15 40 0.0
6 16 35 0.0
6 17 37 0.0
6 18 39 0.0
6 19 43 0.0
6 20 45 0.0
6 21 46 0.0
6 22 48 0.0
6 23 51 0.0
6 24 52 0.0
6 25 13 0.0
6 26 55 0.0
7 0 0 0.0
7 1 6 0.0
7 2 5 0.0
7 3 8 0.0
7 4 10 0.0
7 5 18 0.0
7 6 17 0.0
7 8 3 -2.312531124097974
7 8 20 -0.10426148282545343
7 9 26 -0.6287268867629284
7 9 15 -0.7620049521996034
7 10 23 0.0
7 11 25 0.0
7 12 28 0.0
7 13 30 0.0
7 14 32 0.0
7 15 40 0.0
7 16 35 0.0
7 17 37 0.0
7 18 39 0.0
7 19 43 0.0
7 20 45 0.0
7 21 46 0.0
7 22 48 0.0
7 23 51 0.0
7 24 52 0.0
7 25 13 0.0
7 26 55 0.0
8 0 0 0.0
8 1 2 0.0
8 2 5 0.0
8 3 8 0.0
8 4 7 -2.276146976503047
8 4 12 -0.10834169985082985
8 5 11 -0.7135871700709762
8 5 14 -0.6731166292762623
8 6 17 0.0
8 7 19 0.0
8 9 26 0.0
8 10 23 0.0
8 11 25 0.0
8 12 28 0.0
8 13 30 0.0
8 14 32 0.0
8 15 38 0.0
8 16 35 0.0
8 17 37 0.0
8 18 21 0.0
8 19 43 0.0
8 20 45 0.0
8 21 46 0.0
8 22 41 0.0
8 23 51 0.0
8 24 52 0.0
8 25 49 0.0
8 26 55 0.0
9 0 0 0.0
9 1 6 0.0
9 2 5 0.0
9 3 8 0.0
9 4 12 0.0
9 5 11 -0.7072046606802165
9 5 14 -0.679284576879974
9 6 17 0.0
9 7 19 0.0
9 8 3 -2.4090570922950763
9 8 20 -0.09420081962071016
9 10 23 0.0
9 11 25 0.0
9 12 28 0.0
9 13 27 0.0
9 14 32 0.0
9 15 40 0.0
9 16 35 0.0
9 17 37 0.0
9 18 39 0.0
9 19 43 0.0
9 20 45 0.0
9 21 46 0.0
9 22 48 0.0
9 23 51 0.0
9 24 52 0.0
9 25 31 0.0
9 26 55 0.0
10 0 0 0.0
10 1 6 0.0
10 2 5 0.0
10 3 8 0.0
10 4 12 0.0
10 5 11 -0.6283227994320861
10 5 14 -0.76246684927032
10 6 17 0.0
10 7 19 0.0
10 8 3 -1.537233912229395
10 8 20 -0.24203961173228006
10 9 22 0.0
10 11 25 0.0
10 12 28 0.0
10 13 27 0.0
10 14 32 0.0
10 15 40 0.0
10 16 35 0.0
10 17 37 0.0
10 18 39 0.0
10 19 43 0.0
10 20 45 0.0
10 21 46 0.0
10 22 48 0.0
10 23 51 0.0
10 24 52 0.0
10 25 31 0.0
10 26 55 0.0
11 0 0 0.0
11 1 6 0.0
11 2 5 0.0
11 3 8 0.0
11 4 12 0.0
11 5 11 -0.7395952377262129
11 5 14 -0.6487611237221055
11 6 17 0.0
11 7 19 0.0
11 8 3 -2.3979776409099913
11 8 20 -0.09530194336629835
11 9 24 0.0
11 10 23 0.0
11 12 28 0.0
11 13 27 0.0
11 14 32 0.0
11 15 40 0.0
11 16 35 0.0
11 17 37 0.0
11 18 39 0.0
11 19 43 0.0
11 20 45 0.0
11 21 46 0.0
11 22 48 0.0
11 23 51 0.0
11 24 52 0.0
11 25 31 0.0
11 26 55 0.0
12 0 0 0.0
12 1 6 0.0
12 2 5 0.0
12 3 8 0.0
12 4 12 0.0
12 5 11 -0.6307570181389207
12 5 14 -0.7596904232438811
12 6 17 0.0
12 7 19 0.0
12 8 3 -1.5521431248927906
12 8 20 -0.2379952779797564
12 9 26 0.0
12 10 23 0.0
12 11 25 0.0
12 13 29 0.0
12 14 32 0.0
12 15 40 0.0
12 16 35 0.0
12 17 37 0.0
12 18 39 0.0
12 19 43 0.0
12 20 45 0.0
12 21 46 0.0
12 22 48 0.0
12 23 51 0.0
12 24 52 0.0
12 25 31 0.0
12 26 55 0.0
13 0 0 0.0
13 1 6 0.0
13 2 5 0.0
13 3 8 0.0
13 4 12 0.0
13 5 11 -0.6106186440261842
13 5 14 -0.7831043443247535
13 6 17 0.0
13 7 19 0.0
13 8 3 -2.4089835011653125
13 8 20 -0.09420808927441443
13 9 26 0.0
13 10 23 0.0
13 11 25 0.0
13 12 28 0.0
13 14 32 0.0
13 15 40 0.0
13 16 35 0.0
13 17 37 0.0
13 18 39 0.0
13 19 43 0.0
13 20 45 0.0
13 21 46 0.0
13 22 48 0.0
13 23 51 0.0
13 24 52 0.0
13 25 31 0.0
13 26 55 0.0
14 0 0 0.0
14 1 2 -0.093168110971684
14 1 6 -2.419572175402818
14 2 5 0.0
14 3 8 0.0
14 4 12 0.0
14 5 11 -0.7588706528867675
14 5 14 -0.6314781783470267
14 6 17 0.0
14 7 19 0.0
14 8 20 0.0
14 9 26 0.0
14 10 23 0.0
14 11 25 0.0
14 12 28 0.0
14 13 30 0.0
14 15 33 0.0
14 16 35 0.0
14 17 37 0.0
14 18 39 0.0
14 19 43 0.0
14 20 45 0.0
14 21 46 0.0
14 22 41 0.0
14 23 51 0.0
14 24 52 0.0
14 25 49 0.0
14 26 55 0.0
15 0 0 0.0
15 1 2 -0.0927947175901341
15 1 6 -2.423404162050045
15 2 5 0.0
15 3 8 0.0
15 4 12 0.0
15 5 11 -0.6245012892575438
15 5 14 -0.7668549405086171
15 6 17 0.0
15 7 19 0.0
15 8 20 0.0
15 9 26 0.0
15 10 23 0.0
15 11 25 0.0
15 12 28 0.0
15 13 30 0.0
15 14 32 0.0
15 16 35 0.0
15 17 37 0.0
15 18 39 0.0
15 19 43 0.0
15 20 45 0.0
15 21 46 0.0
15 22 41 0.0
15 23 51 0.0
15 24 52 0.0
15 25 49 0.0
15 26 55 0.0
16 0 0 0.0
16 1 2 -0.09490117672963262
16 1 6 -2.4019945305651915
16 2 5 0.0
16 3 8 0.0
16 4 12 0.0
16 5 11 -0.710949659096602
16 5 14 -0.6756560947825425
16 6 17 0.0
16 7 19 0.0
16 8 20 0.0
16 9 26 0.0
16 10 23 0.0
16 11 25 0.0
16 12 28 0.0
16 13 30 0.0
16 14 32 0.0
16 15 34 0.0
16 17 37 0.0
16 18 39 0.0
16 19 43 0.0
16 20 45 0.0
16 21 46 0.0
16 22 41 0.0
16 23 51 0.0
16 24 52 0.0
16 25 49 0.0
16 26 55 0.0
17 0 0 0.0
17 1 2 -0.09288391012564415
17 1 6 -2.4224873488348324
17 2 5 0.0
17 3 8 0.0
17 4 12 0.0
17 5 11 -0.7258518896699844
17 5 14 -0.6614782829311298
17 6 17 0.0
17 7 19 0.0
17 8 20 0.0
17 9 26 0.0
17 10 23 0.0
17 11 25 0.0
17 12 28 0.0
17 13 30 0.0
17 14 32 0.0
17 15 36 0.0
17 16 35 0.0
17 18 39 0.0
17 19 43 0.0
17 20 45 0.0
17 21 46 0.0
17 22 41 0.0
17 23 51 0.0
17 24 52 0.0
17 25 49 0.0
17 26 55 0.0
18 0 0 0.0
18 1 2 -0.09285008894687691
18 1 6 -2.4228348893718854
18 2 5 0.0
18 3 8 0.0
18 4 12 0.0
18 5 11 -0.7101109749930608
18 5 14 -0.6764663627636326
18 6 17 0.0
18 7 19 0.0
18 8 20 0.0
18 9 26 0.0
18 10 23 0.0
18 11 25 0.0
18 12 28 0.0
18 13 30 0.0
18 14 32 0.0
18 15 38 0.0
18 16 35 0.0
18 17 37 0.0
18 19 43 0.0
18 20 45 0.0
18 21 46 0.0
18 22 41 0.0
18 23 51 0.0
18 24 52 0.0
18 25 49 0.0
18 26 55 0.0
19 0 0 0.0
19 1 2 -0.09316610014624578
19 1 6 -2.419592768597582
19 2 5 0.0
19 3 8 0.0
19 4 12 0.0
19 5 11 -0.7591122855945206
19 5 14 -0.6312654961103507
19 6 17 0.0
19 7 19 0.0
19 8 20 0.0
19 9 26 0.0
19 10 23 0.0
19 11 25 0.0
19 12 28 0.0
19 13 30 0.0
19 14 32 0.0
19 15 38 0.0
19 16 35 0.0
19 17 37 0.0
19 18 42 0.0
19 20 45 0.0
19 21 46 0.0
19 22 41 0.0
19 23 51 0.0
19 24 52 0.0
19 25 49 0.0
19 26 55 0.0
20 0 0 0.0
20 1 2 -0.093166100146247
20 1 6 -2.4195927685975698
20 2 5 0.0
20 3 8 0.0
20 4 12 0.0
20 5 11 -0.7591122855944129
20 5 14 -0.6312654961104455
20 6 17 0.0
20 7 19 0.0
20 8 20 0.0
20 9 26 0.0
20 10 23 0.0
20 11 25 0.0
20 12 28 0.0
20 13 30 0.0
20 14 32 0.0
20 15 38 0.0
20 16 35 0.0
20 17 37 0.0
20 18 44 0.0
20 19 43 0.0
20 21 46 0.0
20 22 41 0.0
20 23 51 0.0
20 24 52 0.0
20 25 49 0.0
20 26 55 0.0
21 0 0 0.0
21 1 2 -0.09288454421280852
21 1 6 -2.422480834331236
21 2 5 0.0
21 3 8 0.0
21 4 12 0.0
21 5 11 -0.7257709081923146
21 5 14 -0.6615542215457172
21 6 17 0.0
21 7 19 0.0
21 8 20 0.0
21 9 26 0.0
21 10 23 0.0
21 11 25 0.0
21 12 28 0.0
21 13 30 0.0
21 14 32 0.0
21 15 40 0.0
21 16 35 0.0
21 17 37 0.0
21 18 39 0.0
21 19 43 0.0
21 20 45 0.0
21 22 47 0.0
21 23 51 0.0
21 24 52 0.0
21 25 49 0.0
21 26 55 0.0
22 0 0 0.0
22 1 2 -0.09279820647990994
22 1 6 -2.4233682822907023
22 2 5 0.0
22 3 8 0.0
22 4 12 0.0
22 5 11 -0.6330986146755256
22 5 14 -0.757033239214657
22 6 17 0.0
22 7 19 0.0
22 8 20 0.0
22 9 26 0.0
22 10 23 0.0
22 11 25 0.0
22 12 28 0.0
22 13 30 0.0
22 14 32 0.0
22 15 40 0.0
22 16 35 0.0
22 17 37 0.0
22 18 39 0.0
22 19 43 0.0
22 20 45 0.0
22 21 46 0.0
22 23 51 0.0
22 24 52 0.0
22 25 49 0.0
22 26 55 0.0
23 0 0 0.0
23 1 2 -0.09288454420839784
23 1 6 -2.422480834376552
23 2 5 0.0
23 3 8 0.0
23 4 12 0.0
23 5 11 -0.7257709735636428
23 5 14 -0.6615541602403738
23 6 17 0.0
23 7 19 0.0
23 8 20 0.0
23 9 26 0.0
23 10 23 0.0
23 11 25 0.0
23 12 28 0.0
23 13 30 0.0
23 14 32 0.0
23 15 40 0.0
23 16 35 0.0
23 17 37 0.0
23 18 39 0.0
23 19 43 0.0
23 20 45 0.0
23 21 46 0.0
23 22 50 0.0
23 24 52 0.0
23 25 49 0.0
23 26 55 0.0
24 0 0 0.0
24 1 6 0.0
24 2 5 0.0
24 3 8 0.0
24 4 12 0.0
24 5 11 -0.6909196713069933
24 5 14 -0.6953796626895586
24 6 17 0.0
24 7 19 0.0
24 8 3 -1.1529374114593731
24 8 20 -0.3793706126634148
24 9 26 0.0
24 10 23 0.0
24 11 25 0.0
24 12 28 0.0
24 13 30 0.0
24 14 32 0.0
24 15 40 0.0
24 16 35 0.0
24 17 37 0.0
24 18 39 0.0
24 19 43 0.0
24 20 45 0.0
24 21 46 0.0
24 22 48 0.0
24 23 51 0.0
24 25 53 0.0
24 26 55 0.0
25 0 0 0.0
25 1 6 0.0
25 2 5 0.0
25 3 8 0.0
25 4 12 0.0
25 5 11 -0.5249392137692891
25 5 14 -0.8954869487463265
25 6 17 0.0
25 7 19 0.0
25 8 3 -2.4091020803256704
25 8 20 -0.09419637579576799
25 9 26 0.0
25 10 23 0.0
25 11 25 0.0
25 12 28 0.0
25 13 30 0.0
25 14 32 0.0
25 15 40 0.0
25 16 35 0.0
25 17 37 0.0
25 18 39 0.0
25 19 43 0.0
25 20 45 0.0
25 21 46 0.0
25 22 48 0.0
25 23 51 0.0
25 24 52 0.0
25 26 55 0.0
26 0 0 0.0
26 1 6 0.0
26 2 5 0.0
26 3 8 0.0
26 4 12 0.0
26 5 11 -0.6402772308105509
26 5 14 -0.7489691615613645
26 6 17 0.0
26 7 19 0.0
26 8 3 -1.5707638794697405
26 8 20 -0.2330503641297576
26 9 26 0.0
26 10 23 0.0
26 11 25 0.0
26 12 28 0.0
26 13 30 0.0
26 14 32 0.0
26 15 40 0.0
26 16 35 0.0
26 17 37 0.0
26 18 39 0.0
26 19 43 0.0
26 20 45 0.0
26 21 46 0.0
26 22 48 0.0
26 23 51 0.0
26 24 52 0.0
26 25 54 0.0
