0 1 1 0.0
0 2 5 0.0
0 3 8 0.0
0 4 7 0.0
0 5 11 -0.6930356059776056
0 5 14 -0.6932587675925616
0 6 17 0.0
0 7 19 0.0
0 8 3 0.0
0 9 26 0.0
0 10 23 0.0
0 11 25 0.0
0 12 28 0.0
0 13 30 0.0
0 14 32 0.0
0 15 40 0.0
0 16 35 0.0
0 17 37 0.0
0 18 21 -0.22046152503321087
0 18 39 -1.6202385342516874
0 19 43 0.0
0 20 45 0.0
0 21 46 0.0
0 22 48 0.0
0 23 51 0.0
0 24 52 0.0
0 25 13 0.0
0 26 55 0.0
1 0 0 0.0
1 2 5 0.0
1 3 8 0.0
1 4 7 0.0
1 5 11 -0.6931526324456369
1 5 14 -0.6931417287039766
1 6 17 0.0
1 7 19 0.0
1 8 3 0.0
1 9 26 0.0
1 10 23 0.0
1 11 25 0.0
1 12 28 0.0
1 13 30 0.0
1 14 32 0.0
1 15 40 0.0
1 16 35 0.0
1 17 37 0.0
1 18 21 -0.2096938008683386
1 18 39 -1.6651223293126691
1 19 43 0.0
1 20 45 0.0
1 21 46 0.0
1 22 48 0.0
1 23 51 0.0
1 24 52 0.0
1 25 13 0.0
1 26 55 0.0
2 0 0 0.0
2 1 4 0.0
2 3 8 0.0
2 4 7 0.0
2 5 11 -0.6931533061083145
2 5 14 -0.6931410550490983
2 6 17 0.0
2 7 19 0.0
2 8 3 0.0
2 9 26 0.0
2 10 23 0.0
2 11 25 0.0
2 12 28 0.0
2 13 30 0.0
2 14 32 0.0
2 15 40 0.0
2 16 35 0.0
2 17 37 0.0
2 18 21 -0.2096981068282675
2 18 39 -1.6651038728010745
2 19 43 0.0
2 20 45 0.0
2 21 46 0.0
2 22 48 0.0
2 23 51 0.0
2 24 52 0.0
2 25 13 0.0
2 26 55 0.0
3 0 0 0.0
3 1 6 0.0
3 2 5 0.0
3 4 9 0.0
3 5 11 -0.4640654867733808
3 5 14 -0.9908051946464165
3 6 17 0.0
3 7 19 0.0
3 8 3 -1.65028502767347
3 8 20 -0.2131872512740435
3 9 26 0.0
3 10 23 0.0
3 11 25 0.0
3 12 28 0.0
3 13 30 0.0
3 14 32 0.0
3 15 40 0.0
3 16 35 0.0
3 17 37 0.0
3 18 39 0.0
3 19 43 0.0
3 20 45 0.0
3 21 46 0.0
3 22 48 0.0
3 23 51 0.0
3 24 52 0.0
3 25 13 0.0
3 26 55 0.0
4 0 0 0.0
4 1 6 0.0
4 2 5 0.0
4 3 8 0.0
4 5 11 -0.447444402134634
4 5 14 -1.0195971274048399
4 6 17 0.0
4 7 19 0.0
4 8 3 -1.6574924914965685
4 8 20 -0.2114822511795242
4 9 26 0.0
4 10 23 0.0
4 11 25 0.0
4 12 28 0.0
4 13 30 0.0
4 14 32 0.0
4 15 40 0.0
4 16 35 0.0
4 17 37 0.0
4 18 39 0.0
4 19 43 0.0
4 20 45 0.0
4 21 46 0.0
4 22 48 0.0
4 23 51 0.0
4 24 52 0.0
4 25 13 0.0
4 26 55 0.0
5 0 0 0.0
5 1 6 0.0
5 2 5 0.0
5 3 8 0.0
5 4 10 0.0
5 6 17 0.0
5 7 19 0.0
5 8 3 -1.6080797408455259
5 8 20 -0.2234833826306568
5 9 26 -0.5759641308141874
5 9 15 -0.8259076913051776
5 10 23 0.0
5 11 25 0.0
5 12 28 0.0
5 13 30 0.0
5 14 32 0.0
5 15 40 0.0
5 16 35 0.0
5 17 37 0.0
5 18 39 0.0
5 19 43 0.0
5 20 45 0.0
5 21 46 0.0
5 22 48 0.0
5 23 51 0.0
5 24 52 0.0
5 25 13 0.0
5 26 55 0.0
6 0 0 0.0
6 1 6 0.0
6 2 5 0.0
6 3 8 0.0
6 4 10 0.0
6 5 16 0.0
6 7 19 0.0
6 8 3 -0.8741019183251716
6 8 20 -0.5399739450983874
6 9 26 -0.7345526630474406
6 9 15 -0.6533881651438751
6 10 23 0.0
6 11 25 0.0
6 12 28 0.0
6 13 30 0.0
6 14 32 0.0
6 15 40 0.0
6 16 35 0.0
6 17 37 0.0
6 18 39 0.0
6 19 43 0.0
6 20 45 0.0
6 21 46 0.0
6 22 48 0.0
6 23 51 0.0
6 24 52 0.0
6 25 13 0.0
6 26 55 0.0
7 0 0 0.0
7 1 6 0.0
7 2 5 0.0
7 3 8 0.0
7 4 10 0.0
7 5 18 0.0
7 6 17 0.0
7 8 3 -1.6008932040756396
7 8 20 -0.2252911854752036
7 9 26 -0.6112978978814965
7 9 15 -0.7822978170416778
7 10 23 0.0
7 11 25 0.0
7 12 28 0.0
7 13 30 0.0
7 14 32 0.0
7 15 40 0.0
7 16 35 0.0
7 17 37 0.0
7 18 39 0.0
7 19 43 0.0
7 20 45 0.0
7 21 46 0.0
7 22 48 0.0
7 23 51 0.0
7 24 52 0.0
7 25 13 0.0
7 26 55 0.0
8 0 0 0.0
8 1 2 0.0
8 2 5 0.0
8 3 8 0.0
8 4 7 -1.5063471091757232
8 4 12 -0.2506668841114848
8 5 11 -0.49442494066025794
8 5 14 -0.9414073999591959
8 6 17 0.0
8 7 19 0.0
8 9 26 0.0
8 10 23 0.0
8 11 25 0.0
8 12 28 0.0
8 13 30 0.0
8 14 32 0.0
8 15 38 0.0
8 16 35 0.0
8 17 37 0.0
8 18 21 0.0
8 19 43 0.0
8 20 45 0.0
8 21 46 0.0
8 22 41 0.0
8 23 51 0.0
8 24 52 0.0
8 25 49 0.0
8 26 55 0.0
9 0 0 0.0
9 1 6 0.0
9 2 5 0.0
9 3 8 0.0
9 4 12 0.0
9 5 11 -0.688748654346002
9 5 14 -0.6975651393127434
9 6 17 0.0
9 7 19 0.0
9 8 3 -1.6574159617802473
9 8 20 -0.21150027539487254
9 10 23 0.0
9 11 25 0.0
9 12 28 0.0
9 13 27 0.0
9 14 32 0.0
9 15 40 0.0
9 16 35 0.0
9 17 37 0.0
9 18 39 0.0
9 19 43 0.0
9 20 45 0.0
9 21 46 0.0
9 22 48 0.0
9 23 51 0.0
9 24 52 0.0
9 25 31 0.0
9 26 55 0.0
10 0 0 0.0
10 1 6 0.0
10 2 5 0.0
10 3 8 0.0
10 4 12 0.0
10 5 11 -0.620744888253307
10 5 14 -0.7712035985446777
10 6 17 0.0
10 7 19 0.0
10 8 3 -1.1550786775743112
10 8 20 -0.37838425195882786
10 9 22 0.0
10 11 25 0.0
10 12 28 0.0
10 13 27 0.0
10 14 32 0.0
10 15 40 0.0
10 16 35 0.0
10 17 37 0.0
10 18 39 0.0
10 19 43 0.0
10 20 45 0.0
10 21 46 0.0
10 22 48 0.0
10 23 51 0.0
10 24 52 0.0
10 25 31 0.0
10 26 55 0.0
11 0 0 0.0
11 1 6 0.0
11 2 5 0.0
11 3 8 0.0
11 4 12 0.0
11 5 11 -0.718855710578386
11 5 14 -0.6680830471681387
11 6 17 0.0
11 7 19 0.0
11 8 3 -1.6504910455875665
11 8 20 -0.21313830428435232
11 9 24 0.0
11 10 23 0.0
11 12 28 0.0
11 13 27 0.0
11 14 32 0.0
11 15 40 0.0
11 16 35 0.0
11 17 37 0.0
11 18 39 0.0
11 19 43 0.0
11 20 45 0.0
11 21 46 0.0
11 22 48 0.0
11 23 51 0.0
11 24 52 0.0
11 25 31 0.0
11 26 55 0.0
12 0 0 0.0
12 1 6 0.0
12 2 5 0.0
12 3 8 0.0
12 4 12 0.0
12 5 11 -0.6360024719402732
12 5 14 -0.753756384228085
12 6 17 0.0
12 7 19 0.0
12 8 3 -1.1629223940559474
12 8 20 -0.3747972920322283
12 9 26 0.0
12 10 23 0.0
12 11 25 0.0
12 13 29 0.0
12 14 32 0.0
12 15 40 0.0
12 16 35 0.0
12 17 37 0.0
12 18 39 0.0
12 19 43 0.0
12 20 45 0.0
12 21 46 0.0
12 22 48 0.0
12 23 51 0.0
12 24 52 0.0
12 25 31 0.0
12 26 55 0.0
13 0 0 0.0
13 1 6 0.0
13 2 5 0.0
13 3 8 0.0
13 4 12 0.0
13 5 11 -0.6090809474617772
13 5 14 -0.7849345991285775
13 6 17 0.0
13 7 19 0.0
13 8 3 -1.6573855773976056
13 8 20 -0.2115074319721417
13 9 26 0.0
13 10 23 0.0
13 11 25 0.0
13 12 28 0.0
13 14 32 0.0
13 15 40 0.0
13 16 35 0.0
13 17 37 0.0
13 18 39 0.0
13 19 43 0.0
13 20 45 0.0
13 21 46 0.0
13 22 48 0.0
13 23 51 0.0
13 24 52 0.0
13 25 31 0.0
13 26 55 0.0
14 0 0 0.0
14 1 2 -0.21011318724071243
14 1 6 -1.6633266951796786
14 2 5 0.0
14 3 8 0.0
14 4 12 0.0
14 5 11 -0.7503387684326236
14 5 14 -0.6390502781932043
14 6 17 0.0
14 7 19 0.0
14 8 20 0.0
14 9 26 0.0
14 10 23 0.0
14 11 25 0.0
14 12 28 0.0
14 13 30 0.0
14 15 33 0.0
14 16 35 0.0
14 17 37 0.0
14 18 39 0.0
14 19 43 0.0
14 20 45 0.0
14 21 46 0.0
14 22 41 0.0
14 23 51 0.0
14 24 52 0.0
14 25 49 0.0
14 26 55 0.0
15 0 0 0.0
15 1 2 -0.20950261775035256
15 1 6 -1.6659422156669899
15 2 5 0.0
15 3 8 0.0
15 4 12 0.0
15 5 11 -0.5005807496932941
15 5 14 -0.9318575674912309
15 6 17 0.0
15 7 19 0.0
15 8 20 0.0
15 9 26 0.0
15 10 23 0.0
15 11 25 0.0
15 12 28 0.0
15 13 30 0.0
15 14 32 0.0
15 16 35 0.0
15 17 37 0.0
15 18 39 0.0
15 19 43 0.0
15 20 45 0.0
15 21 46 0.0
15 22 41 0.0
15 23 51 0.0
15 24 52 0.0
15 25 49 0.0
15 26 55 0.0
16 0 0 0.0
16 1 2 -0.2129947100274109
16 1 6 -1.651095737161089
16 2 5 0.0
16 3 8 0.0
16 4 12 0.0
16 5 11 -0.7095095953546572
16 5 14 -0.6770481899105026
16 6 17 0.0
16 7 19 0.0
16 8 20 0.0
16 9 26 0.0
16 10 23 0.0
16 11 25 0.0
16 12 28 0.0
16 13 30 0.0
16 14 32 0.0
16 15 34 0.0
16 17 37 0.0
16 18 39 0.0
16 19 43 0.0
16 20 45 0.0
16 21 46 0.0
16 22 41 0.0
16 23 51 0.0
16 24 52 0.0
16 25 49 0.0
16 26 55 0.0
17 0 0 0.0
17 1 2 -0.20965153012433294
17 1 6 -1.6653035354894656
17 2 5 0.0
17 3 8 0.0
17 4 12 0.0
17 5 11 -0.6834750500270749
17 5 14 -0.7029137756187055
17 6 17 0.0
17 7 19 0.0
17 8 20 0.0
17 9 26 0.0
17 10 23 0.0
17 11 25 0.0
17 12 28 0.0
17 13 30 0.0
17 14 32 0.0
17 15 36 0.0
17 16 35 0.0
17 18 39 0.0
17 19 43 0.0
17 20 45 0.0
17 21 46 0.0
17 22 41 0.0
17 23 51 0.0
17 24 52 0.0
17 25 49 0.0
17 26 55 0.0
18 0 0 0.0
18 1 2 -0.20958754394490342
18 1 6 -1.665577908434886
18 2 5 0.0
18 3 8 0.0
18 4 12 0.0
18 5 11 -0.6442287884877521
18 5 14 -0.7445822196565135
18 6 17 0.0
18 7 19 0.0
18 8 20 0.0
18 9 26 0.0
18 10 23 0.0
18 11 25 0.0
18 12 28 0.0
18 13 30 0.0
18 14 32 0.0
18 15 38 0.0
18 16 35 0.0
18 17 37 0.0
18 19 43 0.0
18 20 45 0.0
18 21 46 0.0
18 22 41 0.0
18 23 51 0.0
18 24 52 0.0
18 25 49 0.0
18 26 55 0.0
19 0 0 0.0
19 1 2 -0.21011117493319892
19 1 6 -1.663335301534797
19 2 5 0.0
19 3 8 0.0
19 4 12 0.0
19 5 11 -0.7492679332625867
19 5 14 -0.6400093065146402
19 6 17 0.0
19 7 19 0.0
19 8 20 0.0
19 9 26 0.0
19 10 23 0.0
19 11 25 0.0
19 12 28 0.0
19 13 30 0.0
19 14 32 0.0
19 15 38 0.0
19 16 35 0.0
19 17 37 0.0
19 18 42 0.0
19 20 45 0.0
19 21 46 0.0
19 22 41 0.0
19 23 51 0.0
19 24 52 0.0
19 25 49 0.0
19 26 55 0.0
20 0 0 0.0
20 1 2 -0.21011117493316098
20 1 6 -1.663335301534959
20 2 5 0.0
20 3 8 0.0
20 4 12 0.0
20 5 11 -0.7492679332625053
20 5 14 -0.6400093065147132
20 6 17 0.0
20 7 19 0.0
20 8 20 0.0
20 9 26 0.0
20 10 23 0.0
20 11 25 0.0
20 12 28 0.0
20 13 30 0.0
20 14 32 0.0
20 15 38 0.0
20 16 35 0.0
20 17 37 0.0
20 18 44 0.0
20 19 43 0.0
20 21 46 0.0
20 22 41 0.0
20 23 51 0.0
20 24 52 0.0
20 25 49 0.0
20 26 55 0.0
21 0 0 0.0
21 1 2 -0.2096509311498126
21 1 6 -1.6653061034637449
21 2 5 0.0
21 3 8 0.0
21 4 12 0.0
21 5 11 -0.683964150344442
21 5 14 -0.7024153209927233
21 6 17 0.0
21 7 19 0.0
21 8 20 0.0
21 9 26 0.0
21 10 23 0.0
21 11 25 0.0
21 12 28 0.0
21 13 30 0.0
21 14 32 0.0
21 15 40 0.0
21 16 35 0.0
21 17 37 0.0
21 18 39 0.0
21 19 43 0.0
21 20 45 0.0
21 22 47 0.0
21 23 51 0.0
21 24 52 0.0
21 25 49 0.0
21 26 55 0.0
22 0 0 0.0
22 1 2 -0.2095070295299166
22 1 6 -1.6659232864601499
22 2 5 0.0
22 3 8 0.0
22 4 12 0.0
22 5 11 -0.5097878091795353
22 5 14 -0.9178494760384164
22 6 17 0.0
22 7 19 0.0
22 8 20 0.0
22 9 26 0.0
22 10 23 0.0
22 11 25 0.0
22 12 28 0.0
22 13 30 0.0
22 14 32 0.0
22 15 40 0.0
22 16 35 0.0
22 17 37 0.0
22 18 39 0.0
22 19 43 0.0
22 20 45 0.0
22 21 46 0.0
22 23 51 0.0
22 24 52 0.0
22 25 49 0.0
22 26 55 0.0
23 0 0 0.0
23 1 2 -0.20965093110157898
23 1 6 -1.665306103670536
23 2 5 0.0
23 3 8 0.0
23 4 12 0.0
23 5 11 -0.6839641881851629
23 5 14 -0.7024152824473167
23 6 17 0.0
23 7 19 0.0
23 8 20 0.0
23 9 26 0.0
23 10 23 0.0
23 11 25 0.0
23 12 28 0.0
23 13 30 0.0
23 14 32 0.0
23 15 40 0.0
23 16 35 0.0
23 17 37 0.0
23 18 39 0.0
23 19 43 0.0
23 20 45 0.0
23 21 46 0.0
23 22 50 0.0
23 24 52 0.0
23 25 49 0.0
23 26 55 0.0
24 0 0 0.0
24 1 6 0.0
24 2 5 0.0
24 3 8 0.0
24 4 12 0.0
24 5 11 -0.7011670551464656
24 5 14 -0.6851911129769176
24 6 17 0.0
24 7 19 0.0
24 8 3 -0.9377197859864312
24 8 20 -0.4967905227093272
24 9 26 0.0
24 10 23 0.0
24 11 25 0.0
24 12 28 0.0
24 13 30 0.0
24 14 32 0.0
24 15 40 0.0
24 16 35 0.0
24 17 37 0.0
24 18 39 0.0
24 19 43 0.0
24 20 45 0.0
24 21 46 0.0
24 22 48 0.0
24 23 51 0.0
24 25 53 0.0
24 26 55 0.0
25 0 0 0.0
25 1 6 0.0
25 2 5 0.0
25 3 8 0.0
25 4 12 0.0
25 5 11 -0.5320967250556722
25 5 14 -0.8852091086836013
25 6 17 0.0
25 7 19 0.0
25 8 3 -1.6574692661259183
25 8 20 -0.2114877210194443
25 9 26 0.0
25 10 23 0.0
25 11 25 0.0
25 12 28 0.0
25 13 30 0.0
25 14 32 0.0
25 15 40 0.0
25 16 35 0.0
25 17 37 0.0
25 18 39 0.0
25 19 43 0.0
25 20 45 0.0
25 21 46 0.0
25 22 48 0.0
25 23 51 0.0
25 24 52 0.0
25 26 55 0.0
26 0 0 0.0
26 1 6 0.0
26 2 5 0.0
26 3 8 0.0
26 4 12 0.0
26 5 11 -0.6618170937923071
26 5 14 -0.7254906774637262
26 6 17 0.0
26 7 19 0.0
26 8 3 -1.172499758465911
26 8 20 -0.370472649965913
26 9 26 0.0
26 10 23 0.0
26 11 25 0.0
26 12 28 0.0
26 13 30 0.0
26 14 32 0.0
26 15 40 0.0
26 16 35 0.0
26 17 37 0.0
26 18 39 0.0
26 19 43 0.0
26 20 45 0.0
26 21 46 0.0
26 22 48 0.0
26 23 51 0.0
26 24 52 0.0
26 25 54 0.0
