0 1 1 0.0
0 2 5 0.0
0 3 8 0.0
0 4 7 0.0
0 5 11 -0.6932677951147113
0 5 14 -0.6930265805512958
0 6 17 0.0
0 7 19 0.0
0 8 3 0.0
0 9 26 0.0
0 10 23 0.0
0 11 25 0.0
0 12 28 0.0
0 13 30 0.0
0 14 32 0.0
0 15 40 0.0
0 16 35 0.0
0 17 37 0.0
0 18 21 -0.3470633716688895
0 18 39 -1.2267657281343076
0 19 43 0.0
0 20 45 0.0
0 21 46 0.0
0 22 48 0.0
0 23 51 0.0
0 24 52 0.0
0 25 13 0.0
0 26 55 0.0
1 0 0 0.0
1 2 5 0.0
1 3 8 0.0
1 4 7 0.0
1 5 11 -0.6931344077108473
1 5 14 -0.693159953572191
1 6 17 0.0
1 7 19 0.0
1 8 3 0.0
1 9 26 0.0
1 10 23 0.0
1 11 25 0.0
1 12 28 0.0
1 13 30 0.0
1 14 32 0.0
1 15 40 0.0
1 16 35 0.0
1 17 37 0.0
1 18 21 -0.3397578461799559
1 18 39 -1.2445958656330047
1 19 43 0.0
1 20 45 0.0
1 21 46 0.0
1 22 48 0.0
1 23 51 0.0
1 24 52 0.0
1 25 13 0.0
1 26 55 0.0
2 0 0 0.0
2 1 4 0.0
2 3 8 0.0
2 4 7 0.0
2 5 11 -0.693135477376399
2 5 14 -0.6931588838804578
2 6 17 0.0
2 7 19 0.0
2 8 3 0.0
2 9 26 0.0
2 10 23 0.0
2 11 25 0.0
2 12 28 0.0
2 13 30 0.0
2 14 32 0.0
2 15 40 0.0
2 16 35 0.0
2 17 37 0.0
2 18 21 -0.33976153154334693
2 18 39 -1.2445867571993745
2 19 43 0.0
2 20 45 0.0
2 21 46 0.0
2 22 48 0.0
2 23 51 0.0
2 24 52 0.0
2 25 13 0.0
2 26 55 0.0
3 0 0 0.0
3 1 6 0.0
3 2 5 0.0
3 4 9 0.0
3 5 11 -0.4885579379008446
3 5 14 -0.9506505181427831
3 6 17 0.0
3 7 19 0.0
3 8 3 -1.2401739464921917
3 8 20 -0.34155255855692607
3 9 26 0.0
3 10 23 0.0
3 11 25 0.0
3 12 28 0.0
3 13 30 0.0
3 14 32 0.0
3 15 40 0.0
3 16 35 0.0
3 17 37 0.0
3 18 39 0.0
3 19 43 0.0
3 20 45 0.0
3 21 46 0.0
3 22 48 0.0
3 23 51 0.0
3 24 52 0.0
3 25 13 0.0
3 26 55 0.0
4 0 0 0.0
4 1 6 0.0
4 2 5 0.0
4 3 8 0.0
4 5 11 -0.4499596231019605
4 5 14 -1.0151554399036462
4 6 17 0.0
4 7 19 0.0
4 8 3 -1.2425059594625911
4 8 20 -0.34060468040237796
4 9 26 0.0
4 10 23 0.0
4 11 25 0.0
4 12 28 0.0
4 13 30 0.0
4 14 32 0.0
4 15 40 0.0
4 16 35 0.0
4 17 37 0.0
4 18 39 0.0
4 19 43 0.0
4 20 45 0.0
4 21 46 0.0
4 22 48 0.0
4 23 51 0.0
4 24 52 0.0
4 25 13 0.0
4 26 55 0.0
5 0 0 0.0
5 1 6 0.0
5 2 5 0.0
5 3 8 0.0
5 4 10 0.0
5 6 17 0.0
5 7 19 0.0
5 8 3 -1.2258387596715508
5 8 20 -0.347448229166762
5 9 26 -0.5220380404020655
5 9 15 -0.89970436172693
5 10 23 0.0
5 11 25 0.0
5 12 28 0.0
5 13 30 0.0
5 14 32 0.0
5 15 40 0.0
5 16 35 0.0
5 17 37 0.0
5 18 39 0.0
5 19 43 0.0
5 20 45 0.0
5 21 46 0.0
5 22 48 0.0
5 23 51 0.0
5 24 52 0.0
5 25 13 0.0
5 26 55 0.0
6 0 0 0.0
6 1 6 0.0
6 2 5 0.0
6 3 8 0.0
6 4 10 0.0
6 5 16 0.0
6 7 19 0.0
6 8 3 -0.9768427384209206
6 8 20 -0.47240318867297276
6 9 26 -0.743922966967761
6 9 15 -0.6448254687777607
6 10 23 0.0
6 11 25 0.0
6 12 28 0.0
6 13 30 0.0
6 14 32 0.0
6 15 40 0.0
6 16 35 0.0
6 17 37 0.0
6 18 39 0.0
6 19 43 0.0
6 20 45 0.0
6 21 46 0.0
6 22 48 0.0
6 23 51 0.0
6 24 52 0.0
6 25 13 0.0
6 26 55 0.0
7 0 0 0.0
7 1 6 0.0
7 2 5 0.0
7 3 8 0.0
7 4 10 0.0
7 5 18 0.0
7 6 17 0.0
7 8 3 -1.223350655788716
7 8 20 -0.34848373746586675
7 9 26 -0.5737884590463493
7 9 15 -0.8287081100335165
7 10 23 0.0
7 11 25 0.0
7 12 28 0.0
7 13 30 0.0
7 14 32 0.0
7 15 40 0.0
7 16 35 0.0
7 17 37 0.0
7 18 39 0.0
7 19 43 0.0
7 20 45 0.0
7 21 46 0.0
7 22 48 0.0
7 23 51 0.0
7 24 52 0.0
7 25 13 0.0
7 26 55 0.0
8 0 0 0.0
8 1 2 0.0
8 2 5 0.0
8 3 8 0.0
8 4 7 -1.143764666695363
8 4 12 -0.3836311238079565
8 5 11 -0.4277370751534109
8 5 14 -1.055503417514999
8 6 17 0.0
8 7 19 0.0
8 9 26 0.0
8 10 23 0.0
8 11 25 0.0
8 12 28 0.0
8 13 30 0.0
8 14 32 0.0
8 15 38 0.0
8 16 35 0.0
8 17 37 0.0
8 18 21 0.0
8 19 43 0.0
8 20 45 0.0
8 21 46 0.0
8 22 41 0.0
8 23 51 0.0
8 24 52 0.0
8 25 49 0.0
8 26 55 0.0
9 0 0 0.0
9 1 6 0.0
9 2 5 0.0
9 3 8 0.0
9 4 12 0.0
9 5 11 -0.6137864570255654
9 5 14 -0.7793531754721881
9 6 17 0.0
9 7 19 0.0
9 8 3 -1.2424990228476498
9 8 20 -0.3406074952763532
9 10 23 0.0
9 11 25 0.0
9 12 28 0.0
9 13 27 0.0
9 14 32 0.0
9 15 40 0.0
9 16 35 0.0
9 17 37 0.0
9 18 39 0.0
9 19 43 0.0
9 20 45 0.0
9 21 46 0.0
9 22 48 0.0
9 23 51 0.0
9 24 52 0.0
9 25 31 0.0
9 26 55 0.0
10 0 0 0.0
10 1 6 0.0
10 2 5 0.0
10 3 8 0.0
10 4 12 0.0
10 5 11 -0.6448613812480425
10 5 14 -0.7438833148517985
10 6 17 0.0
10 7 19 0.0
10 8 3 -1.088505575412013
10 8 20 -0.41055702925181525
10 9 22 0.0
10 11 25 0.0
10 12 28 0.0
10 13 27 0.0
10 14 32 0.0
10 15 40 0.0
10 16 35 0.0
10 17 37 0.0
10 18 39 0.0
10 19 43 0.0
10 20 45 0.0
10 21 46 0.0
10 22 48 0.0
10 23 51 0.0
10 24 52 0.0
10 25 31 0.0
10 26 55 0.0
11 0 0 0.0
11 1 6 0.0
11 2 5 0.0
11 3 8 0.0
11 4 12 0.0
11 5 11 -0.7337586794964847
11 5 14 -0.654120810357231
11 6 17 0.0
11 7 19 0.0
11 8 3 -1.2402332751620504
11 8 20 -0.3415284050512592
11 9 24 0.0
11 10 23 0.0
11 12 28 0.0
11 13 27 0.0
11 14 32 0.0
11 15 40 0.0
11 16 35 0.0
11 17 37 0.0
11 18 39 0.0
11 19 43 0.0
11 20 45 0.0
11 21 46 0.0
11 22 48 0.0
11 23 51 0.0
11 24 52 0.0
11 25 31 0.0
11 26 55 0.0
12 0 0 0.0
12 1 6 0.0
12 2 5 0.0
12 3 8 0.0
12 4 12 0.0
12 5 11 -0.6479265656928688
12 5 14 -0.7405099513368079
12 6 17 0.0
12 7 19 0.0
12 8 3 -1.090438733424379
12 8 20 -0.40957707564140927
12 9 26 0.0
12 10 23 0.0
12 11 25 0.0
12 13 29 0.0
12 14 32 0.0
12 15 40 0.0
12 16 35 0.0
12 17 37 0.0
12 18 39 0.0
12 19 43 0.0
12 20 45 0.0
12 21 46 0.0
12 22 48 0.0
12 23 51 0.0
12 24 52 0.0
12 25 31 0.0
12 26 55 0.0
13 0 0 0.0
13 1 6 0.0
13 2 5 0.0
13 3 8 0.0
13 4 12 0.0
13 5 11 -0.5675729317803535
13 5 14 -0.8367858792648659
13 6 17 0.0
13 7 19 0.0
13 8 3 -1.2424905072588006
13 8 20 -0.3406109509344788
13 9 26 0.0
13 10 23 0.0
13 11 25 0.0
13 12 28 0.0
13 14 32 0.0
13 15 40 0.0
13 16 35 0.0
13 17 37 0.0
13 18 39 0.0
13 19 43 0.0
13 20 45 0.0
13 21 46 0.0
13 22 48 0.0
13 23 51 0.0
13 24 52 0.0
13 25 31 0.0
13 26 55 0.0
14 0 0 0.0
14 1 2 -0.340127313017782
14 1 6 -1.2436833018677724
14 2 5 0.0
14 3 8 0.0
14 4 12 0.0
14 5 11 -0.6956892460307398
14 5 14 -0.6906115608040416
14 6 17 0.0
14 7 19 0.0
14 8 20 0.0
14 9 26 0.0
14 10 23 0.0
14 11 25 0.0
14 12 28 0.0
14 13 30 0.0
14 15 33 0.0
14 16 35 0.0
14 17 37 0.0
14 18 39 0.0
14 19 43 0.0
14 20 45 0.0
14 21 46 0.0
14 22 41 0.0
14 23 51 0.0
14 24 52 0.0
14 25 49 0.0
14 26 55 0.0
15 0 0 0.0
15 1 2 -0.33958825391984593
15 1 6 -1.2450151416830542
15 2 5 0.0
15 3 8 0.0
15 4 12 0.0
15 5 11 -0.4828290253271585
15 5 14 -0.9598124918742418
15 6 17 0.0
15 7 19 0.0
15 8 20 0.0
15 9 26 0.0
15 10 23 0.0
15 11 25 0.0
15 12 28 0.0
15 13 30 0.0
15 14 32 0.0
15 16 35 0.0
15 17 37 0.0
15 18 39 0.0
15 19 43 0.0
15 20 45 0.0
15 21 46 0.0
15 22 41 0.0
15 23 51 0.0
15 24 52 0.0
15 25 49 0.0
15 26 55 0.0
16 0 0 0.0
16 1 2 -0.3424885665912761
16 1 6 -1.2378786217813453
16 2 5 0.0
16 3 8 0.0
16 4 12 0.0
16 5 11 -0.7023656817466519
16 5 14 -0.6840128844833293
16 6 17 0.0
16 7 19 0.0
16 8 20 0.0
16 9 26 0.0
16 10 23 0.0
16 11 25 0.0
16 12 28 0.0
16 13 30 0.0
16 14 32 0.0
16 15 34 0.0
16 17 37 0.0
16 18 39 0.0
16 19 43 0.0
16 20 45 0.0
16 21 46 0.0
16 22 41 0.0
16 23 51 0.0
16 24 52 0.0
16 25 49 0.0
16 26 55 0.0
17 0 0 0.0
17 1 2 -0.3397147245294161
17 1 6 -1.244702450130665
17 2 5 0.0
17 3 8 0.0
17 4 12 0.0
17 5 11 -0.5223004428236758
17 5 14 -0.8993216725703524
17 6 17 0.0
17 7 19 0.0
17 8 20 0.0
17 9 26 0.0
17 10 23 0.0
17 11 25 0.0
17 12 28 0.0
17 13 30 0.0
17 14 32 0.0
17 15 36 0.0
17 16 35 0.0
17 18 39 0.0
17 19 43 0.0
17 20 45 0.0
17 21 46 0.0
17 22 41 0.0
17 23 51 0.0
17 24 52 0.0
17 25 49 0.0
17 26 55 0.0
18 0 0 0.0
18 1 2 -0.3396675459925892
18 1 6 -1.2448190803825558
18 2 5 0.0
18 3 8 0.0
18 4 12 0.0
18 5 11 -0.4950170183178578
18 5 14 -0.9404823371170512
18 6 17 0.0
18 7 19 0.0
18 8 20 0.0
18 9 26 0.0
18 10 23 0.0
18 11 25 0.0
18 12 28 0.0
18 13 30 0.0
18 14 32 0.0
18 15 38 0.0
18 16 35 0.0
18 17 37 0.0
18 19 43 0.0
18 20 45 0.0
18 21 46 0.0
18 22 41 0.0
18 23 51 0.0
18 24 52 0.0
18 25 49 0.0
18 26 55 0.0
19 0 0 0.0
19 1 2 -0.34012531963454556
19 1 6 -1.2436882222821983
19 2 5 0.0
19 3 8 0.0
19 4 12 0.0
19 5 11 -0.6953005636854384
19 5 14 -0.6909984245312094
19 6 17 0.0
19 7 19 0.0
19 8 20 0.0
19 9 26 0.0
19 10 23 0.0
19 11 25 0.0
19 12 28 0.0
19 13 30 0.0
19 14 32 0.0
19 15 38 0.0
19 16 35 0.0
19 17 37 0.0
19 18 42 0.0
19 20 45 0.0
19 21 46 0.0
19 22 41 0.0
19 23 51 0.0
19 24 52 0.0
19 25 49 0.0
19 26 55 0.0
20 0 0 0.0
20 1 2 -0.3401253196345178
20 1 6 -1.2436882222822667
20 2 5 0.0
20 3 8 0.0
20 4 12 0.0
20 5 11 -0.6953005636854703
20 5 14 -0.6909984245311777
20 6 17 0.0
20 7 19 0.0
20 8 20 0.0
20 9 26 0.0
20 10 23 0.0
20 11 25 0.0
20 12 28 0.0
20 13 30 0.0
20 14 32 0.0
20 15 38 0.0
20 16 35 0.0
20 17 37 0.0
20 18 44 0.0
20 19 43 0.0
20 21 46 0.0
20 22 41 0.0
20 23 51 0.0
20 24 52 0.0
20 25 49 0.0
20 26 55 0.0
21 0 0 0.0
21 1 2 -0.33971495374587557
21 1 6 -1.2447018835303616
21 2 5 0.0
21 3 8 0.0
21 4 12 0.0
21 5 11 -0.5219777998781628
21 5 14 -0.8997922516947798
21 6 17 0.0
21 7 19 0.0
21 8 20 0.0
21 9 26 0.0
21 10 23 0.0
21 11 25 0.0
21 12 28 0.0
21 13 30 0.0
21 14 32 0.0
21 15 40 0.0
21 16 35 0.0
21 17 37 0.0
21 18 39 0.0
21 19 43 0.0
21 20 45 0.0
21 22 47 0.0
21 23 51 0.0
21 24 52 0.0
21 25 49 0.0
21 26 55 0.0
22 0 0 0.0
22 1 2 -0.3395930519275507
22 1 6 -1.2450032763693817
22 2 5 0.0
22 3 8 0.0
22 4 12 0.0
22 5 11 -0.4809260568967854
22 5 14 -0.9628862057553218
22 6 17 0.0
22 7 19 0.0
22 8 20 0.0
22 9 26 0.0
22 10 23 0.0
22 11 25 0.0
22 12 28 0.0
22 13 30 0.0
22 14 32 0.0
22 15 40 0.0
22 16 35 0.0
22 17 37 0.0
22 18 39 0.0
22 19 43 0.0
22 20 45 0.0
22 21 46 0.0
22 23 51 0.0
22 24 52 0.0
22 25 49 0.0
22 26 55 0.0
23 0 0 0.0
23 1 2 -0.3397149537325287
23 1 6 -1.2447018835633534
23 2 5 0.0
23 3 8 0.0
23 4 12 0.0
23 5 11 -0.5219779080661356
23 5 14 -0.8997920938385751
23 6 17 0.0
23 7 19 0.0
23 8 20 0.0
23 9 26 0.0
23 10 23 0.0
23 11 25 0.0
23 12 28 0.0
23 13 30 0.0
23 14 32 0.0
23 15 40 0.0
23 16 35 0.0
23 17 37 0.0
23 18 39 0.0
23 19 43 0.0
23 20 45 0.0
23 21 46 0.0
23 22 50 0.0
23 24 52 0.0
23 25 49 0.0
23 26 55 0.0
24 0 0 0.0
24 1 6 0.0
24 2 5 0.0
24 3 8 0.0
24 4 12 0.0
24 5 11 -0.6906844155504154
24 5 14 -0.695616025758124
24 6 17 0.0
24 7 19 0.0
24 8 3 -0.9993273775401186
24 8 20 -0.45906680435836866
24 9 26 0.0
24 10 23 0.0
24 11 25 0.0
24 12 28 0.0
24 13 30 0.0
24 14 32 0.0
24 15 40 0.0
24 16 35 0.0
24 17 37 0.0
24 18 39 0.0
24 19 43 0.0
24 20 45 0.0
24 21 46 0.0
24 22 48 0.0
24 23 51 0.0
24 25 53 0.0
24 26 55 0.0
25 0 0 0.0
25 1 6 0.0
25 2 5 0.0
25 3 8 0.0
25 4 12 0.0
25 5 11 -0.5188564744329172
25 5 14 -0.9043641033965791
25 6 17 0.0
25 7 19 0.0
25 8 3 -1.242516107934015
25 8 20 -0.34060056220852053
25 9 26 0.0
25 10 23 0.0
25 11 25 0.0
25 12 28 0.0
25 13 30 0.0
25 14 32 0.0
25 15 40 0.0
25 16 35 0.0
25 17 37 0.0
25 18 39 0.0
25 19 43 0.0
25 20 45 0.0
25 21 46 0.0
25 22 48 0.0
25 23 51 0.0
25 24 52 0.0
25 26 55 0.0
26 0 0 0.0
26 1 6 0.0
26 2 5 0.0
26 3 8 0.0
26 4 12 0.0
26 5 11 -0.6536853034416037
26 5 14 -0.7342305016910712
26 6 17 0.0
26 7 19 0.0
26 8 3 -1.092938675386885
26 8 20 -0.40831403179372744
26 9 26 0.0
26 10 23 0.0
26 11 25 0.0
26 12 28 0.0
26 13 30 0.0
26 14 32 0.0
26 15 40 0.0
26 16 35 0.0
26 17 37 0.0
26 18 39 0.0
26 19 43 0.0
26 20 45 0.0
26 21 46 0.0
26 22 48 0.0
26 23 51 0.0
26 24 52 0.0
26 25 54 0.0
