0 1 1 0.0
0 2 5 0.0
0 3 7 0.0
0 4 13 0.0
0 5 15 0.0
0 6 17 -0.6031177873652859
0 6 11 -0.7920910442054855
0 7 20 0.0
0 8 24 0.0
0 9 26 0.0
0 10 28 0.0
0 11 32 0.0
0 12 34 0.0
0 13 3 0.0
0 14 38 -1.6109706357630232E-6
0 14 9 -13.338674486708094
0 15 37 0.0
0 16 19 0.0
0 17 41 0.0
0 18 23 0.0
0 19 47 0.0
0 20 49 -2.478031161698918E-4
0 20 45 -8.302999912505308
0 21 43 0.0
0 22 51 -0.9916066393714041
0 22 52 -0.46359251339437707
0 23 31 0.0
0 24 55 0.0
0 25 57 0.0
0 26 59 0.0
0 27 64 -1.5670331062457519
0 27 63 -0.2340317972955738
0 28 66 0.0
0 29 68 0.0
0 30 61 0.0
1 0 0 0.0
1 2 5 0.0
1 3 7 0.0
1 4 13 0.0
1 5 15 0.0
1 6 17 -0.29329680136403524
1 6 11 -1.3696368831105912
1 7 20 -0.595969005615081
1 7 22 -0.8007955502759854
1 8 24 0.0
1 9 26 0.0
1 10 28 0.0
1 11 32 0.0
1 12 34 0.0
1 13 3 0.0
1 14 9 0.0
1 15 37 -0.6581864519549268
1 15 39 -0.7293745790950271
1 16 19 0.0
1 17 41 0.0
1 18 46 0.0
1 19 48 0.0
1 20 45 0.0
1 21 43 0.0
1 22 51 0.0
1 23 56 -0.4632419506219262
1 23 31 -0.9922013212014571
1 24 55 -1.3588029066837233
1 24 58 -0.29701644625544715
1 25 53 0.0
1 26 62 0.0
1 27 64 0.0
1 28 66 0.0
1 29 68 0.0
1 30 61 0.0
2 0 0 0.0
2 1 4 0.0
2 3 7 0.0
2 4 13 0.0
2 5 15 0.0
2 6 17 -0.29326021799767443
2 6 11 -1.369744223576724
2 7 20 -0.37887146473157096
2 7 22 -1.1540201623667956
2 8 24 0.0
2 9 26 0.0
2 10 28 0.0
2 11 32 0.0
2 12 34 -0.656489441349296
2 12 36 -0.7312000127286571
2 13 3 0.0
2 14 9 0.0
2 15 39 0.0
2 16 19 0.0
2 17 41 0.0
2 18 46 0.0
2 19 48 0.0
2 20 45 0.0
2 21 43 0.0
2 22 51 0.0
2 23 56 -0.8563741863106097
2 23 31 -0.5528621995306165
2 24 55 -1.3592683070320835
2 24 58 -0.29685554378698115
2 25 53 0.0
2 26 62 0.0
2 27 64 0.0
2 28 66 0.0
2 29 68 0.0
2 30 61 0.0
3 0 0 0.0
3 1 4 0.0
3 2 6 0.0
3 4 13 0.0
3 5 15 0.0
3 6 17 -0.29325804959212165
3 6 11 -1.3697505864522406
3 7 20 -0.3789362752989405
3 7 22 -1.1538794785952604
3 8 24 0.0
3 9 26 0.0
3 10 28 0.0
3 11 32 0.0
3 12 34 -0.6564892813571325
3 12 36 -0.731200185131798
3 13 3 0.0
3 14 9 0.0
3 15 39 0.0
3 16 19 0.0
3 17 41 0.0
3 18 46 0.0
3 19 48 0.0
3 20 45 0.0
3 21 43 0.0
3 22 51 0.0
3 23 56 -0.8563726211562299
3 23 31 -0.5528633549620826
3 24 55 -1.359268618014002
3 24 58 -0.2968554363051526
3 25 53 0.0
3 26 62 0.0
3 27 64 0.0
3 28 66 0.0
3 29 68 0.0
3 30 61 0.0
4 0 0 0.0
4 1 4 0.0
4 2 6 0.0
4 3 12 0.0
4 5 15 0.0
4 6 17 -1.3039622125019056E-5
4 6 11 -11.24752449983009
4 7 22 0.0
4 8 21 0.0
4 9 25 -1.744311725640598
4 9 26 -0.1920873682929049
4 10 28 -0.4032886502246022
4 10 30 -1.1029794670995126
4 11 32 0.0
4 12 34 -0.6613910473155162
4 12 36 -0.7259449340357043
4 13 3 0.0
4 14 9 0.0
4 15 39 0.0
4 16 19 0.0
4 17 41 0.0
4 18 46 0.0
4 19 48 0.0
4 20 45 0.0
4 21 43 0.0
4 22 51 0.0
4 23 56 0.0
4 24 55 -1.5669362266687346
4 24 58 -0.23405734451898522
4 25 53 0.0
4 26 62 0.0
4 27 64 0.0
4 28 66 0.0
4 29 68 0.0
4 30 61 0.0
5 0 0 0.0
5 1 4 0.0
5 2 6 -0.07392786003214452
5 2 10 -2.6414017440640905
5 3 12 0.0
5 4 14 0.0
5 6 17 0.0
5 7 22 0.0
5 8 21 0.0
5 9 25 -1.8049058151504287
5 9 26 -0.17971290026937198
5 10 28 -0.38655139680247785
5 10 30 -1.1375479562510713
5 11 32 0.0
5 12 34 -0.6586404194164739
5 12 36 -0.7288873458015968
5 13 3 0.0
5 14 9 0.0
5 15 39 0.0
5 16 19 0.0
5 17 41 0.0
5 18 46 0.0
5 19 48 0.0
5 20 45 0.0
5 21 43 0.0
5 22 51 0.0
5 23 56 0.0
5 24 55 -1.7689457763041563
5 24 58 -0.18694742273460005
5 25 53 0.0
5 26 62 0.0
5 27 64 0.0
5 28 66 0.0
5 29 68 0.0
5 30 61 0.0
6 0 0 0.0
6 1 4 0.0
6 2 10 0.0
6 3 7 -1.370037934941981
6 3 12 -0.29316014332452095
6 4 14 0.0
6 5 16 0.0
6 7 22 0.0
6 8 21 0.0
6 9 25 -0.32045090599467063
6 9 26 -1.2939766029745905
6 10 30 0.0
6 11 29 0.0
6 12 33 -0.46354486267111933
6 12 34 -0.9916874393062903
6 13 3 0.0
6 14 9 0.0
6 15 37 -0.3929407507818475
6 15 39 -1.1241416380919138
6 16 19 0.0
6 17 41 0.0
6 18 46 0.0
6 19 48 0.0
6 20 45 0.0
6 21 43 0.0
6 22 51 0.0
6 23 56 0.0
6 24 55 -1.566945326094931
6 24 58 -0.2340549448597919
6 25 53 0.0
6 26 62 0.0
6 27 64 0.0
6 28 66 0.0
6 29 68 0.0
6 30 61 0.0
7 0 2 0.0
7 1 1 0.0
7 2 5 -0.7114087831496658
7 2 8 -1.15657021907049
7 2 10 -1.637401683509463
7 3 7 -0.1386094203427064
7 3 12 -2.044599541186748
7 4 14 0.0
7 5 16 0.0
7 6 18 0.0
7 8 21 0.0
7 9 25 0.0
7 10 27 0.0
7 11 29 0.0
7 12 33 0.0
7 13 35 0.0
7 14 38 0.0
7 15 37 0.0
7 16 40 0.0
7 17 44 0.0
7 18 23 0.0
7 19 47 0.0
7 20 49 0.0
7 21 43 0.0
7 22 51 -0.195475898243108
7 22 52 -1.7284645277996085
7 23 31 0.0
7 24 55 0.0
7 25 57 0.0
7 26 59 0.0
7 27 64 -1.5670339799049644
7 27 63 -0.23403156692515684
7 28 66 0.0
7 29 68 0.0
7 30 61 0.0
8 0 2 0.0
8 1 1 0.0
8 2 5 -0.7107845127515627
8 2 8 -1.1557246265856342
8 2 10 -1.6403506665956626
8 3 7 -0.1382076413657319
8 3 12 -2.047306134755502
8 4 14 0.0
8 5 16 0.0
8 6 18 0.0
8 7 20 0.0
8 9 25 0.0
8 10 27 0.0
8 11 29 0.0
8 12 33 0.0
8 13 35 0.0
8 14 38 0.0
8 15 37 0.0
8 16 40 0.0
8 17 44 0.0
8 18 23 0.0
8 19 47 0.0
8 20 49 0.0
8 21 43 0.0
8 22 51 -0.19656368055307888
8 22 52 -1.7234412977298859
8 23 31 0.0
8 24 55 0.0
8 25 57 0.0
8 26 59 0.0
8 27 64 -1.5670336050998486
8 27 63 -0.2340316657554357
8 28 66 0.0
8 29 68 0.0
8 30 61 0.0
9 0 2 0.0
9 1 1 0.0
9 2 5 -1.0148399414118578
9 2 8 -0.6638474450228643
9 2 10 -2.098233310342541
9 3 7 0.0
9 4 13 -0.4118539567120393
9 4 14 -1.0859557549586025
9 5 16 0.0
9 6 18 0.0
9 7 20 0.0
9 8 24 0.0
9 10 27 0.0
9 11 29 0.0
9 12 33 0.0
9 13 35 0.0
9 14 38 0.0
9 15 37 0.0
9 16 42 0.0
9 17 41 -1.2939761156841538
9 17 44 -0.3204510900681389
9 18 23 0.0
9 19 47 0.0
9 20 49 0.0
9 21 50 0.0
9 22 52 0.0
9 23 31 0.0
9 24 55 0.0
9 25 57 0.0
9 26 59 0.0
9 27 64 -1.5670390939179875
9 27 63 -0.23403021844414956
9 28 66 0.0
9 29 68 0.0
9 30 61 0.0
10 0 2 0.0
10 1 1 0.0
10 2 5 -1.0148813267879477
10 2 8 -0.6638453674660801
10 2 10 -2.098119758061792
10 3 7 0.0
10 4 13 -0.41184525709970377
10 4 14 -1.0859728261639983
10 5 16 0.0
10 6 18 0.0
10 7 20 0.0
10 8 24 0.0
10 9 26 0.0
10 11 29 0.0
10 12 33 0.0
10 13 35 0.0
10 14 38 0.0
10 15 37 0.0
10 16 42 0.0
10 17 41 -1.2939744908416355
10 17 44 -0.3204517038516464
10 18 23 0.0
10 19 47 0.0
10 20 49 0.0
10 21 50 0.0
10 22 52 0.0
10 23 31 0.0
10 24 55 0.0
10 25 57 0.0
10 26 59 0.0
10 27 64 -1.567038056886837
10 27 63 -0.23403049189147987
10 28 66 0.0
10 29 68 0.0
10 30 61 0.0
11 0 2 0.0
11 1 1 0.0
11 2 5 -0.6588215931486007
11 2 8 -0.7286930239923476
11 3 7 0.0
11 4 13 0.0
11 5 15 0.0
11 6 17 -0.9222601949764127
11 6 18 -0.9744234353657625
11 6 11 -1.491784749823861
11 7 20 0.0
11 8 24 0.0
11 9 26 0.0
11 10 28 0.0
11 12 33 0.0
11 13 35 0.0
11 14 38 0.0
11 15 37 0.0
11 16 42 0.0
11 17 41 -1.293988637384649
11 17 44 -0.32044636004768284
11 18 23 0.0
11 19 47 0.0
11 20 49 0.0
11 21 50 0.0
11 22 52 0.0
11 23 31 0.0
11 24 55 0.0
11 25 57 0.0
11 26 59 0.0
11 27 64 -1.5670326472267617
11 27 63 -0.23403191833188144
11 28 66 0.0
11 29 68 0.0
11 30 61 0.0
12 0 2 0.0
12 1 1 0.0
12 2 5 -0.6588235962703733
12 2 8 -0.7286908759085122
12 3 7 0.0
12 4 13 0.0
12 5 15 0.0
12 6 17 -0.9200472476994582
12 6 18 -0.9766294188016805
12 6 11 -1.4920036581455869
12 7 20 0.0
12 8 24 0.0
12 9 26 0.0
12 10 28 0.0
12 11 32 0.0
12 13 35 0.0
12 14 38 0.0
12 15 37 0.0
12 16 42 0.0
12 17 41 -1.2939889164966647
12 17 44 -0.3204462546152054
12 18 23 0.0
12 19 47 0.0
12 20 49 0.0
12 21 50 0.0
12 22 52 0.0
12 23 31 0.0
12 24 55 0.0
12 25 57 0.0
12 26 59 0.0
12 27 64 -1.5670329745289988
12 27 63 -0.23403183202726574
12 28 66 0.0
12 29 68 0.0
12 30 61 0.0
13 0 2 0.0
13 1 1 0.0
13 2 5 -0.6588345470801571
13 2 8 -0.7286791327673532
13 3 7 0.0
13 4 13 0.0
13 5 15 0.0
13 6 17 -0.29710796909166104
13 6 11 -1.3585383125935073
13 7 20 0.0
13 8 24 0.0
13 9 26 0.0
13 10 28 0.0
13 11 32 0.0
13 12 34 0.0
13 14 38 0.0
13 15 37 0.0
13 16 19 0.0
13 17 41 -0.192082658555969
13 17 44 -1.7443339651383523
13 18 23 0.0
13 19 47 0.0
13 20 49 0.0
13 21 43 0.0
13 22 51 -0.40250768441497126
13 22 52 -1.1045535051643525
13 23 31 0.0
13 24 55 0.0
13 25 57 0.0
13 26 59 0.0
13 27 64 -1.567033366155253
13 27 63 -0.23403172876143308
13 28 66 0.0
13 29 68 0.0
13 30 61 0.0
14 0 0 -11.235345871418538
14 0 2 -1.3199398841398502E-5
14 1 4 0.0
14 2 8 0.0
14 3 7 0.0
14 4 13 0.0
14 5 15 0.0
14 6 17 -0.29709428452068387
14 6 11 -1.3585778689323698
14 7 20 0.0
14 8 24 0.0
14 9 26 0.0
14 10 28 0.0
14 11 32 0.0
14 12 36 0.0
14 13 35 0.0
14 15 39 0.0
14 16 19 0.0
14 17 41 0.0
14 18 23 0.0
14 19 47 0.0
14 20 49 -0.0366674067123583
14 20 45 -3.32414470220123
14 21 43 0.0
14 22 51 -0.5522637776738534
14 22 52 -0.8571853847717139
14 23 31 0.0
14 24 55 0.0
14 25 57 0.0
14 26 59 0.0
14 27 64 -1.56703276905826
14 27 63 -0.2340318862067664
14 28 66 0.0
14 29 68 0.0
14 30 61 0.0
15 0 2 0.0
15 1 1 -0.6583209369898889
15 1 4 -0.7292301914561692
15 2 8 0.0
15 3 7 0.0
15 4 13 0.0
15 5 15 0.0
15 6 17 -1.1417297504955535
15 6 18 -0.859029697254237
15 6 11 -1.3580535913644842
15 7 20 0.0
15 8 24 0.0
15 9 26 0.0
15 10 28 0.0
15 11 32 0.0
15 12 36 0.0
15 13 35 0.0
15 14 38 0.0
15 16 42 0.0
15 17 41 -1.2939857454898747
15 17 44 -0.3204474524416996
15 18 23 0.0
15 19 47 0.0
15 20 49 0.0
15 21 50 0.0
15 22 52 0.0
15 23 31 0.0
15 24 55 0.0
15 25 57 0.0
15 26 59 0.0
15 27 64 -1.5670330149001512
15 27 63 -0.23403182138200995
15 28 66 0.0
15 29 68 0.0
15 30 61 0.0
16 0 0 0.0
16 1 4 0.0
16 2 10 0.0
16 3 7 -1.3700391079189802
16 3 12 -0.29315974374145753
16 4 14 0.0
16 5 16 0.0
16 6 18 0.0
16 7 22 0.0
16 8 21 0.0
16 9 25 -0.3204509015854577
16 9 26 -1.29397661464693
16 10 30 0.0
16 11 29 0.0
16 12 33 0.0
16 13 3 -0.9916336708266976
16 13 35 -0.46357657125966656
16 14 9 0.0
16 15 37 -0.856462502444814
16 15 39 -0.5527970077060734
16 17 41 0.0
16 18 46 0.0
16 19 48 0.0
16 20 45 0.0
16 21 43 0.0
16 22 51 0.0
16 23 56 0.0
16 24 55 -1.566945187839923
16 24 58 -0.23405498131956587
16 25 53 0.0
16 26 62 0.0
16 27 64 0.0
16 28 66 0.0
16 29 68 0.0
16 30 61 0.0
17 0 0 0.0
17 1 4 0.0
17 2 10 0.0
17 3 7 -1.3700396685299019
17 3 12 -0.29315955276553124
17 4 14 0.0
17 5 16 0.0
17 6 18 0.0
17 7 22 0.0
17 8 21 0.0
17 9 25 -0.3204508475442405
17 9 26 -1.293976757708178
17 10 30 0.0
17 11 29 0.0
17 12 33 0.0
17 13 3 -0.9916334981953314
17 13 35 -0.46357667306897365
17 14 9 0.0
17 15 37 -0.8564626802222141
17 15 39 -0.5527968764872211
17 16 40 0.0
17 18 46 0.0
17 19 48 0.0
17 20 45 0.0
17 21 43 0.0
17 22 51 0.0
17 23 56 0.0
17 24 55 -1.5669453185515034
17 24 58 -0.23405494684909864
17 25 53 0.0
17 26 62 0.0
17 27 64 0.0
17 28 66 0.0
17 29 68 0.0
17 30 61 0.0
18 0 2 0.0
18 1 1 -0.5962547731921207
18 1 4 -0.8004449358337107
18 2 10 0.0
18 3 7 -1.3703558438677315
18 3 12 -0.2930518683485793
18 4 14 0.0
18 5 16 0.0
18 6 18 0.0
18 7 22 0.0
18 8 21 0.0
18 9 25 0.0
18 10 27 0.0
18 11 29 0.0
18 12 33 0.0
18 13 35 0.0
18 14 38 -0.024341960761265644
18 14 9 -3.727699929216301
18 15 37 0.0
18 16 40 0.0
18 17 44 0.0
18 19 47 0.0
18 20 49 0.0
18 21 43 0.0
18 22 51 0.0
18 23 31 0.0
18 24 55 0.0
18 25 53 -0.32039860781702795
18 25 57 -1.2941150631305471
18 26 59 -0.2962440498298808
18 26 62 -1.3610396781234617
18 27 64 0.0
18 28 66 0.0
18 29 68 0.0
18 30 61 0.0
19 0 0 -8.797598263899994
19 0 2 -1.5110694733088642E-4
19 1 4 0.0
19 2 10 0.0
19 3 7 -1.370303387192088
19 3 12 -0.2930697311208794
19 4 14 0.0
19 5 16 0.0
19 6 18 0.0
19 7 22 0.0
19 8 21 0.0
19 9 25 0.0
19 10 27 0.0
19 11 29 0.0
19 12 33 0.0
19 13 35 0.0
19 14 38 -0.022215870925971642
19 14 9 -3.8180357101284397
19 15 37 0.0
19 16 40 0.0
19 17 44 0.0
19 18 46 0.0
19 20 49 0.0
19 21 43 0.0
19 22 51 0.0
19 23 31 0.0
19 24 55 0.0
19 25 53 -0.3203828125206254
19 25 57 -1.2941568865921447
19 26 59 -0.29623504994949756
19 26 62 -1.3610657804504205
19 27 64 0.0
19 28 66 0.0
19 29 68 0.0
19 30 61 0.0
20 0 0 -8.790974586302704
20 0 2 -1.5211122950841005E-4
20 1 4 0.0
20 2 10 0.0
20 3 7 -1.370304484338665
20 3 12 -0.2930693575029578
20 4 14 0.0
20 5 16 0.0
20 6 18 0.0
20 7 22 0.0
20 8 21 0.0
20 9 25 0.0
20 10 27 0.0
20 11 29 0.0
20 12 33 0.0
20 13 35 0.0
20 14 38 -0.023300689713814292
20 14 9 -3.770900040600715
20 15 37 0.0
20 16 40 0.0
20 17 44 0.0
20 18 46 0.0
20 19 48 0.0
20 21 43 0.0
20 22 51 0.0
20 23 31 0.0
20 24 55 0.0
20 25 53 -0.32037151729530894
20 25 57 -1.2941867960508315
20 26 59 -0.29623041004057293
20 26 62 -1.3610792379227716
20 27 64 0.0
20 28 66 0.0
20 29 68 0.0
20 30 61 0.0
21 0 0 0.0
21 1 4 0.0
21 2 10 0.0
21 3 7 -1.3700400822033216
21 3 12 -0.29315941184495714
21 4 14 0.0
21 5 16 0.0
21 6 18 0.0
21 7 22 0.0
21 8 21 -0.20051706934281513
21 8 24 -1.7054397019872682
21 9 26 0.0
21 10 30 0.0
21 11 29 0.0
21 12 33 0.0
21 13 3 -0.9916356209320321
21 13 35 -0.46357542118744804
21 14 9 0.0
21 15 37 -0.8564621283134393
21 15 39 -0.5527972838554214
21 16 42 0.0
21 17 41 0.0
21 18 46 0.0
21 19 48 0.0
21 20 45 0.0
21 22 51 0.0
21 23 56 0.0
21 24 55 -1.5669449959807717
21 24 58 -0.23405503191551047
21 25 53 0.0
21 26 62 0.0
21 27 64 0.0
21 28 66 0.0
21 29 68 0.0
21 30 61 0.0
22 0 0 0.0
22 1 4 0.0
22 2 10 0.0
22 3 7 -1.3700407647650523
22 3 12 -0.29315917932597996
22 4 14 0.0
22 5 16 0.0
22 6 18 0.0
22 7 22 0.0
22 8 21 -0.20708316557933248
22 8 24 -1.6763902113182763
22 9 26 0.0
22 10 30 0.0
22 11 29 0.0
22 12 33 0.0
22 13 3 -0.9916380553001557
22 13 35 -0.46357398552684953
22 14 38 -0.8564736210847219
22 14 9 -0.5527888010313525
22 15 37 0.0
22 16 42 0.0
22 17 41 0.0
22 18 46 0.0
22 19 48 0.0
22 20 45 0.0
22 21 50 0.0
22 23 56 0.0
22 24 55 -1.5669445278608356
22 24 58 -0.23405515536534424
22 25 53 0.0
22 26 62 0.0
22 27 64 0.0
22 28 66 0.0
22 29 68 0.0
22 30 61 0.0
23 0 2 0.0
23 1 1 0.0
23 2 5 -1.0149470890764383
23 2 8 -0.6638903422637001
23 2 10 -2.0977368238391043
23 3 7 0.0
23 4 13 -0.41183451720739206
23 4 14 -1.0859939016073161
23 5 16 0.0
23 6 18 0.0
23 7 20 0.0
23 8 24 0.0
23 9 26 0.0
23 10 30 0.0
23 11 29 0.0
23 12 33 0.0
23 13 35 0.0
23 14 38 0.0
23 15 37 0.0
23 16 42 0.0
23 17 41 -1.293973909245451
23 17 44 -0.3204519235496691
23 18 23 0.0
23 19 47 0.0
23 20 49 0.0
23 21 50 0.0
23 22 52 0.0
23 24 55 0.0
23 25 57 0.0
23 26 59 0.0
23 27 64 -1.567036877460918
23 27 63 -0.2340308028863042
23 28 66 0.0
23 29 68 0.0
23 30 61 0.0
24 0 2 0.0
24 1 1 0.0
24 2 5 -1.074707500686051
24 2 8 -0.734310010736513
24 2 10 -1.7216777365004283
24 3 7 0.0
24 4 13 -0.3013082152933899
24 4 14 -1.3464957557773123
24 5 16 0.0
24 6 18 0.0
24 7 20 0.0
24 8 24 0.0
24 9 26 0.0
24 10 30 0.0
24 11 29 0.0
24 12 33 0.0
24 13 35 0.0
24 14 38 0.0
24 15 37 0.0
24 16 42 0.0
24 17 41 -1.3084161916380723
24 17 44 -0.3150501698897182
24 18 23 0.0
24 19 47 0.0
24 20 49 0.0
24 21 50 0.0
24 22 52 0.0
24 23 54 0.0
24 25 57 0.0
24 26 59 0.0
24 27 63 0.0
24 28 65 0.0
24 29 67 -0.2340555843364973
24 29 68 -1.566942901210747
24 30 61 0.0
25 0 0 -0.9917461112396079
25 0 2 -0.4635102654880801
25 1 4 0.0
25 2 10 0.0
25 3 7 -1.3700424413239896
25 3 12 -0.2931586081964618
25 4 14 0.0
25 5 16 0.0
25 6 18 0.0
25 7 20 0.0
25 8 24 0.0
25 9 26 0.0
25 10 30 0.0
25 11 29 0.0
25 12 33 0.0
25 13 35 0.0
25 14 38 -0.8564472799775317
25 14 9 -0.5528082436754267
25 15 37 0.0
25 16 42 0.0
25 17 41 0.0
25 18 23 -1.388892136880156
25 18 46 -0.2868176446902233
25 19 48 0.0
25 20 45 0.0
25 21 50 0.0
25 22 52 0.0
25 23 56 0.0
25 24 55 -1.5669407950602527
25 24 58 -0.23405613976015155
25 26 62 0.0
25 27 64 0.0
25 28 66 0.0
25 29 68 0.0
25 30 61 0.0
26 0 0 -2.595368025072676
26 0 2 -0.07754909634766202
26 1 4 0.0
26 2 10 0.0
26 3 7 -1.370034549761747
26 3 12 -0.29316129651407374
26 4 14 0.0
26 5 16 0.0
26 6 18 0.0
26 7 20 0.0
26 8 24 0.0
26 9 26 0.0
26 10 30 0.0
26 11 29 0.0
26 12 33 0.0
26 13 35 0.0
26 14 38 -0.09735308398868625
26 14 9 -2.377692540497243
26 15 37 0.0
26 16 42 0.0
26 17 41 0.0
26 18 23 -0.14507378604274057
26 18 46 -2.0021729100289454
26 19 48 0.0
26 20 45 0.0
26 21 50 0.0
26 22 52 0.0
26 23 54 -0.23403934019929576
26 23 56 -1.5670045009904792
26 24 58 0.0
26 25 60 0.0
26 27 63 0.0
26 28 65 0.0
26 29 67 0.0
26 30 69 0.0
27 0 0 -2.5958634859404888
27 0 2 -0.07750915541193483
27 1 4 0.0
27 2 10 0.0
27 3 7 -1.3700369259561902
27 3 12 -0.2931604870433009
27 4 14 0.0
27 5 16 0.0
27 6 18 0.0
27 7 20 0.0
27 8 24 0.0
27 9 26 0.0
27 10 30 0.0
27 11 29 0.0
27 12 33 0.0
27 13 35 0.0
27 14 38 -0.09735289939388608
27 14 9 -2.3776943458361353
27 15 37 0.0
27 16 42 0.0
27 17 41 0.0
27 18 23 -0.1447590359913201
27 18 46 -2.0041912776463455
27 19 48 0.0
27 20 45 0.0
27 21 50 0.0
27 22 52 0.0
27 23 54 -0.23403925149414614
27 23 56 -1.5670048373845555
27 24 58 0.0
27 25 60 0.0
27 26 62 0.0
27 28 65 0.0
27 29 67 0.0
27 30 69 0.0
28 0 0 -0.9917476134733729
28 0 2 -0.46350937970559675
28 1 4 0.0
28 2 10 0.0
28 3 7 -1.3700419566956215
28 3 12 -0.29315877328779183
28 4 14 0.0
28 5 16 0.0
28 6 18 0.0
28 7 20 0.0
28 8 24 0.0
28 9 26 0.0
28 10 30 0.0
28 11 29 0.0
28 12 33 0.0
28 13 35 0.0
28 14 38 -0.8564464950795376
28 14 9 -0.552808823030424
28 15 37 0.0
28 16 42 0.0
28 17 41 0.0
28 18 23 -1.38775861386111
28 18 46 -0.28719446426990247
28 19 48 0.0
28 20 45 0.0
28 21 50 0.0
28 22 52 0.0
28 23 56 0.0
28 24 55 -1.5669475681159184
28 24 58 -0.23405435360847515
28 25 60 0.0
28 26 62 0.0
28 27 64 0.0
28 29 67 0.0
28 30 69 0.0
29 0 0 -0.991747344760819
29 0 2 -0.46350953815007134
29 1 4 0.0
29 2 10 0.0
29 3 7 -1.3700420994109852
29 3 12 -0.29315872467100385
29 4 14 0.0
29 5 16 0.0
29 6 18 0.0
29 7 20 0.0
29 8 24 0.0
29 9 26 0.0
29 10 30 0.0
29 11 29 0.0
29 12 33 0.0
29 13 35 0.0
29 14 38 -0.8564464952333117
29 14 9 -0.552808822916919
29 15 37 0.0
29 16 42 0.0
29 17 41 0.0
29 18 23 -1.3878680880837468
29 18 46 -0.2871580466756381
29 19 48 0.0
29 20 45 0.0
29 21 50 0.0
29 22 52 0.0
29 23 56 0.0
29 24 55 -1.566944785377189
29 24 58 -0.23405508745463852
29 25 60 0.0
29 26 62 0.0
29 27 64 0.0
29 28 66 0.0
29 30 69 0.0
30 0 0 -0.9917466644566147
30 0 2 -0.4635099392869821
30 1 4 0.0
30 2 10 0.0
30 3 7 -1.3700422565224954
30 3 12 -0.29315867115009886
30 4 14 0.0
30 5 16 0.0
30 6 18 0.0
30 7 20 0.0
30 8 24 0.0
30 9 26 0.0
30 10 30 0.0
30 11 29 0.0
30 12 33 0.0
30 13 35 0.0
30 14 38 -0.856446906423845
30 14 9 -0.5528085194056734
30 15 37 0.0
30 16 42 0.0
30 17 41 0.0
30 18 23 -1.388134948594123
30 18 46 -0.2870692953607261
30 19 48 0.0
30 20 45 0.0
30 21 50 0.0
30 22 52 0.0
30 23 56 0.0
30 24 55 -1.5669411666320994
30 24 58 -0.23405604177094336
30 25 60 0.0
30 26 62 0.0
30 27 64 0.0
30 28 66 0.0
30 29 68 0.0
