0 1 1 0.0
0 2 5 0.0
0 3 7 0.0
0 4 13 0.0
0 5 15 0.0
0 6 17 -0.29504163615689716
0 6 11 -1.364535173361613
0 7 20 0.0
0 8 24 0.0
0 9 26 0.0
0 10 28 0.0
0 11 32 0.0
0 12 34 0.0
0 13 3 0.0
0 14 38 -6.697752484377613E-4
0 14 9 -7.308903220880578
0 15 37 0.0
0 16 19 0.0
0 17 41 0.0
0 18 23 0.0
0 19 47 0.0
0 20 49 -9.504742479553711E-5
0 20 45 -9.261182105888391
0 21 43 0.0
0 22 51 -0.8480383911541781
0 22 52 -0.5590607495164459
0 23 31 0.0
0 24 55 0.0
0 25 57 0.0
0 26 59 0.0
0 27 64 -1.7143957224566015
0 27 63 -0.19853935923255092
0 28 66 0.0
0 29 68 0.0
0 30 61 0.0
1 0 0 0.0
1 2 5 0.0
1 3 7 0.0
1 4 13 0.0
1 5 15 0.0
1 6 17 -0.13502293843662871
1 6 11 -2.069062552146192
1 7 20 -1.3307802423367012
1 7 22 -0.30689341477143844
1 8 24 0.0
1 9 26 0.0
1 10 28 0.0
1 11 32 0.0
1 12 34 0.0
1 13 3 0.0
1 14 9 0.0
1 15 37 -0.7520859148113299
1 15 39 -0.6374897232340265
1 16 19 0.0
1 17 41 0.0
1 18 46 0.0
1 19 48 0.0
1 20 45 0.0
1 21 43 0.0
1 22 51 0.0
1 23 56 -0.6723737573966342
1 23 31 -0.714361309995275
1 24 55 -3.8670136586316293
1 24 58 -0.021142692576781114
1 25 53 0.0
1 26 62 0.0
1 27 64 0.0
1 28 66 0.0
1 29 68 0.0
1 30 61 0.0
2 0 0 0.0
2 1 4 0.0
2 3 7 0.0
2 4 13 0.0
2 5 15 0.0
2 6 17 -0.13548149373264795
2 6 11 -2.065896287960961
2 7 20 -0.5736078109809926
2 7 22 -0.8289412589315357
2 8 24 0.0
2 9 26 0.0
2 10 28 0.0
2 11 32 0.0
2 12 34 -0.7520172479854518
2 12 36 -0.637550959216068
2 13 3 0.0
2 14 9 0.0
2 15 39 0.0
2 16 19 0.0
2 17 41 0.0
2 18 46 0.0
2 19 48 0.0
2 20 45 0.0
2 21 43 0.0
2 22 51 0.0
2 23 56 -2.3859264090931434
2 23 31 -0.0965149830058718
2 24 55 -4.486623617195668
2 24 58 -0.011322450737425523
2 25 53 0.0
2 26 62 0.0
2 27 64 0.0
2 28 66 0.0
2 29 68 0.0
2 30 61 0.0
3 0 0 0.0
3 1 4 0.0
3 2 6 0.0
3 4 13 0.0
3 5 15 0.0
3 6 17 -0.13539946495087432
3 6 11 -2.0664618436432707
3 7 20 -0.5736081254437904
3 7 22 -0.8289408529941736
3 8 24 0.0
3 9 26 0.0
3 10 28 0.0
3 11 32 0.0
3 12 34 -0.7520177906005582
3 12 36 -0.6375504752893733
3 13 3 0.0
3 14 9 0.0
3 15 39 0.0
3 16 19 0.0
3 17 41 0.0
3 18 46 0.0
3 19 48 0.0
3 20 45 0.0
3 21 43 0.0
3 22 51 0.0
3 23 56 -2.38591790959494
3 23 31 -0.09651584423075618
3 24 55 -4.466014809994291
3 24 58 -0.01155958187105024
3 25 53 0.0
3 26 62 0.0
3 27 64 0.0
3 28 66 0.0
3 29 68 0.0
3 30 61 0.0
4 0 0 0.0
4 1 4 0.0
4 2 6 0.0
4 3 12 0.0
4 5 15 0.0
4 6 17 -0.06425139311593353
4 6 11 -2.776905565115458
4 7 22 0.0
4 8 21 0.0
4 9 25 -0.9808340146809543
4 9 26 -0.4700007722550819
4 10 28 -0.10368678575487421
4 10 30 -2.317776076267937
4 11 32 0.0
4 12 34 -0.7520244771705578
4 12 36 -0.6375445119692308
4 13 3 0.0
4 14 9 0.0
4 15 39 0.0
4 16 19 0.0
4 17 41 0.0
4 18 46 0.0
4 19 48 0.0
4 20 45 0.0
4 21 43 0.0
4 22 51 0.0
4 23 56 0.0
4 24 55 -2.961457169575848
4 24 58 -0.053130204907891596
4 25 53 0.0
4 26 62 0.0
4 27 64 0.0
4 28 66 0.0
4 29 68 0.0
4 30 61 0.0
5 0 0 0.0
5 1 4 0.0
5 2 6 -0.05031853069596717
5 2 10 -3.014435635690387
5 3 12 0.0
5 4 14 0.0
5 6 17 0.0
5 7 22 0.0
5 8 21 0.0
5 9 25 -0.9806483894211292
5 9 26 -0.47011216310376286
5 10 28 -0.10360243191293547
5 10 30 -2.3185485036589233
5 11 32 0.0
5 12 34 -0.752024469644749
5 12 36 -0.6375445186809713
5 13 3 0.0
5 14 9 0.0
5 15 39 0.0
5 16 19 0.0
5 17 41 0.0
5 18 46 0.0
5 19 48 0.0
5 20 45 0.0
5 21 43 0.0
5 22 51 0.0
5 23 56 0.0
5 24 55 -2.9619370292401666
5 24 58 -0.05310402705558951
5 25 53 0.0
5 26 62 0.0
5 27 64 0.0
5 28 66 0.0
5 29 68 0.0
5 30 61 0.0
6 0 0 0.0
6 1 4 0.0
6 2 10 0.0
6 3 7 -2.0836198145088285
6 3 12 -0.13293591909811622
6 4 14 0.0
6 5 16 0.0
6 7 22 0.0
6 8 21 0.0
6 9 25 -0.4459542682208912
6 9 26 -1.0222432268114476
6 10 30 0.0
6 11 29 0.0
6 12 33 -0.5632652345133984
6 12 34 -0.8424525572618629
6 13 3 0.0
6 14 9 0.0
6 15 37 -0.5925128968244417
6 15 39 -0.8050536659326998
6 16 19 0.0
6 17 41 0.0
6 18 46 0.0
6 19 48 0.0
6 20 45 0.0
6 21 43 0.0
6 22 51 0.0
6 23 56 0.0
6 24 55 -2.96417777785103
6 24 58 -0.052981962372919966
6 25 53 0.0
6 26 62 0.0
6 27 64 0.0
6 28 66 0.0
6 29 68 0.0
6 30 61 0.0
7 0 2 0.0
7 1 1 0.0
7 2 5 -1.2006846639345115
7 2 8 -0.6571991355864344
7 2 10 -1.7108565402202416
7 3 7 -0.2720072907799729
7 3 12 -1.4348491207120015
7 4 14 0.0
7 5 16 0.0
7 6 18 0.0
7 8 21 0.0
7 9 25 0.0
7 10 27 0.0
7 11 29 0.0
7 12 33 0.0
7 13 35 0.0
7 14 38 0.0
7 15 37 0.0
7 16 40 0.0
7 17 44 0.0
7 18 23 0.0
7 19 47 0.0
7 20 49 0.0
7 21 43 0.0
7 22 51 -0.445898277977582
7 22 52 -1.0223428648715756
7 23 31 0.0
7 24 55 0.0
7 25 57 0.0
7 26 59 0.0
7 27 64 -1.875486214514819
7 27 63 -0.16638571536762772
7 28 66 0.0
7 29 68 0.0
7 30 61 0.0
8 0 2 0.0
8 1 1 0.0
8 2 5 -1.2006848402850574
8 2 8 -0.6571966012991496
8 2 10 -1.7108635151730238
8 3 7 -0.2720048226225136
8 3 12 -1.4348570164168077
8 4 14 0.0
8 5 16 0.0
8 6 18 0.0
8 7 20 0.0
8 9 25 0.0
8 10 27 0.0
8 11 29 0.0
8 12 33 0.0
8 13 35 0.0
8 14 38 0.0
8 15 37 0.0
8 16 40 0.0
8 17 44 0.0
8 18 23 0.0
8 19 47 0.0
8 20 49 0.0
8 21 43 0.0
8 22 51 -0.44589828064784576
8 22 52 -1.0223428601193079
8 23 31 0.0
8 24 55 0.0
8 25 57 0.0
8 26 59 0.0
8 27 64 -1.875486213878606
8 27 63 -0.16638571548280057
8 28 66 0.0
8 29 68 0.0
8 30 61 0.0
9 0 2 0.0
9 1 1 0.0
9 2 5 -0.8424408628250681
9 2 8 -0.7216626601069767
9 2 10 -2.484127198456678
9 3 7 0.0
9 4 13 -0.09690500642754867
9 4 14 -2.38208535515144
9 5 16 0.0
9 6 18 0.0
9 7 20 0.0
9 8 24 0.0
9 10 27 0.0
9 11 29 0.0
9 12 33 0.0
9 13 35 0.0
9 14 38 0.0
9 15 37 0.0
9 16 42 0.0
9 17 41 -1.0222422582477875
9 17 44 -0.44595481253474023
9 18 23 0.0
9 19 47 0.0
9 20 49 0.0
9 21 50 0.0
9 22 52 0.0
9 23 31 0.0
9 24 55 0.0
9 25 57 0.0
9 26 59 0.0
9 27 64 -1.8756167040809633
9 27 63 -0.16636209485019351
9 28 66 0.0
9 29 68 0.0
9 30 61 0.0
10 0 2 0.0
10 1 1 0.0
10 2 5 -0.8424297566486013
10 2 8 -0.7215555470672679
10 2 10 -2.4848089395098762
10 3 7 0.0
10 4 13 -0.09699326017926374
10 4 14 -2.381218459208284
10 5 16 0.0
10 6 18 0.0
10 7 20 0.0
10 8 24 0.0
10 9 26 0.0
10 11 29 0.0
10 12 33 0.0
10 13 35 0.0
10 14 38 0.0
10 15 37 0.0
10 16 42 0.0
10 17 41 -1.0222366450295484
10 17 44 -0.4459579670699117
10 18 23 0.0
10 19 47 0.0
10 20 49 0.0
10 21 50 0.0
10 22 52 0.0
10 23 31 0.0
10 24 55 0.0
10 25 57 0.0
10 26 59 0.0
10 27 64 -1.8754974913103024
10 27 63 -0.16638367395923315
10 28 66 0.0
10 29 68 0.0
10 30 61 0.0
11 0 2 0.0
11 1 1 0.0
11 2 5 -0.752024766034162
11 2 8 -0.6375442543521289
11 3 7 0.0
11 4 13 0.0
11 5 15 0.0
11 6 17 -0.3629120100940736
11 6 18 -2.405853063734444
11 6 11 -1.541013982098143
11 7 20 0.0
11 8 24 0.0
11 9 26 0.0
11 10 28 0.0
11 12 33 0.0
11 13 35 0.0
11 14 38 0.0
11 15 37 0.0
11 16 42 0.0
11 17 41 -1.0219886390680797
11 17 44 -0.4460973699017009
11 18 23 0.0
11 19 47 0.0
11 20 49 0.0
11 21 50 0.0
11 22 52 0.0
11 23 31 0.0
11 24 55 0.0
11 25 57 0.0
11 26 59 0.0
11 27 64 -1.7154355641022536
11 27 63 -0.1983111339179488
11 28 66 0.0
11 29 68 0.0
11 30 61 0.0
12 0 2 0.0
12 1 1 0.0
12 2 5 -0.7520245399958674
12 2 8 -0.6375444559397505
12 3 7 0.0
12 4 13 0.0
12 5 15 0.0
12 6 17 -0.362888554313016
12 6 18 -2.405916686054017
12 6 11 -1.5410633816189336
12 7 20 0.0
12 8 24 0.0
12 9 26 0.0
12 10 28 0.0
12 11 32 0.0
12 13 35 0.0
12 14 38 0.0
12 15 37 0.0
12 16 42 0.0
12 17 41 -1.0220361544725345
12 17 44 -0.4460706575630667
12 18 23 0.0
12 19 47 0.0
12 20 49 0.0
12 21 50 0.0
12 22 52 0.0
12 23 31 0.0
12 24 55 0.0
12 25 57 0.0
12 26 59 0.0
12 27 64 -1.7154775210965292
12 27 63 -0.19830193123434176
12 28 66 0.0
12 29 68 0.0
12 30 61 0.0
13 0 2 0.0
13 1 1 0.0
13 2 5 -0.752030484778937
13 2 8 -0.6375391542354625
13 3 7 0.0
13 4 13 0.0
13 5 15 0.0
13 6 17 -0.22836920079299106
13 6 11 -1.588804181483921
13 7 20 0.0
13 8 24 0.0
13 9 26 0.0
13 10 28 0.0
13 11 32 0.0
13 12 34 0.0
13 14 38 0.0
13 15 37 0.0
13 16 19 0.0
13 17 41 -0.5693373873046247
13 17 44 -0.8344810183002898
13 18 23 0.0
13 19 47 0.0
13 20 49 0.0
13 21 43 0.0
13 22 51 -0.12812965480920838
13 22 52 -2.1180934701446494
13 23 31 0.0
13 24 55 0.0
13 25 57 0.0
13 26 59 0.0
13 27 64 -1.7144336437553103
13 27 63 -0.1985310311483856
13 28 66 0.0
13 29 68 0.0
13 30 61 0.0
14 0 0 -7.284859433952343
14 0 2 -6.860799350724146E-4
14 1 4 0.0
14 2 8 0.0
14 3 7 0.0
14 4 13 0.0
14 5 15 0.0
14 6 17 -0.21404828905112133
14 6 11 -1.6466694845986591
14 7 20 0.0
14 8 24 0.0
14 9 26 0.0
14 10 28 0.0
14 11 32 0.0
14 12 36 0.0
14 13 35 0.0
14 15 39 0.0
14 16 19 0.0
14 17 41 0.0
14 18 23 0.0
14 19 47 0.0
14 20 49 -4.5771788394752543E-4
14 20 45 -7.689486387766449
14 21 43 0.0
14 22 51 -0.35444148785859536
14 22 52 -1.2092036831181059
14 23 31 0.0
14 24 55 0.0
14 25 57 0.0
14 26 59 0.0
14 27 64 -1.7017654374729816
14 27 63 -0.20133471749952042
14 28 66 0.0
14 29 68 0.0
14 30 61 0.0
15 0 2 0.0
15 1 1 -0.7520549092426975
15 1 4 -0.6375173725214829
15 2 8 0.0
15 3 7 0.0
15 4 13 0.0
15 5 15 0.0
15 6 17 -0.4452593400874225
15 6 18 -1.7626076519675866
15 6 11 -1.6726702005778162
15 7 20 0.0
15 8 24 0.0
15 9 26 0.0
15 10 28 0.0
15 11 32 0.0
15 12 36 0.0
15 13 35 0.0
15 14 38 0.0
15 16 42 0.0
15 17 41 -1.0207037374011556
15 17 44 -0.44682047187221036
15 18 23 0.0
15 19 47 0.0
15 20 49 0.0
15 21 50 0.0
15 22 52 0.0
15 23 31 0.0
15 24 55 0.0
15 25 57 0.0
15 26 59 0.0
15 27 64 -1.7144725894738464
15 27 63 -0.19852247848721555
15 28 66 0.0
15 29 68 0.0
15 30 61 0.0
16 0 0 0.0
16 1 4 0.0
16 2 10 0.0
16 3 7 -2.0669701086409105
16 3 12 -0.13532579097537714
16 4 14 0.0
16 5 16 0.0
16 6 18 0.0
16 7 22 0.0
16 8 21 0.0
16 9 25 -0.4459586745385854
16 9 26 -1.0222353861579452
16 10 30 0.0
16 11 29 0.0
16 12 33 0.0
16 13 3 -0.8423866006559007
16 13 35 -0.5633151268612919
16 14 9 0.0
16 15 37 -0.739508867572683
16 15 39 -0.648840000801253
16 17 41 0.0
16 18 46 0.0
16 19 48 0.0
16 20 45 0.0
16 21 43 0.0
16 22 51 0.0
16 23 56 0.0
16 24 55 -2.95574530908364
16 24 58 -0.05344282438120646
16 25 53 0.0
16 26 62 0.0
16 27 64 0.0
16 28 66 0.0
16 29 68 0.0
16 30 61 0.0
17 0 0 0.0
17 1 4 0.0
17 2 10 0.0
17 3 7 -2.0684932802212805
17 3 12 -0.1351052609330069
17 4 14 0.0
17 5 16 0.0
17 6 18 0.0
17 7 22 0.0
17 8 21 0.0
17 9 25 -0.44595838332086246
17 9 26 -1.0222359043512212
17 10 30 0.0
17 11 29 0.0
17 12 33 0.0
17 13 3 -0.8423901228464941
17 13 35 -0.5633124623822511
17 14 9 0.0
17 15 37 -0.7395358765152318
17 15 39 -0.6488153336287334
17 16 40 0.0
17 18 46 0.0
17 19 48 0.0
17 20 45 0.0
17 21 43 0.0
17 22 51 0.0
17 23 56 0.0
17 24 55 -2.957062746384945
17 24 58 -0.053370551684238744
17 25 53 0.0
17 26 62 0.0
17 27 64 0.0
17 28 66 0.0
17 29 68 0.0
17 30 61 0.0
18 0 2 0.0
18 1 1 -0.984099461794617
18 1 4 -0.4680466249439628
18 2 10 0.0
18 3 7 -1.4001373511144322
18 3 12 -0.2831100015149692
18 4 14 0.0
18 5 16 0.0
18 6 18 0.0
18 7 22 0.0
18 8 21 0.0
18 9 25 0.0
18 10 27 0.0
18 11 29 0.0
18 12 33 0.0
18 13 35 0.0
18 14 38 -0.001442100094332236
18 14 9 -6.542375792378067
18 15 37 0.0
18 16 40 0.0
18 17 44 0.0
18 19 47 0.0
18 20 49 0.0
18 21 43 0.0
18 22 51 0.0
18 23 31 0.0
18 24 55 0.0
18 25 53 -0.445926109228122
18 25 57 -1.0222933355219292
18 26 59 -0.08544231723231324
18 26 62 -2.502330777193852
18 27 64 0.0
18 28 66 0.0
18 29 68 0.0
18 30 61 0.0
19 0 0 -10.728400872561178
19 0 2 -2.1913889122895855E-5
19 1 4 0.0
19 2 10 0.0
19 3 7 -1.4097114682160208
19 3 12 -0.27999666289979236
19 4 14 0.0
19 5 16 0.0
19 6 18 0.0
19 7 22 0.0
19 8 21 0.0
19 9 25 0.0
19 10 27 0.0
19 11 29 0.0
19 12 33 0.0
19 13 35 0.0
19 14 38 -3.1356488067062335E-4
19 14 9 -8.06766104175985
19 15 37 0.0
19 16 40 0.0
19 17 44 0.0
19 18 46 0.0
19 20 49 0.0
19 21 43 0.0
19 22 51 0.0
19 23 31 0.0
19 24 55 0.0
19 25 53 -0.4459380974502889
19 25 57 -1.0222720020936094
19 26 59 -0.08554735269799837
19 26 62 -2.5011539873350865
19 27 64 0.0
19 28 66 0.0
19 29 68 0.0
19 30 61 0.0
20 0 0 -10.543476397022864
20 0 2 -2.636526287520258E-5
20 1 4 0.0
20 2 10 0.0
20 3 7 -1.4088153303230795
20 3 12 -0.2802863995655759
20 4 14 0.0
20 5 16 0.0
20 6 18 0.0
20 7 22 0.0
20 8 21 0.0
20 9 25 0.0
20 10 27 0.0
20 11 29 0.0
20 12 33 0.0
20 13 35 0.0
20 14 38 -3.6126517197243476E-4
20 14 9 -7.926078948027766
20 15 37 0.0
20 16 40 0.0
20 17 44 0.0
20 18 46 0.0
20 19 48 0.0
20 21 43 0.0
20 22 51 0.0
20 23 31 0.0
20 24 55 0.0
20 25 53 -0.4459352009210453
20 25 57 -1.0222771564957684
20 26 59 -0.08554630665171573
20 26 62 -2.5011656995303073
20 27 64 0.0
20 28 66 0.0
20 29 68 0.0
20 30 61 0.0
21 0 0 0.0
21 1 4 0.0
21 2 10 0.0
21 3 7 -2.0761319149273434
21 3 12 -0.13400509189004686
21 4 14 0.0
21 5 16 0.0
21 6 18 0.0
21 7 22 0.0
21 8 21 -0.4458930044529862
21 8 24 -1.0223522502299864
21 9 26 0.0
21 10 30 0.0
21 11 29 0.0
21 12 33 0.0
21 13 3 -0.8424089444997661
21 13 35 -0.5632982243916499
21 14 9 0.0
21 15 37 -0.7396493692738039
21 15 39 -0.6487116950206523
21 16 42 0.0
21 17 41 0.0
21 18 46 0.0
21 19 48 0.0
21 20 45 0.0
21 22 51 0.0
21 23 56 0.0
21 24 55 -2.9614699527179305
21 24 58 -0.053129507375569776
21 25 53 0.0
21 26 62 0.0
21 27 64 0.0
21 28 66 0.0
21 29 68 0.0
21 30 61 0.0
22 0 0 0.0
22 1 4 0.0
22 2 10 0.0
22 3 7 -2.0851840626106704
22 3 12 -0.1327137178440122
22 4 14 0.0
22 5 16 0.0
22 6 18 0.0
22 7 22 0.0
22 8 21 -0.4458922286306731
22 8 24 -1.022353630982377
22 9 26 0.0
22 10 30 0.0
22 11 29 0.0
22 12 33 0.0
22 13 3 -0.8424363116683661
22 13 35 -0.5632775228263823
22 14 38 -0.7395828428982945
22 14 9 -0.6487724424311588
22 15 37 0.0
22 16 42 0.0
22 17 41 0.0
22 18 46 0.0
22 19 48 0.0
22 20 45 0.0
22 21 50 0.0
22 23 56 0.0
22 24 55 -2.9650465491933886
22 24 58 -0.0529347136243096
22 25 53 0.0
22 26 62 0.0
22 27 64 0.0
22 28 66 0.0
22 29 68 0.0
22 30 61 0.0
23 0 2 0.0
23 1 1 0.0
23 2 5 -0.8424302379856524
23 2 8 -0.7215660045587633
23 2 10 -2.4847454729693315
23 3 7 0.0
23 4 13 -0.09698499226567468
23 4 14 -2.381299637844563
23 5 16 0.0
23 6 18 0.0
23 7 20 0.0
23 8 24 0.0
23 9 26 0.0
23 10 30 0.0
23 11 29 0.0
23 12 33 0.0
23 13 35 0.0
23 14 38 0.0
23 15 37 0.0
23 16 42 0.0
23 17 41 -1.0222369640712827
23 17 44 -0.4459577877730291
23 18 23 0.0
23 19 47 0.0
23 20 49 0.0
23 21 50 0.0
23 22 52 0.0
23 24 55 0.0
23 25 57 0.0
23 26 59 0.0
23 27 64 -1.8755024557803066
23 27 63 -0.16638277526300724
23 28 66 0.0
23 29 68 0.0
23 30 61 0.0
24 0 2 0.0
24 1 1 0.0
24 2 5 -0.8600003165876304
24 2 8 -0.8067385454010592
24 2 10 -2.0361772266830975
24 3 7 0.0
24 4 13 -0.042263494681348615
24 4 14 -3.184888898758719
24 5 16 0.0
24 6 18 0.0
24 7 20 0.0
24 8 24 0.0
24 9 26 0.0
24 10 30 0.0
24 11 29 0.0
24 12 33 0.0
24 13 35 0.0
24 14 38 0.0
24 15 37 0.0
24 16 42 0.0
24 17 41 -1.0175914816785137
24 17 44 -0.44857798474590843
24 18 23 0.0
24 19 47 0.0
24 20 49 0.0
24 21 50 0.0
24 22 52 0.0
24 23 54 0.0
24 25 57 0.0
24 26 59 0.0
24 27 63 0.0
24 28 65 0.0
24 29 67 -0.05241696066562405
24 29 68 -2.974619065415935
24 30 61 0.0
25 0 0 -0.8423993773686091
25 0 2 -0.5633054615675985
25 1 4 0.0
25 2 10 0.0
25 3 7 -2.0961793484531115
25 3 12 -0.13116298409753557
25 4 14 0.0
25 5 16 0.0
25 6 18 0.0
25 7 20 0.0
25 8 24 0.0
25 9 26 0.0
25 10 30 0.0
25 11 29 0.0
25 12 33 0.0
25 13 35 0.0
25 14 38 -0.7394568280591722
25 14 9 -0.6488875319007842
25 15 37 0.0
25 16 42 0.0
25 17 41 0.0
25 18 23 -1.022348592368775
25 18 46 -0.4458950597538006
25 19 48 0.0
25 20 45 0.0
25 21 50 0.0
25 22 52 0.0
25 23 56 0.0
25 24 55 -2.957522723802741
25 24 58 -0.05334534163695253
25 26 62 0.0
25 27 64 0.0
25 28 66 0.0
25 29 68 0.0
25 30 61 0.0
26 0 0 -4.205734169433887
26 0 2 -0.015022104643204219
26 1 4 0.0
26 2 10 0.0
26 3 7 -2.0857630616257534
26 3 12 -0.1326315717026413
26 4 14 0.0
26 5 16 0.0
26 6 18 0.0
26 7 20 0.0
26 8 24 0.0
26 9 26 0.0
26 10 30 0.0
26 11 29 0.0
26 12 33 0.0
26 13 35 0.0
26 14 38 -0.04991486797425703
26 14 9 -3.0222899890991943
26 15 37 0.0
26 16 42 0.0
26 17 41 0.0
26 18 23 -0.03328582385293938
26 18 46 -3.419220430691083
26 19 48 0.0
26 20 45 0.0
26 21 50 0.0
26 22 52 0.0
26 23 54 -0.16638821099143952
26 23 56 -1.8754724288250464
26 24 58 0.0
26 25 60 0.0
26 27 63 0.0
26 28 65 0.0
26 29 67 0.0
26 30 69 0.0
27 0 0 -4.205733802112783
27 0 2 -0.015022110202795138
27 1 4 0.0
27 2 10 0.0
27 3 7 -2.0862576808636857
27 3 12 -0.13256144003827255
27 4 14 0.0
27 5 16 0.0
27 6 18 0.0
27 7 20 0.0
27 8 24 0.0
27 9 26 0.0
27 10 30 0.0
27 11 29 0.0
27 12 33 0.0
27 13 35 0.0
27 14 38 -0.049919390675139105
27 14 9 -3.022201627450758
27 15 37 0.0
27 16 42 0.0
27 17 41 0.0
27 18 23 -0.0332864314955291
27 18 46 -3.4192024776968517
27 19 48 0.0
27 20 45 0.0
27 21 50 0.0
27 22 52 0.0
27 23 54 -0.16638821117568253
27 23 56 -1.8754724278073056
27 24 58 0.0
27 25 60 0.0
27 26 62 0.0
27 28 65 0.0
27 29 67 0.0
27 30 69 0.0
28 0 0 -0.8424444685697604
28 0 2 -0.5632713528290014
28 1 4 0.0
28 2 10 0.0
28 3 7 -2.08251366851349
28 3 12 -0.13309328679536328
28 4 14 0.0
28 5 16 0.0
28 6 18 0.0
28 7 20 0.0
28 8 24 0.0
28 9 26 0.0
28 10 30 0.0
28 11 29 0.0
28 12 33 0.0
28 13 35 0.0
28 14 38 -0.7407561630923878
28 14 9 -0.6477021784603401
28 15 37 0.0
28 16 42 0.0
28 17 41 0.0
28 18 23 -1.0223503660684405
28 18 46 -0.445894063135416
28 19 48 0.0
28 20 45 0.0
28 21 50 0.0
28 22 52 0.0
28 23 56 0.0
28 24 55 -2.967115824923382
28 24 58 -0.05282234874149692
28 25 60 0.0
28 26 62 0.0
28 27 64 0.0
28 29 67 0.0
28 30 69 0.0
29 0 0 -0.8424171251714688
29 0 2 -0.5632920361167408
29 1 4 0.0
29 2 10 0.0
29 3 7 -2.084719520557719
29 3 12 -0.1327796645543247
29 4 14 0.0
29 5 16 0.0
29 6 18 0.0
29 7 20 0.0
29 8 24 0.0
29 9 26 0.0
29 10 30 0.0
29 11 29 0.0
29 12 33 0.0
29 13 35 0.0
29 14 38 -0.7401229564291902
29 14 9 -0.648279470410775
29 15 37 0.0
29 16 42 0.0
29 17 41 0.0
29 18 23 -1.0223466998659327
29 18 46 -0.44589612312916366
29 19 48 0.0
29 20 45 0.0
29 21 50 0.0
29 22 52 0.0
29 23 56 0.0
29 24 55 -2.962637717386929
29 24 58 -0.053065826101456236
29 25 60 0.0
29 26 62 0.0
29 27 64 0.0
29 28 66 0.0
29 30 69 0.0
30 0 0 -0.8423976614319001
30 0 2 -0.5633067596222333
30 1 4 0.0
30 2 10 0.0
30 3 7 -2.102423428332113
30 3 12 -0.1302909607037192
30 4 14 0.0
30 5 16 0.0
30 6 18 0.0
30 7 20 0.0
30 8 24 0.0
30 9 26 0.0
30 10 30 0.0
30 11 29 0.0
30 12 33 0.0
30 13 35 0.0
30 14 38 -0.7394480724215393
30 14 9 -0.648895529463816
30 15 37 0.0
30 16 42 0.0
30 17 41 0.0
30 18 23 -1.0223488911425114
30 18 46 -0.4458948918765961
30 19 48 0.0
30 20 45 0.0
30 21 50 0.0
30 22 52 0.0
30 23 56 0.0
30 24 55 -2.956654676234528
30 24 58 -0.05339292708403309
30 25 60 0.0
30 26 62 0.0
30 27 64 0.0
30 28 66 0.0
30 29 68 0.0
