0 1 1 0.0
0 2 5 0.0
0 3 7 0.0
0 4 13 0.0
0 5 15 0.0
0 6 17 -0.13119317543682935
0 6 11 -2.095963958810986
0 7 20 0.0
0 8 24 0.0
0 9 26 0.0
0 10 28 0.0
0 11 32 0.0
0 12 34 0.0
0 13 3 0.0
0 14 38 -0.5795923091362986
0 14 9 -0.8212684993209454
0 15 37 0.0
0 16 19 0.0
0 17 41 0.0
0 18 23 0.0
0 19 47 0.0
0 20 49 -0.06815257306152926
0 20 45 -2.7198891275010357
0 21 43 0.0
0 22 51 -0.0014901569536749384
0 22 52 -6.509618812488751
0 23 31 0.0
0 24 55 0.0
0 25 57 0.0
0 26 59 0.0
0 27 64 -1.9435012528142208
0 27 63 -0.15455272729797287
0 28 66 0.0
0 29 68 0.0
0 30 61 0.0
1 0 0 0.0
1 2 5 0.0
1 3 7 0.0
1 4 13 0.0
1 5 15 0.0
1 6 17 -0.1252142555693194
1 6 11 -2.139682902132147
1 7 20 -0.06917283261403358
1 7 22 -2.705534139949726
1 8 24 0.0
1 9 26 0.0
1 10 28 0.0
1 11 32 0.0
1 12 34 0.0
1 13 3 0.0
1 14 9 0.0
1 15 37 -0.7538488809982469
1 15 39 -0.6359202573766944
1 16 19 0.0
1 17 41 0.0
1 18 46 0.0
1 19 48 0.0
1 20 45 0.0
1 21 43 0.0
1 22 51 0.0
1 23 56 -3.1182904738202812
1 23 31 -0.04524082738110368
1 24 55 -3.227596532549961
1 24 58 -0.0404602769227036
1 25 53 0.0
1 26 62 0.0
1 27 64 0.0
1 28 66 0.0
1 29 68 0.0
1 30 61 0.0
2 0 0 0.0
2 1 4 0.0
2 3 7 0.0
2 4 13 0.0
2 5 15 0.0
2 6 17 -0.09265522439071494
2 6 11 -2.424839869222571
2 7 20 -0.06851950873595859
2 7 22 -2.71470091542252
2 8 24 0.0
2 9 26 0.0
2 10 28 0.0
2 11 32 0.0
2 12 34 -0.9759458458325906
2 12 36 -0.47294516158030336
2 13 3 0.0
2 14 9 0.0
2 15 39 0.0
2 16 19 0.0
2 17 41 0.0
2 18 46 0.0
2 19 48 0.0
2 20 45 0.0
2 21 43 0.0
2 22 51 0.0
2 23 56 -3.1306866341151256
2 23 31 -0.04467083914713788
2 24 55 -4.63296315518627
2 24 58 -0.009773502478276061
2 25 53 0.0
2 26 62 0.0
2 27 64 0.0
2 28 66 0.0
2 29 68 0.0
2 30 61 0.0
3 0 0 0.0
3 1 4 0.0
3 2 6 0.0
3 4 13 0.0
3 5 15 0.0
3 6 17 -0.09194783323235882
3 6 11 -2.4321555674349034
3 7 20 -0.06854000206865615
3 7 22 -2.7144120022219504
3 8 24 0.0
3 9 26 0.0
3 10 28 0.0
3 11 32 0.0
3 12 34 -0.9749809848134037
3 12 36 -0.47352907796660276
3 13 3 0.0
3 14 9 0.0
3 15 39 0.0
3 16 19 0.0
3 17 41 0.0
3 18 46 0.0
3 19 48 0.0
3 20 45 0.0
3 21 43 0.0
3 22 51 0.0
3 23 56 -3.1301440124134747
3 23 31 -0.044695635096835794
3 24 55 -4.5174343745006755
3 24 58 -0.010977024383736664
3 25 53 0.0
3 26 62 0.0
3 27 64 0.0
3 28 66 0.0
3 29 68 0.0
3 30 61 0.0
4 0 0 0.0
4 1 4 0.0
4 2 6 0.0
4 3 12 0.0
4 5 15 0.0
4 6 17 -0.08180756420010124
4 6 11 -2.5440105121833616
4 7 22 0.0
4 8 21 0.0
4 9 25 -1.618155183383288
4 9 26 -0.2209760556041156
4 10 28 -0.04787239841020562
4 10 30 -3.063056885015706
4 11 32 0.0
4 12 34 -0.7511618482916295
4 12 36 -0.6383144583609849
4 13 3 0.0
4 14 9 0.0
4 15 39 0.0
4 16 19 0.0
4 17 41 0.0
4 18 46 0.0
4 19 48 0.0
4 20 45 0.0
4 21 43 0.0
4 22 51 0.0
4 23 56 0.0
4 24 55 -3.3637878149423965
4 24 58 -0.03521683394963308
4 25 53 0.0
4 26 62 0.0
4 27 64 0.0
4 28 66 0.0
4 29 68 0.0
4 30 61 0.0
5 0 0 0.0
5 1 4 0.0
5 2 6 -0.05906739993489594
5 2 10 -2.8584644462635787
5 3 12 0.0
5 4 14 0.0
5 6 17 0.0
5 7 22 0.0
5 8 21 0.0
5 9 25 -1.4854308448516602
5 9 26 -0.25670650643472853
5 10 28 -0.059132771980990394
5 10 30 -2.8573906858521454
5 11 32 0.0
5 12 34 -0.7452944434987203
5 12 36 -0.6435850060646517
5 13 3 0.0
5 14 9 0.0
5 15 39 0.0
5 16 19 0.0
5 17 41 0.0
5 18 46 0.0
5 19 48 0.0
5 20 45 0.0
5 21 43 0.0
5 22 51 0.0
5 23 56 0.0
5 24 55 -3.403629546295412
5 24 58 -0.03381778934531637
5 25 53 0.0
5 26 62 0.0
5 27 64 0.0
5 28 66 0.0
5 29 68 0.0
5 30 61 0.0
6 0 0 0.0
6 1 4 0.0
6 2 10 0.0
6 3 7 -1.9898103819916415
6 3 12 -0.14701775220283497
6 4 14 0.0
6 5 16 0.0
6 7 22 0.0
6 8 21 0.0
6 9 25 -0.5608991888432423
6 9 26 -0.8455892173480223
6 10 30 0.0
6 11 29 0.0
6 12 33 -11.35850135253262
6 12 34 -1.1669925243377789E-5
6 13 3 0.0
6 14 9 0.0
6 15 37 -1.1610176185465861
6 15 39 -0.3756645881759662
6 16 19 0.0
6 17 41 0.0
6 18 46 0.0
6 19 48 0.0
6 20 45 0.0
6 21 43 0.0
6 22 51 0.0
6 23 56 0.0
6 24 55 -3.565675466550444
6 24 58 -0.028685398388766006
6 25 53 0.0
6 26 62 0.0
6 27 64 0.0
6 28 66 0.0
6 29 68 0.0
6 30 61 0.0
7 0 2 0.0
7 1 1 0.0
7 2 5 -0.7244362695808716
7 2 8 -0.7204813750113367
7 2 10 -3.544456266782024
7 3 7 -0.13470953728863605
7 3 12 -2.0712331662900043
7 4 14 0.0
7 5 16 0.0
7 6 18 0.0
7 8 21 0.0
7 9 25 0.0
7 10 27 0.0
7 11 29 0.0
7 12 33 0.0
7 13 35 0.0
7 14 38 0.0
7 15 37 0.0
7 16 40 0.0
7 17 44 0.0
7 18 23 0.0
7 19 47 0.0
7 20 49 0.0
7 21 43 0.0
7 22 51 -0.5589553537414627
7 22 52 -0.8481791183524842
7 23 31 0.0
7 24 55 0.0
7 25 57 0.0
7 26 59 0.0
7 27 64 -2.588731030208763
7 27 63 -0.07808619645751122
7 28 66 0.0
7 29 68 0.0
7 30 61 0.0
8 0 2 0.0
8 1 1 0.0
8 2 5 -0.7244374473972477
8 2 8 -0.7204782845483666
8 2 10 -3.544488561687988
8 3 7 -0.1347035187980017
8 3 12 -2.0712749031223776
8 4 14 0.0
8 5 16 0.0
8 6 18 0.0
8 7 20 0.0
8 9 25 0.0
8 10 27 0.0
8 11 29 0.0
8 12 33 0.0
8 13 35 0.0
8 14 38 0.0
8 15 37 0.0
8 16 40 0.0
8 17 44 0.0
8 18 23 0.0
8 19 47 0.0
8 20 49 0.0
8 21 43 0.0
8 22 51 -0.5589949775638198
8 22 52 -0.8481262075243101
8 23 31 0.0
8 24 55 0.0
8 25 57 0.0
8 26 59 0.0
8 27 64 -2.5887468866362235
8 27 63 -0.07808490867529035
8 28 66 0.0
8 29 68 0.0
8 30 61 0.0
9 0 2 0.0
9 1 1 0.0
9 2 5 -0.716229747589401
9 2 8 -0.7127823409509875
9 2 10 -3.857017702346197
9 3 7 0.0
9 4 13 -0.10506522375981116
9 4 14 -2.3052466513087357
9 5 16 0.0
9 6 18 0.0
9 7 20 0.0
9 8 24 0.0
9 10 27 0.0
9 11 29 0.0
9 12 33 0.0
9 13 35 0.0
9 14 38 0.0
9 15 37 0.0
9 16 42 0.0
9 17 41 -0.8457362605467391
9 17 44 -0.5607885902285737
9 18 23 0.0
9 19 47 0.0
9 20 49 0.0
9 21 50 0.0
9 22 52 0.0
9 23 31 0.0
9 24 55 0.0
9 25 57 0.0
9 26 59 0.0
9 27 64 -2.5850703120693064
9 27 63 -0.0783840940115129
9 28 66 0.0
9 29 68 0.0
9 30 61 0.0
10 0 2 0.0
10 1 1 0.0
10 2 5 -0.715894569275447
10 2 8 -0.7118792781650023
10 2 10 -3.8861515816989365
10 3 7 0.0
10 4 13 -0.10399286813655666
10 4 14 -2.3149788276131655
10 5 16 0.0
10 6 18 0.0
10 7 20 0.0
10 8 24 0.0
10 9 26 0.0
10 11 29 0.0
10 12 33 0.0
10 13 35 0.0
10 14 38 0.0
10 15 37 0.0
10 16 42 0.0
10 17 41 -0.8456839151536323
10 17 44 -0.5608279585755922
10 18 23 0.0
10 19 47 0.0
10 20 49 0.0
10 21 50 0.0
10 22 52 0.0
10 23 31 0.0
10 24 55 0.0
10 25 57 0.0
10 26 59 0.0
10 27 64 -2.5915333675888275
10 27 63 -0.07785894666403866
10 28 66 0.0
10 29 68 0.0
10 30 61 0.0
11 0 2 0.0
11 1 1 0.0
11 2 5 -0.9427014953493488
11 2 8 -0.49359817248150395
11 3 7 0.0
11 4 13 0.0
11 5 15 0.0
11 6 17 -0.15982976365971616
11 6 18 -9.273226052743
11 6 11 -1.9131326543626495
11 7 20 0.0
11 8 24 0.0
11 9 26 0.0
11 10 28 0.0
11 12 33 0.0
11 13 35 0.0
11 14 38 0.0
11 15 37 0.0
11 16 42 0.0
11 17 41 -0.8734468641839617
11 17 44 -0.5404432027971934
11 18 23 0.0
11 19 47 0.0
11 20 49 0.0
11 21 50 0.0
11 22 52 0.0
11 23 31 0.0
11 24 55 0.0
11 25 57 0.0
11 26 59 0.0
11 27 64 -1.945735584387891
11 27 63 -0.15417977690136087
11 28 66 0.0
11 29 68 0.0
11 30 61 0.0
12 0 2 0.0
12 1 1 0.0
12 2 5 -0.9617449877062975
12 2 8 -0.4816314919055575
12 3 7 0.0
12 4 13 0.0
12 5 15 0.0
12 6 17 -0.1445810825628177
12 6 18 -9.449298334388375
12 6 11 -2.0059196427607424
12 7 20 0.0
12 8 24 0.0
12 9 26 0.0
12 10 28 0.0
12 11 32 0.0
12 13 35 0.0
12 14 38 0.0
12 15 37 0.0
12 16 42 0.0
12 17 41 -0.8733953354925811
12 17 44 -0.5404801385258036
12 18 23 0.0
12 19 47 0.0
12 20 49 0.0
12 21 50 0.0
12 22 52 0.0
12 23 31 0.0
12 24 55 0.0
12 25 57 0.0
12 26 59 0.0
12 27 64 -1.9458277049568988
12 27 63 -0.15416442117117393
12 28 66 0.0
12 29 68 0.0
12 30 61 0.0
13 0 2 0.0
13 1 1 0.0
13 2 5 -0.6856066623846432
13 2 8 -0.7007449904322078
13 3 7 0.0
13 4 13 0.0
13 5 15 0.0
13 6 17 -0.11280836340330448
13 6 11 -2.2379387983223564
13 7 20 0.0
13 8 24 0.0
13 9 26 0.0
13 10 28 0.0
13 11 32 0.0
13 12 34 0.0
13 14 38 0.0
13 15 37 0.0
13 16 19 0.0
13 17 41 -4.1142012222688905E-4
13 17 44 -7.796101373363059
13 18 23 0.0
13 19 47 0.0
13 20 49 0.0
13 21 43 0.0
13 22 51 -0.0015787252929681664
13 22 52 -6.45192679296271
13 23 31 0.0
13 24 55 0.0
13 25 57 0.0
13 26 59 0.0
13 27 64 -1.9436419262706377
13 27 63 -0.1545292176549988
13 28 66 0.0
13 29 68 0.0
13 30 61 0.0
14 0 0 -0.3684707442555731
14 0 2 -1.176978608836279
14 1 4 0.0
14 2 8 0.0
14 3 7 0.0
14 4 13 0.0
14 5 15 0.0
14 6 17 -0.40834241440441355
14 6 11 -1.0928823942760628
14 7 20 0.0
14 8 24 0.0
14 9 26 0.0
14 10 28 0.0
14 11 32 0.0
14 12 36 0.0
14 13 35 0.0
14 15 39 0.0
14 16 19 0.0
14 17 41 0.0
14 18 23 0.0
14 19 47 0.0
14 20 49 -0.07218747574788331
14 20 45 -2.664365335209116
14 21 43 0.0
14 22 51 -0.011959407348506333
14 22 52 -4.432210828693252
14 23 31 0.0
14 24 55 0.0
14 25 57 0.0
14 26 59 0.0
14 27 64 -1.9185378351115319
14 27 63 -0.1587864714133959
14 28 66 0.0
14 29 68 0.0
14 30 61 0.0
15 0 2 0.0
15 1 1 -0.6879209460621332
15 1 4 -0.6984008721447833
15 2 8 0.0
15 3 7 0.0
15 4 13 0.0
15 5 15 0.0
15 6 17 -0.42844466971453343
15 6 18 -8.157835478013068
15 6 11 -1.0550015725848831
15 7 20 0.0
15 8 24 0.0
15 9 26 0.0
15 10 28 0.0
15 11 32 0.0
15 12 36 0.0
15 13 35 0.0
15 14 38 0.0
15 16 42 0.0
15 17 41 -0.874095397497508
15 17 44 -0.5399786137903165
15 18 23 0.0
15 19 47 0.0
15 20 49 0.0
15 21 50 0.0
15 22 52 0.0
15 23 31 0.0
15 24 55 0.0
15 25 57 0.0
15 26 59 0.0
15 27 64 -1.9441242744402416
15 27 63 -0.1544486359182431
15 28 66 0.0
15 29 68 0.0
15 30 61 0.0
16 0 0 0.0
16 1 4 0.0
16 2 10 0.0
16 3 7 -3.460484347715762
16 3 12 -0.03191856334307627
16 4 14 0.0
16 5 16 0.0
16 6 18 0.0
16 7 22 0.0
16 8 21 0.0
16 9 25 -0.5607572158486149
16 9 26 -0.845777980347411
16 10 30 0.0
16 11 29 0.0
16 12 33 0.0
16 13 3 -2.3628493732363168E-4
16 13 35 -8.350590259815124
16 14 9 0.0
16 15 37 -10.187111534024291
16 15 39 -3.765319647893771E-5
16 17 41 0.0
16 18 46 0.0
16 19 48 0.0
16 20 45 0.0
16 21 43 0.0
16 22 51 0.0
16 23 56 0.0
16 24 55 -5.151623583982
16 24 58 -0.005806823559445916
16 25 53 0.0
16 26 62 0.0
16 27 64 0.0
16 28 66 0.0
16 29 68 0.0
16 30 61 0.0
17 0 0 0.0
17 1 4 0.0
17 2 10 0.0
17 3 7 -3.1092565084813213
17 3 12 -0.04566089993559598
17 4 14 0.0
17 5 16 0.0
17 6 18 0.0
17 7 22 0.0
17 8 21 0.0
17 9 25 -0.560761791976552
17 9 26 -0.8457718950923265
17 10 30 0.0
17 11 29 0.0
17 12 33 0.0
17 13 3 -3.1521661833001403E-4
17 13 35 -8.062408082411146
17 14 9 0.0
17 15 37 -9.906424028031182
17 15 39 -4.985463430832522E-5
17 16 40 0.0
17 18 46 0.0
17 19 48 0.0
17 20 45 0.0
17 21 43 0.0
17 22 51 0.0
17 23 56 0.0
17 24 55 -4.881283524466731
17 24 58 -0.007616199082035625
17 25 53 0.0
17 26 62 0.0
17 27 64 0.0
17 28 66 0.0
17 29 68 0.0
17 30 61 0.0
18 0 2 0.0
18 1 1 -0.060334565464504275
18 1 4 -2.8378657243712975
18 2 10 0.0
18 3 7 -0.8213161245666399
18 3 12 -0.5795549101241813
18 4 14 0.0
18 5 16 0.0
18 6 18 0.0
18 7 22 0.0
18 8 21 0.0
18 9 25 0.0
18 10 27 0.0
18 11 29 0.0
18 12 33 0.0
18 13 35 0.0
18 14 38 -0.09754862194644277
18 14 9 -2.3757821921583524
18 15 37 0.0
18 16 40 0.0
18 17 44 0.0
18 19 47 0.0
18 20 49 0.0
18 21 43 0.0
18 22 51 0.0
18 23 31 0.0
18 24 55 0.0
18 25 53 -0.5594548789967341
18 25 57 -0.8475124459226677
18 26 59 -0.09385771847433293
18 26 62 -2.412537109871415
18 27 64 0.0
18 28 66 0.0
18 29 68 0.0
18 30 61 0.0
19 0 0 -2.8787943379640937
19 0 2 -0.05784363076166538
19 1 4 0.0
19 2 10 0.0
19 3 7 -0.820943267559673
19 3 12 -0.5798477912004616
19 4 14 0.0
19 5 16 0.0
19 6 18 0.0
19 7 22 0.0
19 8 21 0.0
19 9 25 0.0
19 10 27 0.0
19 11 29 0.0
19 12 33 0.0
19 13 35 0.0
19 14 38 -0.06507873642019717
19 14 9 -2.7645203186366847
19 15 37 0.0
19 16 40 0.0
19 17 44 0.0
19 18 46 0.0
19 20 49 0.0
19 21 43 0.0
19 22 51 0.0
19 23 31 0.0
19 24 55 0.0
19 25 53 -0.5594871984919776
19 25 57 -0.8474693387039991
19 26 59 -0.0932159103915929
19 26 62 -2.4190827906644756
19 27 64 0.0
19 28 66 0.0
19 29 68 0.0
19 30 61 0.0
20 0 0 -2.8758475019138574
20 0 2 -0.05801938704786988
20 1 4 0.0
20 2 10 0.0
20 3 7 -0.8210072282895032
20 3 12 -0.5797975358652684
20 4 14 0.0
20 5 16 0.0
20 6 18 0.0
20 7 22 0.0
20 8 21 0.0
20 9 25 0.0
20 10 27 0.0
20 11 29 0.0
20 12 33 0.0
20 13 35 0.0
20 14 38 -0.06672050736183519
20 14 9 -2.740417692756891
20 15 37 0.0
20 16 40 0.0
20 17 44 0.0
20 18 46 0.0
20 19 48 0.0
20 21 43 0.0
20 22 51 0.0
20 23 31 0.0
20 24 55 0.0
20 25 53 -0.5594741773504773
20 25 57 -0.8474867057002875
20 26 59 -0.09326117811076365
20 26 62 -2.418619568487045
20 27 64 0.0
20 28 66 0.0
20 29 68 0.0
20 30 61 0.0
21 0 0 0.0
21 1 4 0.0
21 2 10 0.0
21 3 7 -2.3809539716392587
21 3 12 -0.09702020294345555
21 4 14 0.0
21 5 16 0.0
21 6 18 0.0
21 7 22 0.0
21 8 21 -0.5587524886297736
21 8 24 -0.8484500866860477
21 9 26 0.0
21 10 30 0.0
21 11 29 0.0
21 12 33 0.0
21 13 3 -7.066517280830214E-4
21 13 35 -7.255325923752497
21 14 9 0.0
21 15 37 -9.107410495493115
21 15 39 -1.1084751140679617E-4
21 16 42 0.0
21 17 41 0.0
21 18 46 0.0
21 19 48 0.0
21 20 45 0.0
21 22 51 0.0
21 23 56 0.0
21 24 55 -4.124687791240405
21 24 58 -0.016300678877407472
21 25 53 0.0
21 26 62 0.0
21 27 64 0.0
21 28 66 0.0
21 29 68 0.0
21 30 61 0.0
22 0 0 0.0
22 1 4 0.0
22 2 10 0.0
22 3 7 -2.0075221587185665
22 3 12 -0.14424121169366735
22 4 14 0.0
22 5 16 0.0
22 6 18 0.0
22 7 22 0.0
22 8 21 -0.5589816987306931
22 8 24 -0.8481439385861566
22 9 26 0.0
22 10 30 0.0
22 11 29 0.0
22 12 33 0.0
22 13 3 -0.0011963157427019135
22 13 35 -6.729106757619844
22 14 38 -4.938824226207179
22 14 9 -0.007188793075021895
22 15 37 0.0
22 16 42 0.0
22 17 41 0.0
22 18 46 0.0
22 19 48 0.0
22 20 45 0.0
22 21 50 0.0
22 23 56 0.0
22 24 55 -3.5892138754350267
22 24 58 -0.028008640083100694
22 25 53 0.0
22 26 62 0.0
22 27 64 0.0
22 28 66 0.0
22 29 68 0.0
22 30 61 0.0
23 0 2 0.0
23 1 1 0.0
23 2 5 -0.715928521190111
23 2 8 -0.7119386860252332
23 2 10 -3.883925193239465
23 3 7 0.0
23 4 13 -0.1040729551464085
23 4 14 -2.314248353112757
23 5 16 0.0
23 6 18 0.0
23 7 20 0.0
23 8 24 0.0
23 9 26 0.0
23 10 30 0.0
23 11 29 0.0
23 12 33 0.0
23 13 35 0.0
23 14 38 0.0
23 15 37 0.0
23 16 42 0.0
23 17 41 -0.8456774350487103
23 17 44 -0.560832832436525
23 18 23 0.0
23 19 47 0.0
23 20 49 0.0
23 21 50 0.0
23 22 52 0.0
23 24 55 0.0
23 25 57 0.0
23 26 59 0.0
23 27 64 -2.590924645720243
23 27 63 -0.0779082511992619
23 28 66 0.0
23 29 68 0.0
23 30 61 0.0
24 0 2 0.0
24 1 1 0.0
24 2 5 -0.7501396611531568
24 2 8 -0.758218730827321
24 2 10 -2.826847170701905
24 3 7 0.0
24 4 13 -0.2126470165219873
24 4 14 -1.6525617903686014
24 5 16 0.0
24 6 18 0.0
24 7 20 0.0
24 8 24 0.0
24 9 26 0.0
24 10 30 0.0
24 11 29 0.0
24 12 33 0.0
24 13 35 0.0
24 14 38 0.0
24 15 37 0.0
24 16 42 0.0
24 17 41 -0.7810878008211232
24 17 44 -0.6123188640005168
24 18 23 0.0
24 19 47 0.0
24 20 49 0.0
24 21 50 0.0
24 22 52 0.0
24 23 54 0.0
24 25 57 0.0
24 26 59 0.0
24 27 63 0.0
24 28 65 0.0
24 29 67 -0.009369976713071127
24 29 68 -4.674925998172668
24 30 61 0.0
25 0 0 -1.3992094275926017E-4
25 0 2 -8.874502949086747
25 1 4 0.0
25 2 10 0.0
25 3 7 -2.4296564525428717
25 3 12 -0.09218884710459312
25 4 14 0.0
25 5 16 0.0
25 6 18 0.0
25 7 20 0.0
25 8 24 0.0
25 9 26 0.0
25 10 30 0.0
25 11 29 0.0
25 12 33 0.0
25 13 35 0.0
25 14 38 -5.973734963997822
25 14 9 -0.0025479625141680015
25 15 37 0.0
25 16 42 0.0
25 17 41 0.0
25 18 23 -0.8470753184104819
25 18 46 -0.5597827269247287
25 19 48 0.0
25 20 45 0.0
25 21 50 0.0
25 22 52 0.0
25 23 56 0.0
25 24 55 -5.095536847192938
25 24 58 -0.006142846800001074
25 26 62 0.0
25 27 64 0.0
25 28 66 0.0
25 29 68 0.0
25 30 61 0.0
26 0 0 -1.9253797345013978E-4
26 0 2 -8.555313426457262
26 1 4 0.0
26 2 10 0.0
26 3 7 -2.303730093182742
26 3 12 -0.10523337430439779
26 4 14 0.0
26 5 16 0.0
26 6 18 0.0
26 7 20 0.0
26 8 24 0.0
26 9 26 0.0
26 10 30 0.0
26 11 29 0.0
26 12 33 0.0
26 13 35 0.0
26 14 38 -5.789141713564398
26 14 9 -0.003065301166707525
26 15 37 0.0
26 16 42 0.0
26 17 41 0.0
26 18 23 -0.29282400377288914
26 18 46 -1.371025325760228
26 19 48 0.0
26 20 45 0.0
26 21 50 0.0
26 22 52 0.0
26 23 54 -0.07780274594398466
26 23 56 -2.592227719734664
26 24 58 0.0
26 25 60 0.0
26 27 63 0.0
26 28 65 0.0
26 29 67 0.0
26 30 69 0.0
27 0 0 -1.9160628244297288E-4
27 0 2 -8.560163705207756
27 1 4 0.0
27 2 10 0.0
27 3 7 -2.3043698995715767
27 3 12 -0.1051624003109185
27 4 14 0.0
27 5 16 0.0
27 6 18 0.0
27 7 20 0.0
27 8 24 0.0
27 9 26 0.0
27 10 30 0.0
27 11 29 0.0
27 12 33 0.0
27 13 35 0.0
27 14 38 -5.795557148733829
27 14 9 -0.0030456689901790053
27 15 37 0.0
27 16 42 0.0
27 17 41 0.0
27 18 23 -0.2928721989451831
27 18 46 -1.3708836749063416
27 19 48 0.0
27 20 45 0.0
27 21 50 0.0
27 22 52 0.0
27 23 54 -0.07781013009486817
27 23 56 -2.5921364598253094
27 24 58 0.0
27 25 60 0.0
27 26 62 0.0
27 28 65 0.0
27 29 67 0.0
27 30 69 0.0
28 0 0 -5.572778126168845E-4
28 0 2 -7.4927253024268765
28 1 4 0.0
28 2 10 0.0
28 3 7 -1.8328833715542556
28 3 12 -0.1742958912288672
28 4 14 0.0
28 5 16 0.0
28 6 18 0.0
28 7 20 0.0
28 8 24 0.0
28 9 26 0.0
28 10 30 0.0
28 11 29 0.0
28 12 33 0.0
28 13 35 0.0
28 14 38 -4.914919780144315
28 14 9 -0.007363349427146048
28 15 37 0.0
28 16 42 0.0
28 17 41 0.0
28 18 23 -0.8462466571772226
28 18 46 -0.5604049161535053
28 19 48 0.0
28 20 45 0.0
28 21 50 0.0
28 22 52 0.0
28 23 56 0.0
28 24 55 -3.7345384897622798
28 24 58 -0.024174043178230478
28 25 60 0.0
28 26 62 0.0
28 27 64 0.0
28 29 67 0.0
28 30 69 0.0
29 0 0 -3.0775141185302547E-4
29 0 2 -8.086372077007953
29 1 4 0.0
29 2 10 0.0
29 3 7 -2.1844629947789844
29 3 12 -0.11938974560473248
29 4 14 0.0
29 5 16 0.0
29 6 18 0.0
29 7 20 0.0
29 8 24 0.0
29 9 26 0.0
29 10 30 0.0
29 11 29 0.0
29 12 33 0.0
29 13 35 0.0
29 14 38 -5.3582059098645685
29 14 9 -0.004720471441987429
29 15 37 0.0
29 16 42 0.0
29 17 41 0.0
29 18 23 -0.8467425860247035
29 18 46 -0.5600324461422845
29 19 48 0.0
29 20 45 0.0
29 21 50 0.0
29 22 52 0.0
29 23 56 0.0
29 24 55 -4.310011479060849
29 24 58 -0.013524439722140033
29 25 60 0.0
29 26 62 0.0
29 27 64 0.0
29 28 66 0.0
29 30 69 0.0
30 0 0 -1.2172051622247852E-4
30 0 2 -9.01384385152043
30 1 4 0.0
30 2 10 0.0
30 3 7 -2.4312053120633266
30 3 12 -0.09203939776273114
30 4 14 0.0
30 5 16 0.0
30 6 18 0.0
30 7 20 0.0
30 8 24 0.0
30 9 26 0.0
30 10 30 0.0
30 11 29 0.0
30 12 33 0.0
30 13 35 0.0
30 14 38 -6.104619011122443
30 14 9 -0.0022350275922526585
30 15 37 0.0
30 16 42 0.0
30 17 41 0.0
30 18 23 -0.8470992913685454
30 18 46 -0.5597647405794102
30 19 48 0.0
30 20 45 0.0
30 21 50 0.0
30 22 52 0.0
30 23 56 0.0
30 24 55 -5.190789582583445
30 24 58 -0.00558316589682457
30 25 60 0.0
30 26 62 0.0
30 27 64 0.0
30 28 66 0.0
30 29 68 0.0
