0 1 1 0.0
0 2 5 0.0
0 3 7 0.0
0 4 13 0.0
0 5 15 0.0
0 6 17 -0.6184124265555753
0 6 11 -0.7739216305976467
0 7 20 0.0
0 8 24 0.0
0 9 26 0.0
0 10 28 0.0
0 11 32 0.0
0 12 34 0.0
0 13 3 0.0
0 14 38 -0.7747210280670691
0 14 9 -0.6177286661959118
0 15 37 0.0
0 16 19 0.0
0 17 41 0.0
0 18 23 0.0
0 19 47 0.0
0 20 49 -7.354060575766659E-5
0 20 45 -9.517709615084799
0 21 43 0.0
0 22 51 -2.793471696032618E-4
0 22 52 -8.183194884524424
0 23 31 0.0
0 24 55 0.0
0 25 57 0.0
0 26 59 0.0
0 27 64 -8.870081287919243
0 27 63 -1.4054103915345906E-4
0 28 66 0.0
0 29 68 0.0
0 30 61 0.0
1 0 0 0.0
1 2 5 0.0
1 3 7 0.0
1 4 13 0.0
1 5 15 0.0
1 6 17 -0.5355943789034561
1 6 11 -0.8802512371566423
1 7 20 -7.398122689643686E-5
1 7 22 -9.511736177918216
1 8 24 0.0
1 9 26 0.0
1 10 28 0.0
1 11 32 0.0
1 12 34 0.0
1 13 3 0.0
1 14 9 0.0
1 15 37 -1.2547044643431398
1 15 39 -0.3356966924877913
1 16 19 0.0
1 17 41 0.0
1 18 46 0.0
1 19 48 0.0
1 20 45 0.0
1 21 43 0.0
1 22 51 0.0
1 23 56 -9.300927359651059
1 23 31 -9.134365933998628E-5
1 24 55 -0.46314143184232115
1 24 58 -0.9923719413122808
1 25 53 0.0
1 26 62 0.0
1 27 64 0.0
1 28 66 0.0
1 29 68 0.0
1 30 61 0.0
2 0 0 0.0
2 1 4 0.0
2 3 7 0.0
2 4 13 0.0
2 5 15 0.0
2 6 17 -0.2426614760605643
2 6 11 -1.5349663257403474
2 7 20 -1.4523475503093017E-5
2 7 22 -11.139751479218575
2 8 24 0.0
2 9 26 0.0
2 10 28 0.0
2 11 32 0.0
2 12 34 -1.1824561905793107
2 12 36 -0.3660399873664216
2 13 3 0.0
2 14 9 0.0
2 15 39 0.0
2 16 19 0.0
2 17 41 0.0
2 18 46 0.0
2 19 48 0.0
2 20 45 0.0
2 21 43 0.0
2 22 51 0.0
2 23 56 -10.951187297615421
2 23 31 -1.7537334860374738E-5
2 24 55 -0.4510205802106765
2 24 58 -1.0132911047450335
2 25 53 0.0
2 26 62 0.0
2 27 64 0.0
2 28 66 0.0
2 29 68 0.0
2 30 61 0.0
3 0 0 0.0
3 1 4 0.0
3 2 6 0.0
3 4 13 0.0
3 5 15 0.0
3 6 17 -0.2484036555754536
3 6 11 -1.5143323453914999
3 7 20 -1.7068716512650342E-5
3 7 22 -10.97827174797541
3 8 24 0.0
3 9 26 0.0
3 10 28 0.0
3 11 32 0.0
3 12 34 -1.1666225361675686
3 12 36 -0.37311936764574855
3 13 3 0.0
3 14 9 0.0
3 15 39 0.0
3 16 19 0.0
3 17 41 0.0
3 18 46 0.0
3 19 48 0.0
3 20 45 0.0
3 21 43 0.0
3 22 51 0.0
3 23 56 -10.790825500346486
3 23 31 -2.0587731733385785E-5
3 24 55 -0.4553077045564672
3 24 58 -1.0058128274907356
3 25 53 0.0
3 26 62 0.0
3 27 64 0.0
3 28 66 0.0
3 29 68 0.0
3 30 61 0.0
4 0 0 0.0
4 1 4 0.0
4 2 6 0.0
4 3 12 0.0
4 5 15 0.0
4 6 17 -0.2912642031258845
4 6 11 -1.3756243215035386
4 7 22 0.0
4 8 21 0.0
4 9 25 -7.771898609700005
4 9 26 -4.2150122826713107E-4
4 10 28 -1.802007807685608E-7
4 10 30 -15.529194248387745
4 11 32 0.0
4 12 34 -0.7761878701469832
4 12 36 -0.6164766439067977
4 13 3 0.0
4 14 9 0.0
4 15 39 0.0
4 16 19 0.0
4 17 41 0.0
4 18 46 0.0
4 19 48 0.0
4 20 45 0.0
4 21 43 0.0
4 22 51 0.0
4 23 56 0.0
4 24 55 -5.008616366732112
4 24 58 -0.006702551778152922
4 25 53 0.0
4 26 62 0.0
4 27 64 0.0
4 28 66 0.0
4 29 68 0.0
4 30 61 0.0
5 0 0 0.0
5 1 4 0.0
5 2 6 -0.1932040508000375
5 2 10 -1.7390555742519254
5 3 12 0.0
5 4 14 0.0
5 6 17 0.0
5 7 22 0.0
5 8 21 0.0
5 9 25 -7.895092552987566
5 9 26 -3.726368368487652E-4
5 10 28 -1.613672593626649E-7
5 10 30 -15.63958303607061
5 11 32 0.0
5 12 34 -0.7878289736018909
5 12 36 -0.6066597610109633
5 13 3 0.0
5 14 9 0.0
5 15 39 0.0
5 16 19 0.0
5 17 41 0.0
5 18 46 0.0
5 19 48 0.0
5 20 45 0.0
5 21 43 0.0
5 22 51 0.0
5 23 56 0.0
5 24 55 -5.078311848609086
5 24 58 -0.006249908082615181
5 25 53 0.0
5 26 62 0.0
5 27 64 0.0
5 28 66 0.0
5 29 68 0.0
5 30 61 0.0
6 0 0 0.0
6 1 4 0.0
6 2 10 0.0
6 3 7 -1.4726245382238043
6 3 12 -0.2604857066658914
6 4 14 0.0
6 5 16 0.0
6 7 22 0.0
6 8 21 0.0
6 9 25 -0.12340029424874394
6 9 26 -2.1533875259285455
6 10 30 0.0
6 11 29 0.0
6 12 33 -15.574472010704472
6 12 34 -1.72223648185054E-7
6 13 3 0.0
6 14 9 0.0
6 15 37 -1.9701626255053934
6 15 39 -0.15016517446895253
6 16 19 0.0
6 17 41 0.0
6 18 46 0.0
6 19 48 0.0
6 20 45 0.0
6 21 43 0.0
6 22 51 0.0
6 23 56 0.0
6 24 55 -5.47232379763413
6 24 58 -0.004210308390581197
6 25 53 0.0
6 26 62 0.0
6 27 64 0.0
6 28 66 0.0
6 29 68 0.0
6 30 61 0.0
7 0 2 0.0
7 1 1 0.0
7 2 5 -0.7436568109721727
7 2 8 -0.6450932289292135
7 2 10 -11.177664081707785
7 3 7 -1.8472463588042295E-5
7 3 12 -10.899238625652327
7 4 14 0.0
7 5 16 0.0
7 6 18 0.0
7 8 21 0.0
7 9 25 0.0
7 10 27 0.0
7 11 29 0.0
7 12 33 0.0
7 13 35 0.0
7 14 38 0.0
7 15 37 0.0
7 16 40 0.0
7 17 44 0.0
7 18 23 0.0
7 19 47 0.0
7 20 49 0.0
7 21 43 0.0
7 22 51 -0.12248979884186224
7 22 52 -2.1603473485074174
7 23 31 0.0
7 24 55 0.0
7 25 57 0.0
7 26 59 0.0
7 27 64 -10.467697719031756
7 27 63 -2.8440866136074784E-5
7 28 66 0.0
7 29 68 0.0
7 30 61 0.0
8 0 2 0.0
8 1 1 0.0
8 2 5 -0.7450172038375943
8 2 8 -0.6438625905456349
8 2 10 -11.1601938069389
8 3 7 -1.874479290471005E-5
8 3 12 -10.884603928249827
8 4 14 0.0
8 5 16 0.0
8 6 18 0.0
8 7 20 0.0
8 9 25 0.0
8 10 27 0.0
8 11 29 0.0
8 12 33 0.0
8 13 35 0.0
8 14 38 0.0
8 15 37 0.0
8 16 40 0.0
8 17 44 0.0
8 18 23 0.0
8 19 47 0.0
8 20 49 0.0
8 21 43 0.0
8 22 51 -0.12248289718459153
8 22 52 -2.160400314446613
8 23 31 0.0
8 24 55 0.0
8 25 57 0.0
8 26 59 0.0
8 27 64 -10.475128436225848
8 27 63 -2.8230310379224637E-5
8 28 66 0.0
8 29 68 0.0
8 30 61 0.0
9 0 2 0.0
9 1 1 0.0
9 2 5 -0.7567595865111083
9 2 8 -0.6334603437598969
9 2 10 -9.66215546210737
9 3 7 0.0
9 4 13 -7.27963259090872E-5
9 4 14 -9.527881470260766
9 5 16 0.0
9 6 18 0.0
9 7 20 0.0
9 8 24 0.0
9 10 27 0.0
9 11 29 0.0
9 12 33 0.0
9 13 35 0.0
9 14 38 0.0
9 15 37 0.0
9 16 42 0.0
9 17 41 -2.1611517613822047
9 17 44 -0.12238502537648166
9 18 23 0.0
9 19 47 0.0
9 20 49 0.0
9 21 50 0.0
9 22 52 0.0
9 23 31 0.0
9 24 55 0.0
9 25 57 0.0
9 26 59 0.0
9 27 64 -9.515325357120615
9 27 63 -7.371616119702331E-5
9 28 66 0.0
9 29 68 0.0
9 30 61 0.0
10 0 2 0.0
10 1 1 0.0
10 2 5 -0.7745447033011925
10 2 8 -0.6179091541218938
10 2 10 -11.040352702183343
10 3 7 0.0
10 4 13 -1.9178362463404382E-5
10 4 14 -10.861737458618618
10 5 16 0.0
10 6 18 0.0
10 7 20 0.0
10 8 24 0.0
10 9 26 0.0
10 11 29 0.0
10 12 33 0.0
10 13 35 0.0
10 14 38 0.0
10 15 37 0.0
10 16 42 0.0
10 17 41 -2.1638996419066934
10 17 44 -0.12202783596213913
10 18 23 0.0
10 19 47 0.0
10 20 49 0.0
10 21 50 0.0
10 22 52 0.0
10 23 31 0.0
10 24 55 0.0
10 25 57 0.0
10 26 59 0.0
10 27 64 -10.944970750008938
10 27 63 -1.7646697074638636E-5
10 28 66 0.0
10 29 68 0.0
10 30 61 0.0
11 0 2 0.0
11 1 1 0.0
11 2 5 -0.7061526390435259
11 2 8 -0.6803086947932677
11 3 7 0.0
11 4 13 0.0
11 5 15 0.0
11 6 17 -0.7121530851683764
11 6 18 -11.493024115809677
11 6 11 -0.6745157985057256
11 7 20 0.0
11 8 24 0.0
11 9 26 0.0
11 10 28 0.0
11 12 33 0.0
11 13 35 0.0
11 14 38 0.0
11 15 37 0.0
11 16 42 0.0
11 17 41 -2.134021371846486
11 17 44 -0.12597188299886802
11 18 23 0.0
11 19 47 0.0
11 20 49 0.0
11 21 50 0.0
11 22 52 0.0
11 23 31 0.0
11 24 55 0.0
11 25 57 0.0
11 26 59 0.0
11 27 64 -10.50383573825095
11 27 63 -2.7431405286787426E-5
11 28 66 0.0
11 29 68 0.0
11 30 61 0.0
12 0 2 0.0
12 1 1 0.0
12 2 5 -0.7431507877857771
12 2 8 -0.6455253111597746
12 3 7 0.0
12 4 13 0.0
12 5 15 0.0
12 6 17 -0.6987236345160859
12 6 18 -11.574371322062033
12 6 11 -0.6876203553133976
12 7 20 0.0
12 8 24 0.0
12 9 26 0.0
12 10 28 0.0
12 11 32 0.0
12 13 35 0.0
12 14 38 0.0
12 15 37 0.0
12 16 42 0.0
12 17 41 -2.134163941510557
12 17 44 -0.12595274452956995
12 18 23 0.0
12 19 47 0.0
12 20 49 0.0
12 21 50 0.0
12 22 52 0.0
12 23 31 0.0
12 24 55 0.0
12 25 57 0.0
12 26 59 0.0
12 27 64 -10.657453780488074
12 27 63 -2.3525114203348E-5
12 28 66 0.0
12 29 68 0.0
12 30 61 0.0
13 0 2 0.0
13 1 1 0.0
13 2 5 -0.42740409654598244
13 2 8 -1.056127525321277
13 3 7 0.0
13 4 13 0.0
13 5 15 0.0
13 6 17 -0.6412348760526188
13 6 11 -0.7479026405522529
13 7 20 0.0
13 8 24 0.0
13 9 26 0.0
13 10 28 0.0
13 11 32 0.0
13 12 34 0.0
13 14 38 0.0
13 15 37 0.0
13 16 19 0.0
13 17 41 -7.014778451653707E-5
13 17 44 -9.564941407688828
13 18 23 0.0
13 19 47 0.0
13 20 49 0.0
13 21 43 0.0
13 22 51 -3.0474250451278603E-4
13 22 52 -8.096195752816186
13 23 31 0.0
13 24 55 0.0
13 25 57 0.0
13 26 59 0.0
13 27 64 -8.911438232728011
13 27 63 -1.3484685780533625E-4
13 28 66 0.0
13 29 68 0.0
13 30 61 0.0
14 0 0 -0.21501446110461248
14 0 2 -1.642631663529649
14 1 4 0.0
14 2 8 0.0
14 3 7 0.0
14 4 13 0.0
14 5 15 0.0
14 6 17 -0.7964812978810275
14 6 11 -0.5994980227459428
14 7 20 0.0
14 8 24 0.0
14 9 26 0.0
14 10 28 0.0
14 11 32 0.0
14 12 36 0.0
14 13 35 0.0
14 15 39 0.0
14 16 19 0.0
14 17 41 0.0
14 18 23 0.0
14 19 47 0.0
14 20 49 -6.077502444587616E-4
14 20 45 -7.406050402264591
14 21 43 0.0
14 22 51 -0.0025093109753362296
14 22 52 -5.989001468469511
14 23 31 0.0
14 24 55 0.0
14 25 57 0.0
14 26 59 0.0
14 27 64 -6.739735067819857
14 27 63 -0.0011836607695084429
14 28 66 0.0
14 29 68 0.0
14 30 61 0.0
15 0 2 0.0
15 1 1 -0.37212262491828835
15 1 4 -1.168829996136538
15 2 8 0.0
15 3 7 0.0
15 4 13 0.0
15 5 15 0.0
15 6 17 -0.7798514783258294
15 6 18 -10.294699633921182
15 6 11 -0.6134268228524771
15 7 20 0.0
15 8 24 0.0
15 9 26 0.0
15 10 28 0.0
15 11 32 0.0
15 12 36 0.0
15 13 35 0.0
15 14 38 0.0
15 16 42 0.0
15 17 41 -2.130114590451809
15 17 44 -0.12649753347236165
15 18 23 0.0
15 19 47 0.0
15 20 49 0.0
15 21 50 0.0
15 22 52 0.0
15 23 31 0.0
15 24 55 0.0
15 25 57 0.0
15 26 59 0.0
15 27 64 -9.103716996411743
15 27 63 -1.1125770642566018E-4
15 28 66 0.0
15 29 68 0.0
15 30 61 0.0
16 0 0 0.0
16 1 4 0.0
16 2 10 0.0
16 3 7 -1.41297000506241
16 3 12 -0.27894601263524027
16 4 14 0.0
16 5 16 0.0
16 6 18 0.0
16 7 22 0.0
16 8 21 0.0
16 9 25 -0.12220098041172403
16 9 26 -2.1625665652340436
16 10 30 0.0
16 11 29 0.0
16 12 33 0.0
16 13 3 -4.959355054916516E-5
16 13 35 -9.911674558609908
16 14 9 0.0
16 15 37 -11.402080473636476
16 15 39 -1.1172279553544976E-5
16 17 41 0.0
16 18 46 0.0
16 19 48 0.0
16 20 45 0.0
16 21 43 0.0
16 22 51 0.0
16 23 56 0.0
16 24 55 -7.130018346323997
16 24 58 -8.010254325969066E-4
16 25 53 0.0
16 26 62 0.0
16 27 64 0.0
16 28 66 0.0
16 29 68 0.0
16 30 61 0.0
17 0 0 0.0
17 1 4 0.0
17 2 10 0.0
17 3 7 -1.3424747148222131
17 3 12 -0.30272596834399407
17 4 14 0.0
17 5 16 0.0
17 6 18 0.0
17 7 22 0.0
17 8 21 0.0
17 9 25 -0.12228043051326964
17 9 26 -2.1619555331310507
17 10 30 0.0
17 11 29 0.0
17 12 33 0.0
17 13 3 -6.559616960939193E-5
17 13 35 -9.632026051725731
17 14 9 0.0
17 15 37 -11.15197715418005
17 15 39 -1.4346995927707096E-5
17 16 40 0.0
17 18 46 0.0
17 19 48 0.0
17 20 45 0.0
17 21 43 0.0
17 22 51 0.0
17 23 56 0.0
17 24 55 -6.832021395495762
17 24 58 -0.0010792576716984294
17 25 53 0.0
17 26 62 0.0
17 27 64 0.0
17 28 66 0.0
17 29 68 0.0
17 30 61 0.0
18 0 2 0.0
18 1 1 -1.162934221070695E-4
18 1 4 -9.059452205886062
18 2 10 0.0
18 3 7 -0.6951031574025044
18 3 12 -0.6911950220953509
18 4 14 0.0
18 5 16 0.0
18 6 18 0.0
18 7 22 0.0
18 8 21 0.0
18 9 25 0.0
18 10 27 0.0
18 11 29 0.0
18 12 33 0.0
18 13 35 0.0
18 14 38 -0.0031337498613986507
18 14 9 -5.767091418468235
18 15 37 0.0
18 16 40 0.0
18 17 44 0.0
18 19 47 0.0
18 20 49 0.0
18 21 43 0.0
18 22 51 0.0
18 23 31 0.0
18 24 55 0.0
18 25 53 -0.12238531059557103
18 25 57 -2.161149570579872
18 26 59 -2.1940240049364927E-6
18 26 62 -13.029774352043429
18 27 64 0.0
18 28 66 0.0
18 29 68 0.0
18 30 61 0.0
19 0 0 -9.168732214075833
19 0 2 -1.042540251460119E-4
19 1 4 0.0
19 2 10 0.0
19 3 7 -0.6944622259755288
19 3 12 -0.6918338622178751
19 4 14 0.0
19 5 16 0.0
19 6 18 0.0
19 7 22 0.0
19 8 21 0.0
19 9 25 0.0
19 10 27 0.0
19 11 29 0.0
19 12 33 0.0
19 13 35 0.0
19 14 38 -7.07909899679293E-4
19 14 9 -7.253547666777992
19 15 37 0.0
19 16 40 0.0
19 17 44 0.0
19 18 46 0.0
19 20 49 0.0
19 21 43 0.0
19 22 51 0.0
19 23 31 0.0
19 24 55 0.0
19 25 53 -0.12210714025359519
19 25 57 -2.1632888117361015
19 26 59 -7.102880609351591E-7
19 26 62 -14.157595584688943
19 27 64 0.0
19 28 66 0.0
19 29 68 0.0
19 30 61 0.0
20 0 0 -9.005779609791839
20 0 2 -1.2270612888217385E-4
20 1 4 0.0
20 2 10 0.0
20 3 7 -0.6944905284149636
20 3 12 -0.691805634867726
20 4 14 0.0
20 5 16 0.0
20 6 18 0.0
20 7 22 0.0
20 8 21 0.0
20 9 25 0.0
20 10 27 0.0
20 11 29 0.0
20 12 33 0.0
20 13 35 0.0
20 14 38 -8.324410726340533E-4
20 14 9 -7.091564313900789
20 15 37 0.0
20 16 40 0.0
20 17 44 0.0
20 18 46 0.0
20 19 48 0.0
20 21 43 0.0
20 22 51 0.0
20 23 31 0.0
20 24 55 0.0
20 25 53 -0.12211569443797937
20 25 57 -2.1632229495132207
20 26 59 -8.125258879352444E-7
20 26 62 -14.023118467599568
20 27 64 0.0
20 28 66 0.0
20 29 68 0.0
20 30 61 0.0
21 0 0 0.0
21 1 4 0.0
21 2 10 0.0
21 3 7 -1.392705524728708
21 3 12 -0.2855541195008765
21 4 14 0.0
21 5 16 0.0
21 6 18 0.0
21 7 22 0.0
21 8 21 -0.12212333053614924
21 8 24 -2.163164160158041
21 9 26 0.0
21 10 30 0.0
21 11 29 0.0
21 12 33 0.0
21 13 3 -1.3919931129416997E-4
21 13 35 -8.879673356523583
21 14 9 0.0
21 15 37 -10.471996398094317
21 15 39 -2.8318868651189917E-5
21 16 42 0.0
21 17 41 0.0
21 18 46 0.0
21 19 48 0.0
21 20 45 0.0
21 22 51 0.0
21 23 56 0.0
21 24 55 -6.071932265874275
21 24 58 -0.0023093762791066325
21 25 53 0.0
21 26 62 0.0
21 27 64 0.0
21 28 66 0.0
21 29 68 0.0
21 30 61 0.0
22 0 0 0.0
22 1 4 0.0
22 2 10 0.0
22 3 7 -1.5216905449206106
22 3 12 -0.24633855895683435
22 4 14 0.0
22 5 16 0.0
22 6 18 0.0
22 7 22 0.0
22 8 21 -0.12242298088078452
22 8 24 -2.160860268221692
22 9 26 0.0
22 10 30 0.0
22 11 29 0.0
22 12 33 0.0
22 13 3 -2.3311530006235877E-4
22 13 35 -8.364093932129363
22 14 38 -6.501261101956313
22 14 9 -0.0015026728454264496
22 15 37 0.0
22 16 42 0.0
22 17 41 0.0
22 18 46 0.0
22 19 48 0.0
22 20 45 0.0
22 21 50 0.0
22 23 56 0.0
22 24 55 -5.516442195543673
22 24 58 -0.004028227775180744
22 25 53 0.0
22 26 62 0.0
22 27 64 0.0
22 28 66 0.0
22 29 68 0.0
22 30 61 0.0
23 0 2 0.0
23 1 1 0.0
23 2 5 -0.765271802804961
23 2 8 -0.6259114573235226
23 2 10 -10.88441982937247
23 3 7 0.0
23 4 13 -2.2344253182132694E-5
23 4 14 -10.708952570392556
23 5 16 0.0
23 6 18 0.0
23 7 20 0.0
23 8 24 0.0
23 9 26 0.0
23 10 30 0.0
23 11 29 0.0
23 12 33 0.0
23 13 35 0.0
23 14 38 0.0
23 15 37 0.0
23 16 42 0.0
23 17 41 -2.16374242567415
23 17 44 -0.12204824216959052
23 18 23 0.0
23 19 47 0.0
23 20 49 0.0
23 21 50 0.0
23 22 52 0.0
23 24 55 0.0
23 25 57 0.0
23 26 59 0.0
23 27 64 -10.80001803422981
23 27 63 -2.0399343590290082E-5
23 28 66 0.0
23 29 68 0.0
23 30 61 0.0
24 0 2 0.0
24 1 1 0.0
24 2 5 -0.7526508184904449
24 2 8 -0.6393054973495643
24 2 10 -6.704659450342108
24 3 7 0.0
24 4 13 -0.00192439094522389
24 4 14 -6.254107794565668
24 5 16 0.0
24 6 18 0.0
24 7 20 0.0
24 8 24 0.0
24 9 26 0.0
24 10 30 0.0
24 11 29 0.0
24 12 33 0.0
24 13 35 0.0
24 14 38 0.0
24 15 37 0.0
24 16 42 0.0
24 17 41 -1.9977624219474928
24 17 44 -0.14576413190525514
24 18 23 0.0
24 19 47 0.0
24 20 49 0.0
24 21 50 0.0
24 22 52 0.0
24 23 54 0.0
24 25 57 0.0
24 26 59 0.0
24 27 63 0.0
24 28 65 0.0
24 29 67 -3.6015538107397074E-4
24 29 68 -7.929155077824363
24 30 61 0.0
25 0 0 -2.9010604575846334E-5
25 0 2 -10.44786362506355
25 1 4 0.0
25 2 10 0.0
25 3 7 -1.006177325681772
25 3 12 -0.4550975739747965
25 4 14 0.0
25 5 16 0.0
25 6 18 0.0
25 7 20 0.0
25 8 24 0.0
25 9 26 0.0
25 10 30 0.0
25 11 29 0.0
25 12 33 0.0
25 13 35 0.0
25 14 38 -7.901936526692707
25 14 9 -3.7009475703432066E-4
25 15 37 0.0
25 16 42 0.0
25 17 41 0.0
25 18 23 -2.1579424053500573
25 18 46 -0.12280360755618572
25 19 48 0.0
25 20 45 0.0
25 21 50 0.0
25 22 52 0.0
25 23 56 0.0
25 24 55 -7.245625552272386
25 24 58 -7.135423251643004E-4
25 26 62 0.0
25 27 64 0.0
25 28 66 0.0
25 29 68 0.0
25 30 61 0.0
26 0 0 -0.5357271809001544
26 0 2 -0.8800638164199363
26 1 4 0.0
26 2 10 0.0
26 3 7 -0.9152387625247993
26 3 12 -0.5115275519687532
26 4 14 0.0
26 5 16 0.0
26 6 18 0.0
26 7 20 0.0
26 8 24 0.0
26 9 26 0.0
26 10 30 0.0
26 11 29 0.0
26 12 33 0.0
26 13 35 0.0
26 14 38 -0.7418058732846932
26 14 9 -0.6467466994212278
26 15 37 0.0
26 16 42 0.0
26 17 41 0.0
26 18 23 -2.1884791943740196E-5
26 18 46 -10.729729536537988
26 19 48 0.0
26 20 45 0.0
26 21 50 0.0
26 22 52 0.0
26 23 54 -7.069092309147412E-6
26 23 56 -11.859782007095909
26 24 58 0.0
26 25 60 0.0
26 27 63 0.0
26 28 65 0.0
26 29 67 0.0
26 30 69 0.0
27 0 0 -0.5308325182954041
27 0 2 -0.8870114570289882
27 1 4 0.0
27 2 10 0.0
27 3 7 -0.9160352054792653
27 3 12 -0.510996010977427
27 4 14 0.0
27 5 16 0.0
27 6 18 0.0
27 7 20 0.0
27 8 24 0.0
27 9 26 0.0
27 10 30 0.0
27 11 29 0.0
27 12 33 0.0
27 13 35 0.0
27 14 38 -0.7494660991633146
27 14 9 -0.6398316844533316
27 15 37 0.0
27 16 42 0.0
27 17 41 0.0
27 18 23 -2.1740025055390612E-5
27 18 46 -10.736366393761502
27 19 48 0.0
27 20 45 0.0
27 21 50 0.0
27 22 52 0.0
27 23 54 -7.003979753046594E-6
27 23 56 -11.869035536297964
27 24 58 0.0
27 25 60 0.0
27 26 62 0.0
27 28 65 0.0
27 29 67 0.0
27 30 69 0.0
28 0 0 -1.0260968834512643E-4
28 0 2 -9.184629505775037
28 1 4 0.0
28 2 10 0.0
28 3 7 -0.9189750813687794
28 3 12 -0.50904005228123
28 4 14 0.0
28 5 16 0.0
28 6 18 0.0
28 7 20 0.0
28 8 24 0.0
28 9 26 0.0
28 10 30 0.0
28 11 29 0.0
28 12 33 0.0
28 13 35 0.0
28 14 38 -6.446944377691472
28 14 9 -0.001586617044995025
28 15 37 0.0
28 16 42 0.0
28 17 41 0.0
28 18 23 -2.1328857031967225
28 18 46 -0.1261244450726575
28 19 48 0.0
28 20 45 0.0
28 21 50 0.0
28 22 52 0.0
28 23 56 0.0
28 24 55 -5.869630877403323
28 24 58 -0.0028279102844669863
28 25 60 0.0
28 26 62 0.0
28 27 64 0.0
28 29 67 0.0
28 30 69 0.0
29 0 0 -6.080101688188389E-5
29 0 2 -9.707934444455988
29 1 4 0.0
29 2 10 0.0
29 3 7 -0.8960968391549772
29 3 12 -0.5245183891360826
29 4 14 0.0
29 5 16 0.0
29 6 18 0.0
29 7 20 0.0
29 8 24 0.0
29 9 26 0.0
29 10 30 0.0
29 11 29 0.0
29 12 33 0.0
29 13 35 0.0
29 14 38 -7.067556034556044
29 14 9 -8.526770165268519E-4
29 15 37 0.0
29 16 42 0.0
29 17 41 0.0
29 18 23 -2.148338935981723
29 18 46 -0.1240652595457615
29 19 48 0.0
29 20 45 0.0
29 21 50 0.0
29 22 52 0.0
29 23 56 0.0
29 24 55 -6.4538681389871115
29 24 58 -0.0015756610004315972
29 25 60 0.0
29 26 62 0.0
29 27 64 0.0
29 28 66 0.0
29 30 69 0.0
30 0 0 -2.529776487497178E-5
30 0 2 -10.584807159852657
30 1 4 0.0
30 2 10 0.0
30 3 7 -1.0287191969757161
30 3 12 -0.44233322500866346
30 4 14 0.0
30 5 16 0.0
30 6 18 0.0
30 7 20 0.0
30 8 24 0.0
30 9 26 0.0
30 10 30 0.0
30 11 29 0.0
30 12 33 0.0
30 13 35 0.0
30 14 38 -8.034506410649083
30 14 9 -3.241369823351553E-4
30 15 37 0.0
30 16 42 0.0
30 17 41 0.0
30 18 23 -2.158832076223791
30 18 46 -0.12268741951832618
30 19 48 0.0
30 20 45 0.0
30 21 50 0.0
30 22 52 0.0
30 23 56 0.0
30 24 55 -7.407044476124445
30 24 58 -6.071462126628072E-4
30 25 60 0.0
30 26 62 0.0
30 27 64 0.0
30 28 66 0.0
30 29 68 0.0
