0 1 1 0.0
0 2 5 0.0
0 3 7 0.0
0 4 13 0.0
0 5 15 0.0
0 6 17 -0.21849217618496933
0 6 11 -1.6282628328722142
0 7 20 0.0
0 8 24 0.0
0 9 26 0.0
0 10 28 0.0
0 11 32 0.0
0 12 34 0.0
0 13 3 0.0
0 14 38 -0.0012016088751766211
0 14 9 -6.724694635125925
0 15 37 0.0
0 16 19 0.0
0 17 41 0.0
0 18 23 0.0
0 19 47 0.0
0 20 49 -9.823576009513101E-5
0 20 45 -9.228189370616093
0 21 43 0.0
0 22 51 -0.5803152108823636
0 22 52 -0.8203487251678644
0 23 31 0.0
0 24 55 0.0
0 25 57 0.0
0 26 59 0.0
0 27 64 -1.8113017808499898
0 27 63 -0.1784585082890019
0 28 66 0.0
0 29 68 0.0
0 30 61 0.0
1 0 0 0.0
1 2 5 0.0
1 3 7 0.0
1 4 13 0.0
1 5 15 0.0
1 6 17 -0.1551755584070005
1 6 11 -1.9397828379986999
1 7 20 -0.7421650299296528
1 7 22 -0.6464202233553296
1 8 24 0.0
1 9 26 0.0
1 10 28 0.0
1 11 32 0.0
1 12 34 0.0
1 13 3 0.0
1 14 9 0.0
1 15 37 -0.821320661876412
1 15 39 -0.5795513472448792
1 16 19 0.0
1 17 41 0.0
1 18 46 0.0
1 19 48 0.0
1 20 45 0.0
1 21 43 0.0
1 22 51 0.0
1 23 56 -1.5505467355546325
1 23 31 -0.23842466765286446
1 24 55 -3.669386233446468
1 24 58 -0.025822664994357716
1 25 53 0.0
1 26 62 0.0
1 27 64 0.0
1 28 66 0.0
1 29 68 0.0
1 30 61 0.0
2 0 0 0.0
2 1 4 0.0
2 3 7 0.0
2 4 13 0.0
2 5 15 0.0
2 6 17 -0.1535427741883163
2 6 11 -1.9495653639274537
2 7 20 -0.5475866154781167
2 7 22 -0.8635652110922984
2 8 24 0.0
2 9 26 0.0
2 10 28 0.0
2 11 32 0.0
2 12 34 -0.7738024288298393
2 12 36 -0.6185144720772733
2 13 3 0.0
2 14 9 0.0
2 15 39 0.0
2 16 19 0.0
2 17 41 0.0
2 18 46 0.0
2 19 48 0.0
2 20 45 0.0
2 21 43 0.0
2 22 51 0.0
2 23 56 -2.901667863085814
2 23 31 -0.05649789416341447
2 24 55 -4.174729300237769
2 24 58 -0.015498843239984074
2 25 53 0.0
2 26 62 0.0
2 27 64 0.0
2 28 66 0.0
2 29 68 0.0
2 30 61 0.0
3 0 0 0.0
3 1 4 0.0
3 2 6 0.0
3 4 13 0.0
3 5 15 0.0
3 6 17 -0.15354747609068856
3 6 11 -1.9495370324557828
3 7 20 -0.5475948178151677
3 7 22 -0.8635539608688649
3 8 24 0.0
3 9 26 0.0
3 10 28 0.0
3 11 32 0.0
3 12 34 -0.7738096174792496
3 12 36 -0.6185083174224157
3 13 3 0.0
3 14 9 0.0
3 15 39 0.0
3 16 19 0.0
3 17 41 0.0
3 18 46 0.0
3 19 48 0.0
3 20 45 0.0
3 21 43 0.0
3 22 51 0.0
3 23 56 -2.9015665137890014
3 23 31 -0.056503785345000786
3 24 55 -4.149761845064125
3 24 58 -0.01589381141207787
3 25 53 0.0
3 26 62 0.0
3 27 64 0.0
3 28 66 0.0
3 29 68 0.0
3 30 61 0.0
4 0 0 0.0
4 1 4 0.0
4 2 6 0.0
4 3 12 0.0
4 5 15 0.0
4 6 17 -0.08129612940566058
4 6 11 -2.5500295746886184
4 7 22 0.0
4 8 21 0.0
4 9 25 -0.9684327682872235
4 9 26 -0.4775159600523437
4 10 28 -0.10812667184756314
4 10 30 -2.2780280943366265
4 11 32 0.0
4 12 34 -0.7152239111616006
4 12 36 -0.671547323141026
4 13 3 0.0
4 14 9 0.0
4 15 39 0.0
4 16 19 0.0
4 17 41 0.0
4 18 46 0.0
4 19 48 0.0
4 20 45 0.0
4 21 43 0.0
4 22 51 0.0
4 23 56 0.0
4 24 55 -3.809802093832922
4 24 58 -0.022401615647438075
4 25 53 0.0
4 26 62 0.0
4 27 64 0.0
4 28 66 0.0
4 29 68 0.0
4 30 61 0.0
5 0 0 0.0
5 1 4 0.0
5 2 6 -0.052045216823811906
5 2 10 -2.981552132207927
5 3 12 0.0
5 4 14 0.0
5 6 17 0.0
5 7 22 0.0
5 8 21 0.0
5 9 25 -0.8837946903431483
5 9 26 -0.5330915491565194
5 10 28 -0.129744310318448
5 10 30 -2.106360463113858
5 11 32 0.0
5 12 34 -0.6937569633816076
5 12 36 -0.6925377693467836
5 13 3 0.0
5 14 9 0.0
5 15 39 0.0
5 16 19 0.0
5 17 41 0.0
5 18 46 0.0
5 19 48 0.0
5 20 45 0.0
5 21 43 0.0
5 22 51 0.0
5 23 56 0.0
5 24 55 -3.8189677725145477
5 24 58 -0.022194942602073168
5 25 53 0.0
5 26 62 0.0
5 27 64 0.0
5 28 66 0.0
5 29 68 0.0
5 30 61 0.0
6 0 0 0.0
6 1 4 0.0
6 2 10 0.0
6 3 7 -1.962282152808515
6 3 12 -0.15144788385409866
6 4 14 0.0
6 5 16 0.0
6 7 22 0.0
6 8 21 0.0
6 9 25 -0.5252671121005712
6 9 26 -0.8950121694835883
6 10 30 0.0
6 11 29 0.0
6 12 33 -0.6462561102629152
6 12 34 -0.7423456639428995
6 13 3 0.0
6 14 9 0.0
6 15 37 -0.5448024173266467
6 15 39 -0.8673966715508356
6 16 19 0.0
6 17 41 0.0
6 18 46 0.0
6 19 48 0.0
6 20 45 0.0
6 21 43 0.0
6 22 51 0.0
6 23 56 0.0
6 24 55 -3.8703663926878673
6 24 58 -0.02107117460267288
6 25 53 0.0
6 26 62 0.0
6 27 64 0.0
6 28 66 0.0
6 29 68 0.0
6 30 61 0.0
7 0 2 0.0
7 1 1 0.0
7 2 5 -0.9534902762809143
7 2 8 -0.7425841819993643
7 2 10 -1.9752696621090187
7 3 7 -0.42431676960739423
7 3 12 -1.0619427495205558
7 4 14 0.0
7 5 16 0.0
7 6 18 0.0
7 8 21 0.0
7 9 25 0.0
7 10 27 0.0
7 11 29 0.0
7 12 33 0.0
7 13 35 0.0
7 14 38 0.0
7 15 37 0.0
7 16 40 0.0
7 17 44 0.0
7 18 23 0.0
7 19 47 0.0
7 20 49 0.0
7 21 43 0.0
7 22 51 -0.5251908453139781
7 22 52 -0.8951225657077609
7 23 31 0.0
7 24 55 0.0
7 25 57 0.0
7 26 59 0.0
7 27 64 -1.8112915991679264
7 27 63 -0.17846049752977028
7 28 66 0.0
7 29 68 0.0
7 30 61 0.0
8 0 2 0.0
8 1 1 0.0
8 2 5 -0.9534896007892257
8 2 8 -0.7425834782428321
8 2 10 -1.975273952913147
8 3 7 -0.4243173716726965
8 3 12 -1.0619416104236679
8 4 14 0.0
8 5 16 0.0
8 6 18 0.0
8 7 20 0.0
8 9 25 0.0
8 10 27 0.0
8 11 29 0.0
8 12 33 0.0
8 13 35 0.0
8 14 38 0.0
8 15 37 0.0
8 16 40 0.0
8 17 44 0.0
8 18 23 0.0
8 19 47 0.0
8 20 49 0.0
8 21 43 0.0
8 22 51 -0.525190853733311
8 22 52 -0.8951225535196334
8 23 31 0.0
8 24 55 0.0
8 25 57 0.0
8 26 59 0.0
8 27 64 -1.8112915986197256
8 27 63 -0.17846049763687552
8 28 66 0.0
8 29 68 0.0
8 30 61 0.0
9 0 2 0.0
9 1 1 0.0
9 2 5 -0.8215912413594922
9 2 8 -0.6843196022671865
9 2 10 -2.8853491162660747
9 3 7 0.0
9 4 13 -0.11319632030377831
9 4 14 -2.2346959450847503
9 5 16 0.0
9 6 18 0.0
9 7 20 0.0
9 8 24 0.0
9 10 27 0.0
9 11 29 0.0
9 12 33 0.0
9 13 35 0.0
9 14 38 0.0
9 15 37 0.0
9 16 42 0.0
9 17 41 -0.8951261539242853
9 17 44 -0.5251883666479206
9 18 23 0.0
9 19 47 0.0
9 20 49 0.0
9 21 50 0.0
9 22 52 0.0
9 23 31 0.0
9 24 55 0.0
9 25 57 0.0
9 26 59 0.0
9 27 64 -1.8113056160130305
9 27 63 -0.178457759002321
9 28 66 0.0
9 29 68 0.0
9 30 61 0.0
10 0 2 0.0
10 1 1 0.0
10 2 5 -0.8215904821638662
10 2 8 -0.6840748046420204
10 2 10 -2.887569406608796
10 3 7 0.0
10 4 13 -0.11280500325642677
10 4 14 -2.237966936600777
10 5 16 0.0
10 6 18 0.0
10 7 20 0.0
10 8 24 0.0
10 9 26 0.0
10 11 29 0.0
10 12 33 0.0
10 13 35 0.0
10 14 38 0.0
10 15 37 0.0
10 16 42 0.0
10 17 41 -0.8951519569561147
10 17 44 -0.5251705428879478
10 18 23 0.0
10 19 47 0.0
10 20 49 0.0
10 21 50 0.0
10 22 52 0.0
10 23 31 0.0
10 24 55 0.0
10 25 57 0.0
10 26 59 0.0
10 27 64 -1.8112988096492233
10 27 63 -0.17845908878328454
10 28 66 0.0
10 29 68 0.0
10 30 61 0.0
11 0 2 0.0
11 1 1 0.0
11 2 5 -0.8213120864681782
11 2 8 -0.5795580810268265
11 3 7 0.0
11 4 13 0.0
11 5 15 0.0
11 6 17 -0.304995779723171
11 6 18 -2.731083674605488
11 6 11 -1.6208787940642824
11 7 20 0.0
11 8 24 0.0
11 9 26 0.0
11 10 28 0.0
11 12 33 0.0
11 13 35 0.0
11 14 38 0.0
11 15 37 0.0
11 16 42 0.0
11 17 41 -0.8951351207015238
11 17 44 -0.5251821726486634
11 18 23 0.0
11 19 47 0.0
11 20 49 0.0
11 21 50 0.0
11 22 52 0.0
11 23 31 0.0
11 24 55 0.0
11 25 57 0.0
11 26 59 0.0
11 27 64 -1.811274119224426
11 27 63 -0.17846391272098466
11 28 66 0.0
11 29 68 0.0
11 30 61 0.0
12 0 2 0.0
12 1 1 0.0
12 2 5 -0.8213181832165731
12 2 8 -0.5795532935853434
12 3 7 0.0
12 4 13 0.0
12 5 15 0.0
12 6 17 -0.30491634854832234
12 6 18 -2.731768045276623
12 6 11 -1.6209495138978278
12 7 20 0.0
12 8 24 0.0
12 9 26 0.0
12 10 28 0.0
12 11 32 0.0
12 13 35 0.0
12 14 38 0.0
12 15 37 0.0
12 16 42 0.0
12 17 41 -0.8951358609580157
12 17 44 -0.5251816613043517
12 18 23 0.0
12 19 47 0.0
12 20 49 0.0
12 21 50 0.0
12 22 52 0.0
12 23 31 0.0
12 24 55 0.0
12 25 57 0.0
12 26 59 0.0
12 27 64 -1.8112710627357718
12 27 63 -0.17846450989804785
12 28 66 0.0
12 29 68 0.0
12 30 61 0.0
13 0 2 0.0
13 1 1 0.0
13 2 5 -0.8143935876027081
13 2 8 -0.5850245783109385
13 3 7 0.0
13 4 13 0.0
13 5 15 0.0
13 6 17 -0.2184326531018398
13 6 11 -1.628506617825441
13 7 20 0.0
13 8 24 0.0
13 9 26 0.0
13 10 28 0.0
13 11 32 0.0
13 12 34 0.0
13 14 38 0.0
13 15 37 0.0
13 16 19 0.0
13 17 41 -0.5648749885682268
13 17 44 -0.8403283436577539
13 18 23 0.0
13 19 47 0.0
13 20 49 0.0
13 21 43 0.0
13 22 51 -0.1409103234719298
13 22 52 -2.029259571634505
13 23 31 0.0
13 24 55 0.0
13 25 57 0.0
13 26 59 0.0
13 27 64 -1.8113008633701069
13 27 63 -0.17845868754015812
13 28 66 0.0
13 29 68 0.0
13 30 61 0.0
14 0 0 -6.4824072272046465
14 0 2 -0.0015312947225323739
14 1 4 0.0
14 2 8 0.0
14 3 7 0.0
14 4 13 0.0
14 5 15 0.0
14 6 17 -0.2192229159491969
14 6 11 -1.6252759998429784
14 7 20 0.0
14 8 24 0.0
14 9 26 0.0
14 10 28 0.0
14 11 32 0.0
14 12 36 0.0
14 13 35 0.0
14 15 39 0.0
14 16 19 0.0
14 17 41 0.0
14 18 23 0.0
14 19 47 0.0
14 20 49 -7.931925314648304E-4
14 20 45 -7.139841147116234
14 21 43 0.0
14 22 51 -0.39906886284204907
14 22 52 -1.1115288391558236
14 23 31 0.0
14 24 55 0.0
14 25 57 0.0
14 26 59 0.0
14 27 64 -1.8112260976549337
14 27 63 -0.17847329543226303
14 28 66 0.0
14 29 68 0.0
14 30 61 0.0
15 0 2 0.0
15 1 1 -0.8212705521779884
15 1 4 -0.5795906970092104
15 2 8 0.0
15 3 7 0.0
15 4 13 0.0
15 5 15 0.0
15 6 17 -0.4258844823581217
15 6 18 -1.7930772871851863
15 6 11 -1.7127947031986228
15 7 20 0.0
15 8 24 0.0
15 9 26 0.0
15 10 28 0.0
15 11 32 0.0
15 12 36 0.0
15 13 35 0.0
15 14 38 0.0
15 16 42 0.0
15 17 41 -0.8951144328416962
15 17 44 -0.525196463385986
15 18 23 0.0
15 19 47 0.0
15 20 49 0.0
15 21 50 0.0
15 22 52 0.0
15 23 31 0.0
15 24 55 0.0
15 25 57 0.0
15 26 59 0.0
15 27 64 -1.8112993620973237
15 27 63 -0.1784589808493371
15 28 66 0.0
15 29 68 0.0
15 30 61 0.0
16 0 0 0.0
16 1 4 0.0
16 2 10 0.0
16 3 7 -1.9526523737630266
16 3 12 -0.15303138199059352
16 4 14 0.0
16 5 16 0.0
16 6 18 0.0
16 7 22 0.0
16 8 21 0.0
16 9 25 -0.5251837339236779
16 9 26 -0.8951328605003105
16 10 30 0.0
16 11 29 0.0
16 12 33 0.0
16 13 3 -0.8247176046189569
16 13 35 -0.5768920056722218
16 14 9 0.0
16 15 37 -0.7345403019681599
16 15 39 -0.653399562713594
16 17 41 0.0
16 18 46 0.0
16 19 48 0.0
16 20 45 0.0
16 21 43 0.0
16 22 51 0.0
16 23 56 0.0
16 24 55 -3.902392102410632
16 24 58 -0.020400225382270022
16 25 53 0.0
16 26 62 0.0
16 27 64 0.0
16 28 66 0.0
16 29 68 0.0
16 30 61 0.0
17 0 0 0.0
17 1 4 0.0
17 2 10 0.0
17 3 7 -1.954011845558193
17 3 12 -0.15280675559649562
17 4 14 0.0
17 5 16 0.0
17 6 18 0.0
17 7 22 0.0
17 8 21 0.0
17 9 25 -0.5251899760492905
17 9 26 -0.8951238240877526
17 10 30 0.0
17 11 29 0.0
17 12 33 0.0
17 13 3 -0.824692199017039
17 13 35 -0.5769118350926726
17 14 9 0.0
17 15 37 -0.7345752979779133
17 15 39 -0.6533672952411751
17 16 40 0.0
17 18 46 0.0
17 19 48 0.0
17 20 45 0.0
17 21 43 0.0
17 22 51 0.0
17 23 56 0.0
17 24 55 -3.904773680673378
17 24 58 -0.020351201295673627
17 25 53 0.0
17 26 62 0.0
17 27 64 0.0
17 28 66 0.0
17 29 68 0.0
17 30 61 0.0
18 0 2 0.0
18 1 1 -0.38739004539932165
18 1 4 -1.1357730879863568
18 2 10 0.0
18 3 7 -1.6306852837122807
18 3 12 -0.21790150584393092
18 4 14 0.0
18 5 16 0.0
18 6 18 0.0
18 7 22 0.0
18 8 21 0.0
18 9 25 0.0
18 10 27 0.0
18 11 29 0.0
18 12 33 0.0
18 13 35 0.0
18 14 38 -0.0025199601846924388
18 14 9 -5.984771892809541
18 15 37 0.0
18 16 40 0.0
18 17 44 0.0
18 19 47 0.0
18 20 49 0.0
18 21 43 0.0
18 22 51 0.0
18 23 31 0.0
18 24 55 0.0
18 25 53 -0.5258184944877589
18 25 57 -0.8942146556732543
18 26 59 -0.24339640052160727
18 26 62 -1.5322948959300544
18 27 64 0.0
18 28 66 0.0
18 29 68 0.0
18 30 61 0.0
19 0 0 -9.78148646881824
19 0 2 -5.648936179969036E-5
19 1 4 0.0
19 2 10 0.0
19 3 7 -1.6328319451799151
19 3 12 -0.2173795665891583
19 4 14 0.0
19 5 16 0.0
19 6 18 0.0
19 7 22 0.0
19 8 21 0.0
19 9 25 0.0
19 10 27 0.0
19 11 29 0.0
19 12 33 0.0
19 13 35 0.0
19 14 38 -5.540841039414956E-4
19 14 9 -7.498471099830338
19 15 37 0.0
19 16 40 0.0
19 17 44 0.0
19 18 46 0.0
19 20 49 0.0
19 21 43 0.0
19 22 51 0.0
19 23 31 0.0
19 24 55 0.0
19 25 53 -0.5253867698625417
19 25 57 -0.8948390063133045
19 26 59 -0.24336829312110111
19 26 62 -1.5323968983415162
19 27 64 0.0
19 28 66 0.0
19 29 68 0.0
19 30 61 0.0
20 0 0 -9.600417552131397
20 0 2 -6.770275389562726E-5
20 1 4 0.0
20 2 10 0.0
20 3 7 -1.6322651763643254
20 3 12 -0.217517235463533
20 4 14 0.0
20 5 16 0.0
20 6 18 0.0
20 7 22 0.0
20 8 21 0.0
20 9 25 0.0
20 10 27 0.0
20 11 29 0.0
20 12 33 0.0
20 13 35 0.0
20 14 38 -6.402245596045053E-4
20 14 9 -7.354011663971462
20 15 37 0.0
20 16 40 0.0
20 17 44 0.0
20 18 46 0.0
20 19 48 0.0
20 21 43 0.0
20 22 51 0.0
20 23 31 0.0
20 24 55 0.0
20 25 53 -0.5254135783419311
20 25 57 -0.8948002172757189
20 26 59 -0.2433696780235574
20 26 62 -1.5323918721873715
20 27 64 0.0
20 28 66 0.0
20 29 68 0.0
20 30 61 0.0
21 0 0 0.0
21 1 4 0.0
21 2 10 0.0
21 3 7 -1.9602606456176306
21 3 12 -0.15177882507102333
21 4 14 0.0
21 5 16 0.0
21 6 18 0.0
21 7 22 0.0
21 8 21 -0.5251729383637354
21 8 24 -0.8951484890175212
21 9 26 0.0
21 10 30 0.0
21 11 29 0.0
21 12 33 0.0
21 13 3 -0.8245589776778663
21 13 35 -0.5770158308594441
21 14 9 0.0
21 15 37 -0.734702361875944
21 15 39 -0.6532501563903879
21 16 42 0.0
21 17 41 0.0
21 18 46 0.0
21 19 48 0.0
21 20 45 0.0
21 22 51 0.0
21 23 56 0.0
21 24 55 -3.911099529599261
21 24 58 -0.020221562645565367
21 25 53 0.0
21 26 62 0.0
21 27 64 0.0
21 28 66 0.0
21 29 68 0.0
21 30 61 0.0
22 0 0 0.0
22 1 4 0.0
22 2 10 0.0
22 3 7 -1.9648314964751268
22 3 12 -0.15103163869160488
22 4 14 0.0
22 5 16 0.0
22 6 18 0.0
22 7 22 0.0
22 8 21 -0.5251801296783162
22 8 24 -0.8951380782486454
22 9 26 0.0
22 10 30 0.0
22 11 29 0.0
22 12 33 0.0
22 13 3 -0.8243747419937784
22 13 35 -0.5771596903022188
22 14 38 -0.7337929202973739
22 14 9 -0.6540891917070344
22 15 37 0.0
22 16 42 0.0
22 17 41 0.0
22 18 46 0.0
22 19 48 0.0
22 20 45 0.0
22 21 50 0.0
22 23 56 0.0
22 24 55 -3.8779500324541964
22 24 58 -0.020910306713022204
22 25 53 0.0
22 26 62 0.0
22 27 64 0.0
22 28 66 0.0
22 29 68 0.0
22 30 61 0.0
23 0 2 0.0
23 1 1 0.0
23 2 5 -0.8215905331238745
23 2 8 -0.6840917408777909
23 2 10 -2.887415632663171
23 3 7 0.0
23 4 13 -0.1128399675197676
23 4 14 -2.2376741849725366
23 5 16 0.0
23 6 18 0.0
23 7 20 0.0
23 8 24 0.0
23 9 26 0.0
23 10 30 0.0
23 11 29 0.0
23 12 33 0.0
23 13 35 0.0
23 14 38 0.0
23 15 37 0.0
23 16 42 0.0
23 17 41 -0.8951509478612153
23 17 44 -0.5251712399179872
23 18 23 0.0
23 19 47 0.0
23 20 49 0.0
23 21 50 0.0
23 22 52 0.0
23 24 55 0.0
23 25 57 0.0
23 26 59 0.0
23 27 64 -1.8112991813628176
23 27 63 -0.17845901616013682
23 28 66 0.0
23 29 68 0.0
23 30 61 0.0
24 0 2 0.0
24 1 1 0.0
24 2 5 -0.8269948355292367
24 2 8 -0.8647602158131453
24 2 10 -1.9555558025311561
24 3 7 0.0
24 4 13 -0.09248292848061336
24 4 14 -2.426616319265019
24 5 16 0.0
24 6 18 0.0
24 7 20 0.0
24 8 24 0.0
24 9 26 0.0
24 10 30 0.0
24 11 29 0.0
24 12 33 0.0
24 13 35 0.0
24 14 38 0.0
24 15 37 0.0
24 16 42 0.0
24 17 41 -0.8367355541175058
24 17 44 -0.5676113809207537
24 18 23 0.0
24 19 47 0.0
24 20 49 0.0
24 21 50 0.0
24 22 52 0.0
24 23 54 0.0
24 25 57 0.0
24 26 59 0.0
24 27 63 0.0
24 28 65 0.0
24 29 67 -0.01961280845735468
24 29 68 -3.941362810142951
24 30 61 0.0
25 0 0 -0.8247014699809792
25 0 2 -0.5769045988743303
25 1 4 0.0
25 2 10 0.0
25 3 7 -1.9449364471539055
25 3 12 -0.15431305569333947
25 4 14 0.0
25 5 16 0.0
25 6 18 0.0
25 7 20 0.0
25 8 24 0.0
25 9 26 0.0
25 10 30 0.0
25 11 29 0.0
25 12 33 0.0
25 13 35 0.0
25 14 38 -0.7344855051448451
25 14 9 -0.6534500915477717
25 15 37 0.0
25 16 42 0.0
25 17 41 0.0
25 18 23 -0.895125353007126
25 18 46 -0.5251889199036914
25 19 48 0.0
25 20 45 0.0
25 21 50 0.0
25 22 52 0.0
25 23 56 0.0
25 24 55 -3.9057082875923492
25 24 58 -0.020331995219739333
25 26 62 0.0
25 27 64 0.0
25 28 66 0.0
25 29 68 0.0
25 30 61 0.0
26 0 0 -2.6076189677007497
26 0 2 -0.07656774622416716
26 1 4 0.0
26 2 10 0.0
26 3 7 -1.942875391214198
26 3 12 -0.15465736940281974
26 4 14 0.0
26 5 16 0.0
26 6 18 0.0
26 7 20 0.0
26 8 24 0.0
26 9 26 0.0
26 10 30 0.0
26 11 29 0.0
26 12 33 0.0
26 13 35 0.0
26 14 38 -0.0787371746036251
26 14 9 -2.58075016308413
26 15 37 0.0
26 16 42 0.0
26 17 41 0.0
26 18 23 -0.08634440788070734
26 18 46 -2.492272820938925
26 19 48 0.0
26 20 45 0.0
26 21 50 0.0
26 22 52 0.0
26 23 54 -0.17846840420185667
26 23 56 -1.8112511310729578
26 24 58 0.0
26 25 60 0.0
26 27 63 0.0
26 28 65 0.0
26 29 67 0.0
26 30 69 0.0
27 0 0 -2.6076133264605637
27 0 2 -0.07656819512905544
27 1 4 0.0
27 2 10 0.0
27 3 7 -1.9431035908620538
27 3 12 -0.1546192062794248
27 4 14 0.0
27 5 16 0.0
27 6 18 0.0
27 7 20 0.0
27 8 24 0.0
27 9 26 0.0
27 10 30 0.0
27 11 29 0.0
27 12 33 0.0
27 13 35 0.0
27 14 38 -0.07873983552935063
27 14 9 -2.5807176816231037
27 15 37 0.0
27 16 42 0.0
27 17 41 0.0
27 18 23 -0.08634441882642493
27 18 46 -2.4922726995649316
27 19 48 0.0
27 20 45 0.0
27 21 50 0.0
27 22 52 0.0
27 23 54 -0.17846840377678622
27 23 56 -1.8112511332485097
27 24 58 0.0
27 25 60 0.0
27 26 62 0.0
27 28 65 0.0
27 29 67 0.0
27 30 69 0.0
28 0 0 -0.8243531282953159
28 0 2 -0.5771765703361103
28 1 4 0.0
28 2 10 0.0
28 3 7 -1.9384344782141105
28 3 12 -0.15540207640231699
28 4 14 0.0
28 5 16 0.0
28 6 18 0.0
28 7 20 0.0
28 8 24 0.0
28 9 26 0.0
28 10 30 0.0
28 11 29 0.0
28 12 33 0.0
28 13 35 0.0
28 14 38 -0.7351999444362645
28 14 9 -0.6527917155395401
28 15 37 0.0
28 16 42 0.0
28 17 41 0.0
28 18 23 -0.8950319186971997
28 18 46 -0.5252534673903211
28 19 48 0.0
28 20 45 0.0
28 21 50 0.0
28 22 52 0.0
28 23 56 0.0
28 24 55 -3.89839301894824
28 24 58 -0.02048281385409144
28 25 60 0.0
28 26 62 0.0
28 27 64 0.0
28 29 67 0.0
28 30 69 0.0
29 0 0 -0.82456092313314
29 0 2 -0.5770143120129756
29 1 4 0.0
29 2 10 0.0
29 3 7 -1.9399287004925516
29 3 12 -0.15515107558072058
29 4 14 0.0
29 5 16 0.0
29 6 18 0.0
29 7 20 0.0
29 8 24 0.0
29 9 26 0.0
29 10 30 0.0
29 11 29 0.0
29 12 33 0.0
29 13 35 0.0
29 14 38 -0.7351159915784389
29 14 9 -0.652869033620266
29 15 37 0.0
29 16 42 0.0
29 17 41 0.0
29 18 23 -0.8950887614567514
29 18 46 -0.5252141973323863
29 19 48 0.0
29 20 45 0.0
29 21 50 0.0
29 22 52 0.0
29 23 56 0.0
29 24 55 -3.9131304151033675
29 24 58 -0.020180119884384593
29 25 60 0.0
29 26 62 0.0
29 27 64 0.0
29 28 66 0.0
29 30 69 0.0
30 0 0 -0.8247156968153749
30 0 2 -0.576893494707912
30 1 4 0.0
30 2 10 0.0
30 3 7 -1.9471932974455335
30 3 12 -0.153936981744433
30 4 14 0.0
30 5 16 0.0
30 6 18 0.0
30 7 20 0.0
30 8 24 0.0
30 9 26 0.0
30 10 30 0.0
30 11 29 0.0
30 12 33 0.0
30 13 35 0.0
30 14 38 -0.7344971521343397
30 14 9 -0.6534393512681219
30 15 37 0.0
30 16 42 0.0
30 17 41 0.0
30 18 23 -0.8951288829119898
30 18 46 -0.5251864815294991
30 19 48 0.0
30 20 45 0.0
30 21 50 0.0
30 22 52 0.0
30 23 56 0.0
30 24 55 -3.9038859819885428
30 24 58 -0.020369460383129027
30 25 60 0.0
30 26 62 0.0
30 27 64 0.0
30 28 66 0.0
30 29 68 0.0
