0 1 1 0.0
0 2 5 0.0
0 3 7 0.0
0 4 13 0.0
0 5 15 0.0
0 6 17 -0.40549579369516703
0 6 11 -1.0985509203187762
0 7 20 0.0
0 8 24 0.0
0 9 26 0.0
0 10 28 0.0
0 11 32 0.0
0 12 34 0.0
0 13 3 0.0
0 14 38 -0.7489950004647885
0 14 9 -0.6402540537086996
0 15 37 0.0
0 16 19 0.0
0 17 41 0.0
0 18 23 0.0
0 19 47 0.0
0 20 49 -0.0014291429488380587
0 20 45 -6.551394837233348
0 21 43 0.0
0 22 51 -0.0014623051789960026
0 22 52 -6.528472262166634
0 23 31 0.0
0 24 55 0.0
0 25 57 0.0
0 26 59 0.0
0 27 64 -5.720097246503155
0 27 63 -0.003284780968272866
0 28 66 0.0
0 29 68 0.0
0 30 61 0.0
1 0 0 0.0
1 2 5 0.0
1 3 7 0.0
1 4 13 0.0
1 5 15 0.0
1 6 17 -0.34715401497937703
1 6 11 -1.2265472949978375
1 7 20 -0.0015908719597521235
1 7 22 -6.444268341234619
1 8 24 0.0
1 9 26 0.0
1 10 28 0.0
1 11 32 0.0
1 12 34 0.0
1 13 3 0.0
1 14 9 0.0
1 15 37 -1.058705088179759
1 15 39 -0.42603226547355877
1 16 19 0.0
1 17 41 0.0
1 18 46 0.0
1 19 48 0.0
1 20 45 0.0
1 21 43 0.0
1 22 51 0.0
1 23 56 -6.590585476649956
1 23 31 -0.0013741794830405012
1 24 55 -1.480854566326414
1 24 58 -0.25804979715159804
1 25 53 0.0
1 26 62 0.0
1 27 64 0.0
1 28 66 0.0
1 29 68 0.0
1 30 61 0.0
2 0 0 0.0
2 1 4 0.0
2 3 7 0.0
2 4 13 0.0
2 5 15 0.0
2 6 17 -0.14107992333820196
2 6 11 -2.0281395018195654
2 7 20 -0.0012268966961111996
2 7 22 -6.703880694674475
2 8 24 0.0
2 9 26 0.0
2 10 28 0.0
2 11 32 0.0
2 12 34 -1.0579437733339456
2 12 36 -0.42643688903726856
2 13 3 0.0
2 14 9 0.0
2 15 39 0.0
2 16 19 0.0
2 17 41 0.0
2 18 46 0.0
2 19 48 0.0
2 20 45 0.0
2 21 43 0.0
2 22 51 0.0
2 23 56 -6.894726368396671
2 23 31 -0.0010136277036907454
2 24 55 -2.510294872154089
2 24 58 -0.08473500157151206
2 25 53 0.0
2 26 62 0.0
2 27 64 0.0
2 28 66 0.0
2 29 68 0.0
2 30 61 0.0
3 0 0 0.0
3 1 4 0.0
3 2 6 0.0
3 4 13 0.0
3 5 15 0.0
3 6 17 -0.1408052788501361
3 6 11 -2.0299540313879167
3 7 20 -0.0012475702235595063
3 7 22 -6.687181160752906
3 8 24 0.0
3 9 26 0.0
3 10 28 0.0
3 11 32 0.0
3 12 34 -1.045007079059752
3 12 36 -0.4333852681050346
3 13 3 0.0
3 14 9 0.0
3 15 39 0.0
3 16 19 0.0
3 17 41 0.0
3 18 46 0.0
3 19 48 0.0
3 20 45 0.0
3 21 43 0.0
3 22 51 0.0
3 23 56 -6.879149596856907
3 23 31 -0.0010295485572580833
3 24 55 -2.3973905874961683
3 24 58 -0.09536066234627252
3 25 53 0.0
3 26 62 0.0
3 27 64 0.0
3 28 66 0.0
3 29 68 0.0
3 30 61 0.0
4 0 0 0.0
4 1 4 0.0
4 2 6 0.0
4 3 12 0.0
4 5 15 0.0
4 6 17 -0.16422732420028635
4 6 11 -1.8874938267498358
4 7 22 0.0
4 8 21 0.0
4 9 25 -5.014359525961346
4 9 26 -0.006664040102842691
4 10 28 -0.0012625764616572292
4 10 30 -6.675232056769876
4 11 32 0.0
4 12 34 -0.839947787551412
4 12 36 -0.5651640141085327
4 13 3 0.0
4 14 9 0.0
4 15 39 0.0
4 16 19 0.0
4 17 41 0.0
4 18 46 0.0
4 19 48 0.0
4 20 45 0.0
4 21 43 0.0
4 22 51 0.0
4 23 56 0.0
4 24 55 -3.5029617847127894
4 24 58 -0.030570633889655783
4 25 53 0.0
4 26 62 0.0
4 27 64 0.0
4 28 66 0.0
4 29 68 0.0
4 30 61 0.0
5 0 0 0.0
5 1 4 0.0
5 2 6 -0.14697450356163758
5 2 10 -1.9900835034578206
5 3 12 0.0
5 4 14 0.0
5 6 17 0.0
5 7 22 0.0
5 8 21 0.0
5 9 25 -5.035812007995876
5 9 26 -0.006522140167594405
5 10 28 -0.0012592164819879377
5 10 30 -6.677895133306474
5 11 32 0.0
5 12 34 -0.8319341736712473
5 12 36 -0.5712954667815477
5 13 3 0.0
5 14 9 0.0
5 15 39 0.0
5 16 19 0.0
5 17 41 0.0
5 18 46 0.0
5 19 48 0.0
5 20 45 0.0
5 21 43 0.0
5 22 51 0.0
5 23 56 0.0
5 24 55 -3.590164800719958
5 24 58 -0.027981642662296805
5 25 53 0.0
5 26 62 0.0
5 27 64 0.0
5 28 66 0.0
5 29 68 0.0
5 30 61 0.0
6 0 0 0.0
6 1 4 0.0
6 2 10 0.0
6 3 7 -1.1228238893173936
6 3 12 -0.39357564320653654
6 4 14 0.0
6 5 16 0.0
6 7 22 0.0
6 8 21 0.0
6 9 25 -0.6299452066659434
6 9 26 -0.7606147536637508
6 10 30 0.0
6 11 29 0.0
6 12 33 -12.281342530631182
6 12 34 -4.637476432990288E-6
6 13 3 0.0
6 14 9 0.0
6 15 37 -1.884415408213132
6 15 39 -0.1647777650991554
6 16 19 0.0
6 17 41 0.0
6 18 46 0.0
6 19 48 0.0
6 20 45 0.0
6 21 43 0.0
6 22 51 0.0
6 23 56 0.0
6 24 55 -3.819392803612125
6 24 58 -0.022185405666352326
6 25 53 0.0
6 26 62 0.0
6 27 64 0.0
6 28 66 0.0
6 29 68 0.0
6 30 61 0.0
7 0 2 0.0
7 1 1 0.0
7 2 5 -0.6987698941020373
7 2 8 -0.6888300284523935
7 2 10 -7.353689912435348
7 3 7 -0.0026652489202331478
7 3 12 -5.92879015074042
7 4 14 0.0
7 5 16 0.0
7 6 18 0.0
7 8 21 0.0
7 9 25 0.0
7 10 27 0.0
7 11 29 0.0
7 12 33 0.0
7 13 35 0.0
7 14 38 0.0
7 15 37 0.0
7 16 40 0.0
7 17 44 0.0
7 18 23 0.0
7 19 47 0.0
7 20 49 0.0
7 21 43 0.0
7 22 51 -0.6273721616466256
7 22 52 -0.7635550670563747
7 23 31 0.0
7 24 55 0.0
7 25 57 0.0
7 26 59 0.0
7 27 64 -8.385499089427777
7 27 63 -2.281778925724225E-4
7 28 66 0.0
7 29 68 0.0
7 30 61 0.0
8 0 2 0.0
8 1 1 0.0
8 2 5 -0.6987781594592418
8 2 8 -0.6888219418944975
8 2 10 -7.353613846199189
8 3 7 -0.0026652275044474535
8 3 12 -5.928798175261102
8 4 14 0.0
8 5 16 0.0
8 6 18 0.0
8 7 20 0.0
8 9 25 0.0
8 10 27 0.0
8 11 29 0.0
8 12 33 0.0
8 13 35 0.0
8 14 38 0.0
8 15 37 0.0
8 16 40 0.0
8 17 44 0.0
8 18 23 0.0
8 19 47 0.0
8 20 49 0.0
8 21 43 0.0
8 22 51 -0.627425957521117
8 22 52 -0.7634934263808856
8 23 31 0.0
8 24 55 0.0
8 25 57 0.0
8 26 59 0.0
8 27 64 -8.387924450059861
8 27 63 -2.2762508655240252E-4
8 28 66 0.0
8 29 68 0.0
8 30 61 0.0
9 0 2 0.0
9 1 1 0.0
9 2 5 -0.6963782218982875
9 2 8 -0.6919831696826227
9 2 10 -6.877643939789407
9 3 7 0.0
9 4 13 -0.003883696224828216
9 4 14 -5.552909163201099
9 5 16 0.0
9 6 18 0.0
9 7 20 0.0
9 8 24 0.0
9 10 27 0.0
9 11 29 0.0
9 12 33 0.0
9 13 35 0.0
9 14 38 0.0
9 15 37 0.0
9 16 42 0.0
9 17 41 -0.7602463892713096
9 17 44 -0.6302685610735267
9 18 23 0.0
9 19 47 0.0
9 20 49 0.0
9 21 50 0.0
9 22 52 0.0
9 23 31 0.0
9 24 55 0.0
9 25 57 0.0
9 26 59 0.0
9 27 64 -7.4454095524328965
9 27 63 -5.84287487635987E-4
9 28 66 0.0
9 29 68 0.0
9 30 61 0.0
10 0 2 0.0
10 1 1 0.0
10 2 5 -0.6987642203050569
10 2 8 -0.6887233975836589
10 2 10 -7.445856759541752
10 3 7 0.0
10 4 13 -0.0027082601214616993
10 4 14 -5.912802696324841
10 5 16 0.0
10 6 18 0.0
10 7 20 0.0
10 8 24 0.0
10 9 26 0.0
10 11 29 0.0
10 12 33 0.0
10 13 35 0.0
10 14 38 0.0
10 15 37 0.0
10 16 42 0.0
10 17 41 -0.7600690595894501
10 17 44 -0.6304243028438523
10 18 23 0.0
10 19 47 0.0
10 20 49 0.0
10 21 50 0.0
10 22 52 0.0
10 23 31 0.0
10 24 55 0.0
10 25 57 0.0
10 26 59 0.0
10 27 64 -8.652879097450864
10 27 63 -1.7463861446552066E-4
10 28 66 0.0
10 29 68 0.0
10 30 61 0.0
11 0 2 0.0
11 1 1 0.0
11 2 5 -0.7908764967257179
11 2 8 -0.6041243174579531
11 3 7 0.0
11 4 13 0.0
11 5 15 0.0
11 6 17 -0.5120313658632444
11 6 18 -9.569508228160686
11 6 11 -0.9146591047621301
11 7 20 0.0
11 8 24 0.0
11 9 26 0.0
11 10 28 0.0
11 12 33 0.0
11 13 35 0.0
11 14 38 0.0
11 15 37 0.0
11 16 42 0.0
11 17 41 -0.7608040808130195
11 17 44 -0.6297791001568377
11 18 23 0.0
11 19 47 0.0
11 20 49 0.0
11 21 50 0.0
11 22 52 0.0
11 23 31 0.0
11 24 55 0.0
11 25 57 0.0
11 26 59 0.0
11 27 64 -5.917961909479981
11 27 63 -0.0026943048203213137
11 28 66 0.0
11 29 68 0.0
11 30 61 0.0
12 0 2 0.0
12 1 1 0.0
12 2 5 -0.8376322898572635
12 2 8 -0.5669267729403439
12 3 7 0.0
12 4 13 0.0
12 5 15 0.0
12 6 17 -0.4794605083211455
12 6 18 -9.69472470519259
12 6 11 -0.9654256152020282
12 7 20 0.0
12 8 24 0.0
12 9 26 0.0
12 10 28 0.0
12 11 32 0.0
12 13 35 0.0
12 14 38 0.0
12 15 37 0.0
12 16 42 0.0
12 17 41 -0.7608729747773396
12 17 44 -0.6297186705640838
12 18 23 0.0
12 19 47 0.0
12 20 49 0.0
12 21 50 0.0
12 22 52 0.0
12 23 31 0.0
12 24 55 0.0
12 25 57 0.0
12 26 59 0.0
12 27 64 -5.92896148503174
12 27 63 -0.0026647917018903875
12 28 66 0.0
12 29 68 0.0
12 30 61 0.0
13 0 2 0.0
13 1 1 0.0
13 2 5 -0.4304766805495733
13 2 8 -1.0503910965741705
13 3 7 0.0
13 4 13 0.0
13 5 15 0.0
13 6 17 -0.36641845335467516
13 6 11 -1.1816004859110656
13 7 20 0.0
13 8 24 0.0
13 9 26 0.0
13 10 28 0.0
13 11 32 0.0
13 12 34 0.0
13 14 38 0.0
13 15 37 0.0
13 16 19 0.0
13 17 41 -2.960052681148785E-4
13 17 44 -8.12528130509612
13 18 23 0.0
13 19 47 0.0
13 20 49 0.0
13 21 43 0.0
13 22 51 -0.0015015915570160746
13 22 52 -6.50198039719572
13 23 31 0.0
13 24 55 0.0
13 25 57 0.0
13 26 59 0.0
13 27 64 -5.730026150941253
13 27 63 -0.003252275238989764
13 28 66 0.0
13 29 68 0.0
13 30 61 0.0
14 0 0 -0.21729108362913857
14 0 2 -1.6331964314377465
14 1 4 0.0
14 2 8 0.0
14 3 7 0.0
14 4 13 0.0
14 5 15 0.0
14 6 17 -0.7700094191199671
14 6 11 -0.6217733990481735
14 7 20 0.0
14 8 24 0.0
14 9 26 0.0
14 10 28 0.0
14 11 32 0.0
14 12 36 0.0
14 13 35 0.0
14 15 39 0.0
14 16 19 0.0
14 17 41 0.0
14 18 23 0.0
14 19 47 0.0
14 20 49 -0.004002545794896621
14 20 45 -5.522825276967692
14 21 43 0.0
14 22 51 -0.012146898373519583
14 22 52 -4.41674872108097
14 23 31 0.0
14 24 55 0.0
14 25 57 0.0
14 26 59 0.0
14 27 64 -4.672024369181349
14 27 63 -0.009397332727241692
14 28 66 0.0
14 29 68 0.0
14 30 61 0.0
15 0 2 0.0
15 1 1 -0.5204786697088447
15 1 4 -0.9019836605890184
15 2 8 0.0
15 3 7 0.0
15 4 13 0.0
15 5 15 0.0
15 6 17 -0.7151533908428408
15 6 18 -8.654988624071766
15 6 11 -0.6719559792347535
15 7 20 0.0
15 8 24 0.0
15 9 26 0.0
15 10 28 0.0
15 11 32 0.0
15 12 36 0.0
15 13 35 0.0
15 14 38 0.0
15 16 42 0.0
15 17 41 -0.7604479481657384
15 17 44 -0.6300916026990832
15 18 23 0.0
15 19 47 0.0
15 20 49 0.0
15 21 50 0.0
15 22 52 0.0
15 23 31 0.0
15 24 55 0.0
15 25 57 0.0
15 26 59 0.0
15 27 64 -5.7574142833297115
15 27 63 -0.0031642710527628845
15 28 66 0.0
15 29 68 0.0
15 30 61 0.0
16 0 0 0.0
16 1 4 0.0
16 2 10 0.0
16 3 7 -1.9375397436672883
16 3 12 -0.1555525845666095
16 4 14 0.0
16 5 16 0.0
16 6 18 0.0
16 7 22 0.0
16 8 21 0.0
16 9 25 -0.6302294649930905
16 9 26 -0.7602909138717755
16 10 30 0.0
16 11 29 0.0
16 12 33 0.0
16 13 3 -3.3523965249931536E-4
16 13 35 -8.0008325164508
16 14 9 0.0
16 15 37 -9.856792116561314
16 15 39 -5.239151428283352E-5
16 17 41 0.0
16 18 46 0.0
16 19 48 0.0
16 20 45 0.0
16 21 43 0.0
16 22 51 0.0
16 23 56 0.0
16 24 55 -5.191960764629404
16 24 58 -0.005576612565062707
16 25 53 0.0
16 26 62 0.0
16 27 64 0.0
16 28 66 0.0
16 29 68 0.0
16 30 61 0.0
17 0 0 0.0
17 1 4 0.0
17 2 10 0.0
17 3 7 -1.6482821253454285
17 3 12 -0.21366376410989676
17 4 14 0.0
17 5 16 0.0
17 6 18 0.0
17 7 22 0.0
17 8 21 0.0
17 9 25 -0.6301541222097519
17 9 26 -0.7603767285591042
17 10 30 0.0
17 11 29 0.0
17 12 33 0.0
17 13 3 -4.3618450106327464E-4
17 13 35 -7.737663320872081
17 14 9 0.0
17 15 37 -9.581961574615491
17 15 39 -6.896391971206517E-5
17 16 40 0.0
17 18 46 0.0
17 19 48 0.0
17 20 45 0.0
17 21 43 0.0
17 22 51 0.0
17 23 56 0.0
17 24 55 -4.918081570110187
17 24 58 -0.007340019312109377
17 25 53 0.0
17 26 62 0.0
17 27 64 0.0
17 28 66 0.0
17 29 68 0.0
17 30 61 0.0
18 0 2 0.0
18 1 1 -0.00318066748926553
18 1 4 -5.752254114149503
18 2 10 0.0
18 3 7 -0.6958900288415372
18 3 12 -0.6904118349211292
18 4 14 0.0
18 5 16 0.0
18 6 18 0.0
18 7 22 0.0
18 8 21 0.0
18 9 25 0.0
18 10 27 0.0
18 11 29 0.0
18 12 33 0.0
18 13 35 0.0
18 14 38 -0.03053541715705466
18 14 9 -3.5040969091899794
18 15 37 0.0
18 16 40 0.0
18 17 44 0.0
18 19 47 0.0
18 20 49 0.0
18 21 43 0.0
18 22 51 0.0
18 23 31 0.0
18 24 55 0.0
18 25 53 -0.6293134274712386
18 25 57 -0.7613352105807609
18 26 59 -6.236171257526743E-4
18 26 62 -7.380285750795985
18 27 64 0.0
18 28 66 0.0
18 29 68 0.0
18 30 61 0.0
19 0 0 -6.305357253136565
19 0 2 -0.0018281636048362027
19 1 4 0.0
19 2 10 0.0
19 3 7 -0.695616235235971
19 3 12 -0.6906842071031319
19 4 14 0.0
19 5 16 0.0
19 6 18 0.0
19 7 22 0.0
19 8 21 0.0
19 9 25 0.0
19 10 27 0.0
19 11 29 0.0
19 12 33 0.0
19 13 35 0.0
19 14 38 -0.007140533942019678
19 14 9 -4.945535866135394
19 15 37 0.0
19 16 40 0.0
19 17 44 0.0
19 18 46 0.0
19 20 49 0.0
19 21 43 0.0
19 22 51 0.0
19 23 31 0.0
19 24 55 0.0
19 25 53 -0.629399920943692
19 25 57 -0.7612365191483145
19 26 59 -1.9439030478977536E-4
19 26 62 -8.54573973324005
19 27 64 0.0
19 28 66 0.0
19 29 68 0.0
19 30 61 0.0
20 0 0 -6.235852886456765
20 0 2 -0.0019598778922411486
20 1 4 0.0
20 2 10 0.0
20 3 7 -0.6956230966128446
20 3 12 -0.6906773795301793
20 4 14 0.0
20 5 16 0.0
20 6 18 0.0
20 7 22 0.0
20 8 21 0.0
20 9 25 0.0
20 10 27 0.0
20 11 29 0.0
20 12 33 0.0
20 13 35 0.0
20 14 38 -0.008368551139309913
20 14 9 -4.787455868644536
20 15 37 0.0
20 16 40 0.0
20 17 44 0.0
20 18 46 0.0
20 19 48 0.0
20 21 43 0.0
20 22 51 0.0
20 23 31 0.0
20 24 55 0.0
20 25 53 -0.6293673373109205
20 25 57 -0.7612736958244267
20 26 59 -2.2878002514550174E-4
20 26 62 -8.382863992787106
20 27 64 0.0
20 28 66 0.0
20 29 68 0.0
20 30 61 0.0
21 0 0 0.0
21 1 4 0.0
21 2 10 0.0
21 3 7 -1.2488470740296869
21 3 12 -0.3380428981036507
21 4 14 0.0
21 5 16 0.0
21 6 18 0.0
21 7 22 0.0
21 8 21 -0.6270912914687911
21 8 24 -0.7638770108168357
21 9 26 0.0
21 10 30 0.0
21 11 29 0.0
21 12 33 0.0
21 13 3 -9.202915767958053E-4
21 13 35 -6.991280117332952
21 14 9 0.0
21 15 37 -8.844812911457879
21 15 39 -1.4413778963576928E-4
21 16 42 0.0
21 17 41 0.0
21 18 46 0.0
21 19 48 0.0
21 20 45 0.0
21 22 51 0.0
21 23 56 0.0
21 24 55 -4.31974652355244
21 24 58 -0.013392536178855514
21 25 53 0.0
21 26 62 0.0
21 27 64 0.0
21 28 66 0.0
21 29 68 0.0
21 30 61 0.0
22 0 0 0.0
22 1 4 0.0
22 2 10 0.0
22 3 7 -1.1383449654161653
22 3 12 -0.38617551182250115
22 4 14 0.0
22 5 16 0.0
22 6 18 0.0
22 7 22 0.0
22 8 21 -0.6274434471133818
22 8 24 -0.7634733878957545
22 9 26 0.0
22 10 30 0.0
22 11 29 0.0
22 12 33 0.0
22 13 3 -0.0014871259329014824
22 13 35 -6.511653396667755
22 14 38 -4.8612611366576495
22 14 9 -0.0077708304795290175
22 15 37 0.0
22 16 42 0.0
22 17 41 0.0
22 18 46 0.0
22 19 48 0.0
22 20 45 0.0
22 21 50 0.0
22 23 56 0.0
22 24 55 -3.9105286450296726
22 24 58 -0.02023322773247401
22 25 53 0.0
22 26 62 0.0
22 27 64 0.0
22 28 66 0.0
22 29 68 0.0
22 30 61 0.0
23 0 2 0.0
23 1 1 0.0
23 2 5 -0.6986217071828749
23 2 8 -0.6889422410889895
23 2 10 -7.381143769013204
23 3 7 0.0
23 4 13 -0.00278066931793701
23 4 14 -5.886453630897467
23 5 16 0.0
23 6 18 0.0
23 7 20 0.0
23 8 24 0.0
23 9 26 0.0
23 10 30 0.0
23 11 29 0.0
23 12 33 0.0
23 13 35 0.0
23 14 38 0.0
23 15 37 0.0
23 16 42 0.0
23 17 41 -0.7600537845022236
23 17 44 -0.6304377207863708
23 18 23 0.0
23 19 47 0.0
23 20 49 0.0
23 21 50 0.0
23 22 52 0.0
23 24 55 0.0
23 25 57 0.0
23 26 59 0.0
23 27 64 -8.496329241739657
23 27 63 -2.0423747975385404E-4
23 28 66 0.0
23 29 68 0.0
23 30 61 0.0
24 0 2 0.0
24 1 1 0.0
24 2 5 -0.6647818931556776
24 2 8 -0.7466892240506118
24 2 10 -4.449770355196025
24 3 7 0.0
24 4 13 -0.027422640614251582
24 4 14 -3.610066294115023
24 5 16 0.0
24 6 18 0.0
24 7 20 0.0
24 8 24 0.0
24 9 26 0.0
24 10 30 0.0
24 11 29 0.0
24 12 33 0.0
24 13 35 0.0
24 14 38 0.0
24 15 37 0.0
24 16 42 0.0
24 17 41 -0.7413909943095325
24 17 44 -0.647124106285796
24 18 23 0.0
24 19 47 0.0
24 20 49 0.0
24 21 50 0.0
24 22 52 0.0
24 23 54 0.0
24 25 57 0.0
24 26 59 0.0
24 27 63 0.0
24 28 65 0.0
24 29 67 -0.0012735200241667968
24 29 68 -6.666607232375813
24 30 61 0.0
25 0 0 -1.7426848005900987E-4
25 0 2 -8.655000592063125
25 1 4 0.0
25 2 10 0.0
25 3 7 -1.5429744245733756
25 3 12 -0.24047333383261144
25 4 14 0.0
25 5 16 0.0
25 6 18 0.0
25 7 20 0.0
25 8 24 0.0
25 9 26 0.0
25 10 30 0.0
25 11 29 0.0
25 12 33 0.0
25 13 35 0.0
25 14 38 -5.82778994842282
25 14 9 -0.002948921259852738
25 15 37 0.0
25 16 42 0.0
25 17 41 0.0
25 18 23 -0.7607553218813962
25 18 46 -0.6298218732473638
25 19 48 0.0
25 20 45 0.0
25 21 50 0.0
25 22 52 0.0
25 23 56 0.0
25 24 55 -5.1559197010092435
25 24 58 -0.005781858172480142
25 26 62 0.0
25 27 64 0.0
25 28 66 0.0
25 29 68 0.0
25 30 61 0.0
26 0 0 -0.002383402952295597
26 0 2 -6.040417465401641
26 1 4 0.0
26 2 10 0.0
26 3 7 -1.1682605194277123
26 3 12 -0.37237945730454236
26 4 14 0.0
26 5 16 0.0
26 6 18 0.0
26 7 20 0.0
26 8 24 0.0
26 9 26 0.0
26 10 30 0.0
26 11 29 0.0
26 12 33 0.0
26 13 35 0.0
26 14 38 -3.1975933307845943
26 14 9 -0.04171867064654621
26 15 37 0.0
26 16 42 0.0
26 17 41 0.0
26 18 23 -5.700996083432357E-4
26 18 46 -7.469984497185431
26 19 48 0.0
26 20 45 0.0
26 21 50 0.0
26 22 52 0.0
26 23 54 -6.803903083048934E-5
26 23 56 -9.595463053974362
26 24 58 0.0
26 25 60 0.0
26 27 63 0.0
26 28 65 0.0
26 29 67 0.0
26 30 69 0.0
27 0 0 -0.002390677828766283
27 0 2 -6.0373734436613224
27 1 4 0.0
27 2 10 0.0
27 3 7 -1.16897049527208
27 3 12 -0.37205929283473954
27 4 14 0.0
27 5 16 0.0
27 6 18 0.0
27 7 20 0.0
27 8 24 0.0
27 9 26 0.0
27 10 30 0.0
27 11 29 0.0
27 12 33 0.0
27 13 35 0.0
27 14 38 -3.201611790788936
27 14 9 -0.04154783783127336
27 15 37 0.0
27 16 42 0.0
27 17 41 0.0
27 18 23 -5.673167740392467E-4
27 18 46 -7.474876370846586
27 19 48 0.0
27 20 45 0.0
27 21 50 0.0
27 22 52 0.0
27 23 54 -6.806147843422245E-5
27 23 56 -9.595133197161774
27 24 58 0.0
27 25 60 0.0
27 26 62 0.0
27 28 65 0.0
27 29 67 0.0
27 30 69 0.0
28 0 0 -6.508524338288032E-4
28 0 2 -7.3375530261635005
28 1 4 0.0
28 2 10 0.0
28 3 7 -1.1172030435189417
28 3 12 -0.3962977506854499
28 4 14 0.0
28 5 16 0.0
28 6 18 0.0
28 7 20 0.0
28 8 24 0.0
28 9 26 0.0
28 10 30 0.0
28 11 29 0.0
28 12 33 0.0
28 13 35 0.0
28 14 38 -4.718727573340132
28 14 9 -0.00896660984168686
28 15 37 0.0
28 16 42 0.0
28 17 41 0.0
28 18 23 -0.7589662213048735
28 18 46 -0.6313940486107028
28 19 48 0.0
28 20 45 0.0
28 21 50 0.0
28 22 52 0.0
28 23 56 0.0
28 24 55 -4.1639424400630265
28 24 58 -0.015668255736406508
28 25 60 0.0
28 26 62 0.0
28 27 64 0.0
28 29 67 0.0
28 30 69 0.0
29 0 0 -3.715360189541369E-4
29 0 2 -7.898050505302306
29 1 4 0.0
29 2 10 0.0
29 3 7 -1.301115906733031
29 3 12 -0.3177672503656307
29 4 14 0.0
29 5 16 0.0
29 6 18 0.0
29 7 20 0.0
29 8 24 0.0
29 9 26 0.0
29 10 30 0.0
29 11 29 0.0
29 12 33 0.0
29 13 35 0.0
29 14 38 -5.229362183977763
29 14 9 -0.00537134081338679
29 15 37 0.0
29 16 42 0.0
29 17 41 0.0
29 18 23 -0.7600883576814373
29 18 46 -0.6304073515638244
29 19 48 0.0
29 20 45 0.0
29 21 50 0.0
29 22 52 0.0
29 23 56 0.0
29 24 55 -4.603724363697564
29 24 58 -0.010064950788536156
29 25 60 0.0
29 26 62 0.0
29 27 64 0.0
29 28 66 0.0
29 30 69 0.0
30 0 0 -1.5050463714915528E-4
30 0 2 -8.801591914001872
30 1 4 0.0
30 2 10 0.0
30 3 7 -1.5810935290971377
30 3 12 -0.23035698260298673
30 4 14 0.0
30 5 16 0.0
30 6 18 0.0
30 7 20 0.0
30 8 24 0.0
30 9 26 0.0
30 10 30 0.0
30 11 29 0.0
30 12 33 0.0
30 13 35 0.0
30 14 38 -5.928723651314368
30 14 9 -0.002665426400074272
30 15 37 0.0
30 16 42 0.0
30 17 41 0.0
30 18 23 -0.7608015552340005
30 18 46 -0.629781315589552
30 19 48 0.0
30 20 45 0.0
30 21 50 0.0
30 22 52 0.0
30 23 56 0.0
30 24 55 -5.267822668555957
30 24 58 -0.005168154050361929
30 25 60 0.0
30 26 62 0.0
30 27 64 0.0
30 28 66 0.0
30 29 68 0.0
