0 1 1 0.0
0 2 5 0.0
0 3 7 0.0
0 4 13 0.0
0 5 15 0.0
0 6 17 -0.18721663294132873
0 6 11 -1.7676371910164692
0 7 20 0.0
0 8 24 0.0
0 9 26 0.0
0 10 28 0.0
0 11 32 0.0
0 12 34 0.0
0 13 3 0.0
0 14 38 -0.013561717816715132
0 14 9 -4.307277517423702
0 15 37 0.0
0 16 19 0.0
0 17 41 0.0
0 18 23 0.0
0 19 47 0.0
0 20 49 -0.010518497113497274
0 20 45 -4.559874580423516
0 21 43 0.0
0 22 51 -0.03544796636208401
0 22 52 -3.357361021154964
0 23 31 0.0
0 24 55 0.0
0 25 57 0.0
0 26 59 0.0
0 27 64 -1.6064541099367804
0 27 63 -0.2238908951227387
0 28 66 0.0
0 29 68 0.0
0 30 61 0.0
1 0 0 0.0
1 2 5 0.0
1 3 7 0.0
1 4 13 0.0
1 5 15 0.0
1 6 17 -0.0891102804692327
1 6 11 -2.4621048719515235
1 7 20 -0.07157633340261525
1 7 22 -2.672565509059996
1 8 24 0.0
1 9 26 0.0
1 10 28 0.0
1 11 32 0.0
1 12 34 0.0
1 13 3 0.0
1 14 9 0.0
1 15 37 -0.8656895563022353
1 15 39 -0.5460406479365281
1 16 19 0.0
1 17 41 0.0
1 18 46 0.0
1 19 48 0.0
1 20 45 0.0
1 21 43 0.0
1 22 51 0.0
1 23 56 -2.7647707562904236
1 23 31 -0.06506189847832275
1 24 55 -2.57222767234295
1 24 58 -0.07943856586304117
1 25 53 0.0
1 26 62 0.0
1 27 64 0.0
1 28 66 0.0
1 29 68 0.0
1 30 61 0.0
2 0 0 0.0
2 1 4 0.0
2 3 7 0.0
2 4 13 0.0
2 5 15 0.0
2 6 17 -0.0923233942945457
2 6 11 -2.4282642822658262
2 7 20 -0.06359392867849971
2 7 22 -2.786865736416964
2 8 24 0.0
2 9 26 0.0
2 10 28 0.0
2 11 32 0.0
2 12 34 -0.8779618922196528
2 12 36 -0.5372194737690696
2 13 3 0.0
2 14 9 0.0
2 15 39 0.0
2 16 19 0.0
2 17 41 0.0
2 18 46 0.0
2 19 48 0.0
2 20 45 0.0
2 21 43 0.0
2 22 51 0.0
2 23 56 -2.8228888370561016
2 23 31 -0.061273456552997936
2 24 55 -3.0624402619980478
2 24 58 -0.04790264540424475
2 25 53 0.0
2 26 62 0.0
2 27 64 0.0
2 28 66 0.0
2 29 68 0.0
2 30 61 0.0
3 0 0 0.0
3 1 4 0.0
3 2 6 0.0
3 4 13 0.0
3 5 15 0.0
3 6 17 -0.09193985584354514
3 6 11 -2.432238403561871
3 7 20 -0.06362605547842555
3 7 22 -2.7863765705041565
3 8 24 0.0
3 9 26 0.0
3 10 28 0.0
3 11 32 0.0
3 12 34 -0.8786608550174531
3 12 36 -0.5367226391503036
3 13 3 0.0
3 14 9 0.0
3 15 39 0.0
3 16 19 0.0
3 17 41 0.0
3 18 46 0.0
3 19 48 0.0
3 20 45 0.0
3 21 43 0.0
3 22 51 0.0
3 23 56 -2.823285388487281
3 23 31 -0.06124840390401951
3 24 55 -3.024381329305941
3 24 58 -0.04980794739414309
3 25 53 0.0
3 26 62 0.0
3 27 64 0.0
3 28 66 0.0
3 29 68 0.0
3 30 61 0.0
4 0 0 0.0
4 1 4 0.0
4 2 6 0.0
4 3 12 0.0
4 5 15 0.0
4 6 17 -0.04267596650515752
4 6 11 -3.1753814619996126
4 7 22 0.0
4 8 21 0.0
4 9 25 -1.7747940551674486
4 9 26 -0.18574945412795196
4 10 28 -0.08948872836962093
4 10 30 -2.4580533117322507
4 11 32 0.0
4 12 34 -0.7768836599721405
4 12 36 -0.6158839416522558
4 13 3 0.0
4 14 9 0.0
4 15 39 0.0
4 16 19 0.0
4 17 41 0.0
4 18 46 0.0
4 19 48 0.0
4 20 45 0.0
4 21 43 0.0
4 22 51 0.0
4 23 56 0.0
4 24 55 -3.223328129322548
4 24 58 -0.040636911330863924
4 25 53 0.0
4 26 62 0.0
4 27 64 0.0
4 28 66 0.0
4 29 68 0.0
4 30 61 0.0
5 0 0 0.0
5 1 4 0.0
5 2 6 -0.019176575411725426
5 2 10 -3.963638740640262
5 3 12 0.0
5 4 14 0.0
5 6 17 0.0
5 7 22 0.0
5 8 21 0.0
5 9 25 -1.5598375729437157
5 9 26 -0.2359378070583084
5 10 28 -0.14917567952478133
5 10 30 -1.9762913977093792
5 11 32 0.0
5 12 34 -0.7366273682110741
5 12 36 -0.6514790064866041
5 13 3 0.0
5 14 9 0.0
5 15 39 0.0
5 16 19 0.0
5 17 41 0.0
5 18 46 0.0
5 19 48 0.0
5 20 45 0.0
5 21 43 0.0
5 22 51 0.0
5 23 56 0.0
5 24 55 -3.27458729435374
5 24 58 -0.03856670593588467
5 25 53 0.0
5 26 62 0.0
5 27 64 0.0
5 28 66 0.0
5 29 68 0.0
5 30 61 0.0
6 0 0 0.0
6 1 4 0.0
6 2 10 0.0
6 3 7 -3.01844224582399
6 3 12 -0.05011220047463657
6 4 14 0.0
6 5 16 0.0
6 7 22 0.0
6 8 21 0.0
6 9 25 -0.4661603385726317
6 9 26 -0.9872677449978088
6 10 30 0.0
6 11 29 0.0
6 12 33 -2.6582969046884863
6 12 34 -0.07264322421179202
6 13 3 0.0
6 14 9 0.0
6 15 37 -1.0703609879726768
6 15 39 -0.4198958083343295
6 16 19 0.0
6 17 41 0.0
6 18 46 0.0
6 19 48 0.0
6 20 45 0.0
6 21 43 0.0
6 22 51 0.0
6 23 56 0.0
6 24 55 -3.436286789710328
6 24 58 -0.03271326098043511
6 25 53 0.0
6 26 62 0.0
6 27 64 0.0
6 28 66 0.0
6 29 68 0.0
6 30 61 0.0
7 0 2 0.0
7 1 1 0.0
7 2 5 -0.7504673072564468
7 2 8 -0.673006544818423
7 2 10 -4.0352237964305395
7 3 7 -0.16714817496445875
7 3 12 -1.8712848384320522
7 4 14 0.0
7 5 16 0.0
7 6 18 0.0
7 8 21 0.0
7 9 25 0.0
7 10 27 0.0
7 11 29 0.0
7 12 33 0.0
7 13 35 0.0
7 14 38 0.0
7 15 37 0.0
7 16 40 0.0
7 17 44 0.0
7 18 23 0.0
7 19 47 0.0
7 20 49 0.0
7 21 43 0.0
7 22 51 -0.47822465668983694
7 22 52 -0.9672759697498746
7 23 31 0.0
7 24 55 0.0
7 25 57 0.0
7 26 59 0.0
7 27 64 -1.971734205187819
7 27 63 -0.14991076979172044
7 28 66 0.0
7 29 68 0.0
7 30 61 0.0
8 0 2 0.0
8 1 1 0.0
8 2 5 -0.7505247874926605
8 2 8 -0.6729451030892569
8 2 10 -4.035461842432142
8 3 7 -0.16707652048458177
8 3 12 -1.871678788880667
8 4 14 0.0
8 5 16 0.0
8 6 18 0.0
8 7 20 0.0
8 9 25 0.0
8 10 27 0.0
8 11 29 0.0
8 12 33 0.0
8 13 35 0.0
8 14 38 0.0
8 15 37 0.0
8 16 40 0.0
8 17 44 0.0
8 18 23 0.0
8 19 47 0.0
8 20 49 0.0
8 21 43 0.0
8 22 51 -0.47832932730661853
8 22 52 -0.967105299713859
8 23 31 0.0
8 24 55 0.0
8 25 57 0.0
8 26 59 0.0
8 27 64 -1.971967989331834
8 27 63 -0.14987296488126403
8 28 66 0.0
8 29 68 0.0
8 30 61 0.0
9 0 2 0.0
9 1 1 0.0
9 2 5 -0.7668366330090073
9 2 8 -0.6579432057751665
9 2 10 -4.039603738361515
9 3 7 0.0
9 4 13 -0.1477887751356266
9 4 14 -1.9849557093949388
9 5 16 0.0
9 6 18 0.0
9 7 20 0.0
9 8 24 0.0
9 10 27 0.0
9 11 29 0.0
9 12 33 0.0
9 13 35 0.0
9 14 38 0.0
9 15 37 0.0
9 16 42 0.0
9 17 41 -0.966857781319206
9 17 44 -0.47848117964879205
9 18 23 0.0
9 19 47 0.0
9 20 49 0.0
9 21 50 0.0
9 22 52 0.0
9 23 31 0.0
9 24 55 0.0
9 25 57 0.0
9 26 59 0.0
9 27 64 -1.9987666709658498
9 27 63 -0.14560663336769059
9 28 66 0.0
9 29 68 0.0
9 30 61 0.0
10 0 2 0.0
10 1 1 0.0
10 2 5 -0.769374187893525
10 2 8 -0.6530727999524819
10 2 10 -4.119478681586886
10 3 7 0.0
10 4 13 -0.15268353203184895
10 4 14 -1.9547585282549227
10 5 16 0.0
10 6 18 0.0
10 7 20 0.0
10 8 24 0.0
10 9 26 0.0
10 11 29 0.0
10 12 33 0.0
10 13 35 0.0
10 14 38 0.0
10 15 37 0.0
10 16 42 0.0
10 17 41 -0.9614878634121012
10 17 44 -0.4817906112048161
10 18 23 0.0
10 19 47 0.0
10 20 49 0.0
10 21 50 0.0
10 22 52 0.0
10 23 31 0.0
10 24 55 0.0
10 25 57 0.0
10 26 59 0.0
10 27 64 -2.002802002961278
10 27 63 -0.1449756046958711
10 28 66 0.0
10 29 68 0.0
10 30 61 0.0
11 0 2 0.0
11 1 1 0.0
11 2 5 -0.8681332602234112
11 2 8 -0.5442692685511537
11 3 7 0.0
11 4 13 0.0
11 5 15 0.0
11 6 17 -0.19353363078320762
11 6 18 -4.363784410193132
11 6 11 -1.8126087707999343
11 7 20 0.0
11 8 24 0.0
11 9 26 0.0
11 10 28 0.0
11 12 33 0.0
11 13 35 0.0
11 14 38 0.0
11 15 37 0.0
11 16 42 0.0
11 17 41 -0.9654294768793661
11 17 44 -0.47935862935748635
11 18 23 0.0
11 19 47 0.0
11 20 49 0.0
11 21 50 0.0
11 22 52 0.0
11 23 31 0.0
11 24 55 0.0
11 25 57 0.0
11 26 59 0.0
11 27 64 -1.6204194857912135
11 27 63 -0.2204168980151926
11 28 66 0.0
11 29 68 0.0
11 30 61 0.0
12 0 2 0.0
12 1 1 0.0
12 2 5 -0.8725421871134003
12 2 8 -0.5410921499074496
12 3 7 0.0
12 4 13 0.0
12 5 15 0.0
12 6 17 -0.19312106983278268
12 6 18 -4.377238653282498
12 6 11 -1.8136502550150009
12 7 20 0.0
12 8 24 0.0
12 9 26 0.0
12 10 28 0.0
12 11 32 0.0
12 13 35 0.0
12 14 38 0.0
12 15 37 0.0
12 16 42 0.0
12 17 41 -0.9649995288253127
12 17 44 -0.4796231556871328
12 18 23 0.0
12 19 47 0.0
12 20 49 0.0
12 21 50 0.0
12 22 52 0.0
12 23 31 0.0
12 24 55 0.0
12 25 57 0.0
12 26 59 0.0
12 27 64 -1.6205854012469092
12 27 63 -0.22037598810420195
12 28 66 0.0
12 29 68 0.0
12 30 61 0.0
13 0 2 0.0
13 1 1 0.0
13 2 5 -0.746215084543659
13 2 8 -0.642754126360427
13 3 7 0.0
13 4 13 0.0
13 5 15 0.0
13 6 17 -0.18191935450981503
13 6 11 -1.7937729107333051
13 7 20 0.0
13 8 24 0.0
13 9 26 0.0
13 10 28 0.0
13 11 32 0.0
13 12 34 0.0
13 14 38 0.0
13 15 37 0.0
13 16 19 0.0
13 17 41 -0.039390114119110545
13 17 44 -3.253870813527419
13 18 23 0.0
13 19 47 0.0
13 20 49 0.0
13 21 43 0.0
13 22 51 -0.03339712158894431
13 22 52 -3.4159376502559047
13 23 31 0.0
13 24 55 0.0
13 25 57 0.0
13 26 59 0.0
13 27 64 -1.6078696877037093
13 27 63 -0.22353599206847086
13 28 66 0.0
13 29 68 0.0
13 30 61 0.0
14 0 0 -4.0458054400402705
14 0 2 -0.017650464324149438
14 1 4 0.0
14 2 8 0.0
14 3 7 0.0
14 4 13 0.0
14 5 15 0.0
14 6 17 -0.19989797014743388
14 6 11 -1.7082327644095443
14 7 20 0.0
14 8 24 0.0
14 9 26 0.0
14 10 28 0.0
14 11 32 0.0
14 12 36 0.0
14 13 35 0.0
14 15 39 0.0
14 16 19 0.0
14 17 41 0.0
14 18 23 0.0
14 19 47 0.0
14 20 49 -0.020250049276682416
14 20 45 -3.909705990692207
14 21 43 0.0
14 22 51 -0.0665330941646881
14 22 52 -2.743137908525105
14 23 31 0.0
14 24 55 0.0
14 25 57 0.0
14 26 59 0.0
14 27 64 -1.4094141036978456
14 27 63 -0.28009276783339504
14 28 66 0.0
14 29 68 0.0
14 30 61 0.0
15 0 2 0.0
15 1 1 -0.8129266512784208
15 1 4 -0.5861923816383916
15 2 8 0.0
15 3 7 0.0
15 4 13 0.0
15 5 15 0.0
15 6 17 -0.20954307109886317
15 6 18 -4.286412777914665
15 6 11 -1.741307179512579
15 7 20 0.0
15 8 24 0.0
15 9 26 0.0
15 10 28 0.0
15 11 32 0.0
15 12 36 0.0
15 13 35 0.0
15 14 38 0.0
15 16 42 0.0
15 17 41 -0.9734981803529291
15 17 44 -0.47442820973742095
15 18 23 0.0
15 19 47 0.0
15 20 49 0.0
15 21 50 0.0
15 22 52 0.0
15 23 31 0.0
15 24 55 0.0
15 25 57 0.0
15 26 59 0.0
15 27 64 -1.6182956205768613
15 27 63 -0.22094132943140937
15 28 66 0.0
15 29 68 0.0
15 30 61 0.0
16 0 0 0.0
16 1 4 0.0
16 2 10 0.0
16 3 7 -3.9046560660891827
16 3 12 -0.02035361956125347
16 4 14 0.0
16 5 16 0.0
16 6 18 0.0
16 7 22 0.0
16 8 21 0.0
16 9 25 -0.480269186280216
16 9 26 -0.9639507562290193
16 10 30 0.0
16 11 29 0.0
16 12 33 0.0
16 13 3 -0.0749077630421798
16 13 35 -2.6287178419858157
16 14 9 0.0
16 15 37 -2.71900187629273
16 15 39 -0.06821517940211894
16 17 41 0.0
16 18 46 0.0
16 19 48 0.0
16 20 45 0.0
16 21 43 0.0
16 22 51 0.0
16 23 56 0.0
16 24 55 -4.3930524090018155
16 24 58 -0.012439991670863038
16 25 53 0.0
16 26 62 0.0
16 27 64 0.0
16 28 66 0.0
16 29 68 0.0
16 30 61 0.0
17 0 0 0.0
17 1 4 0.0
17 2 10 0.0
17 3 7 -3.7858480501865017
17 3 12 -0.02295098311007264
17 4 14 0.0
17 5 16 0.0
17 6 18 0.0
17 7 22 0.0
17 8 21 0.0
17 9 25 -0.4793181758404646
17 9 26 -0.9654952543606493
17 10 30 0.0
17 11 29 0.0
17 12 33 0.0
17 13 3 -0.07482297623918559
17 13 35 -2.629808501289742
17 14 9 0.0
17 15 37 -2.721828668149008
17 15 39 -0.06801592182650366
17 16 40 0.0
17 18 46 0.0
17 19 48 0.0
17 20 45 0.0
17 21 43 0.0
17 22 51 0.0
17 23 56 0.0
17 24 55 -4.346351201336452
17 24 58 -0.013038627630438025
17 25 53 0.0
17 26 62 0.0
17 27 64 0.0
17 28 66 0.0
17 29 68 0.0
17 30 61 0.0
18 0 2 0.0
18 1 1 -0.04306284701000351
18 1 4 -3.166548829619252
18 2 10 0.0
18 3 7 -1.6446952616655413
18 3 12 -0.21452007817387775
18 4 14 0.0
18 5 16 0.0
18 6 18 0.0
18 7 22 0.0
18 8 21 0.0
18 9 25 0.0
18 10 27 0.0
18 11 29 0.0
18 12 33 0.0
18 13 35 0.0
18 14 38 -0.04299912802692343
18 14 9 -3.1679979685961097
18 15 37 0.0
18 16 40 0.0
18 17 44 0.0
18 19 47 0.0
18 20 49 0.0
18 21 43 0.0
18 22 51 0.0
18 23 31 0.0
18 24 55 0.0
18 25 53 -0.49376677776050953
18 25 57 -0.9424373637903315
18 26 59 -0.3428055385772319
18 26 62 -1.2371030061026638
18 27 64 0.0
18 28 66 0.0
18 29 68 0.0
18 30 61 0.0
19 0 0 -5.222405151128646
19 0 2 -0.00540894129419514
19 1 4 0.0
19 2 10 0.0
19 3 7 -1.6747666000549501
19 3 12 -0.20745710729954342
19 4 14 0.0
19 5 16 0.0
19 6 18 0.0
19 7 22 0.0
19 8 21 0.0
19 9 25 0.0
19 10 27 0.0
19 11 29 0.0
19 12 33 0.0
19 13 35 0.0
19 14 38 -0.012569085387992413
19 14 9 -4.3827929806466415
19 15 37 0.0
19 16 40 0.0
19 17 44 0.0
19 18 46 0.0
19 20 49 0.0
19 21 43 0.0
19 22 51 0.0
19 23 31 0.0
19 24 55 0.0
19 25 53 -0.495154510816585
19 25 57 -0.9402677193488854
19 26 59 -0.341980177017241
19 26 62 -1.239124399287027
19 27 64 0.0
19 28 66 0.0
19 29 68 0.0
19 30 61 0.0
20 0 0 -5.185446950274063
20 0 2 -0.0056131586213804706
20 1 4 0.0
20 2 10 0.0
20 3 7 -1.6733333509473571
20 3 12 -0.20778782720892522
20 4 14 0.0
20 5 16 0.0
20 6 18 0.0
20 7 22 0.0
20 8 21 0.0
20 9 25 0.0
20 10 27 0.0
20 11 29 0.0
20 12 33 0.0
20 13 35 0.0
20 14 38 -0.014114933340959266
20 14 9 -4.267571105233664
20 15 37 0.0
20 16 40 0.0
20 17 44 0.0
20 18 46 0.0
20 19 48 0.0
20 21 43 0.0
20 22 51 0.0
20 23 31 0.0
20 24 55 0.0
20 25 53 -0.49481679159856273
20 25 57 -0.940795014548742
20 26 59 -0.3421910321360346
20 26 62 -1.238607446491437
20 27 64 0.0
20 28 66 0.0
20 29 68 0.0
20 30 61 0.0
21 0 0 0.0
21 1 4 0.0
21 2 10 0.0
21 3 7 -3.3911319826002067
21 3 12 -0.03425044789763776
21 4 14 0.0
21 5 16 0.0
21 6 18 0.0
21 7 22 0.0
21 8 21 -0.47794915423675516
21 8 24 -0.9677254133229926
21 9 26 0.0
21 10 30 0.0
21 11 29 0.0
21 12 33 0.0
21 13 3 -0.07497175179119915
21 13 35 -2.62789556756001
21 14 9 0.0
21 15 37 -2.730241542915251
21 15 39 -0.0674264614263961
21 16 42 0.0
21 17 41 0.0
21 18 46 0.0
21 19 48 0.0
21 20 45 0.0
21 22 51 0.0
21 23 56 0.0
21 24 55 -3.9191129402371283
21 24 58 -0.02005853688374836
21 25 53 0.0
21 26 62 0.0
21 27 64 0.0
21 28 66 0.0
21 29 68 0.0
21 30 61 0.0
22 0 0 0.0
22 1 4 0.0
22 2 10 0.0
22 3 7 -3.073988472556263
22 3 12 -0.047339409824139776
22 4 14 0.0
22 5 16 0.0
22 6 18 0.0
22 7 22 0.0
22 8 21 -0.47606506885180716
22 8 24 -0.9708077924406128
22 9 26 0.0
22 10 30 0.0
22 11 29 0.0
22 12 33 0.0
22 13 3 -0.07544629893768172
22 13 35 -2.621820136200291
22 14 38 -2.5917418148591214
22 14 9 -0.07784207055377206
22 15 37 0.0
22 16 42 0.0
22 17 41 0.0
22 18 46 0.0
22 19 48 0.0
22 20 45 0.0
22 21 50 0.0
22 23 56 0.0
22 24 55 -3.4800463068739425
22 24 58 -0.031290464708934866
22 25 53 0.0
22 26 62 0.0
22 27 64 0.0
22 28 66 0.0
22 29 68 0.0
22 30 61 0.0
23 0 2 0.0
23 1 1 0.0
23 2 5 -0.7693996195184627
23 2 8 -0.6532396788113867
23 2 10 -4.113428824965565
23 3 7 0.0
23 4 13 -0.15248542239717403
23 4 14 -1.9559603520272584
23 5 16 0.0
23 6 18 0.0
23 7 20 0.0
23 8 24 0.0
23 9 26 0.0
23 10 30 0.0
23 11 29 0.0
23 12 33 0.0
23 13 35 0.0
23 14 38 0.0
23 15 37 0.0
23 16 42 0.0
23 17 41 -0.9616920883614535
23 17 44 -0.48166422282806154
23 18 23 0.0
23 19 47 0.0
23 20 49 0.0
23 21 50 0.0
23 22 52 0.0
23 24 55 0.0
23 25 57 0.0
23 26 59 0.0
23 27 64 -2.001575125374277
23 27 63 -0.14516714735496125
23 28 66 0.0
23 29 68 0.0
23 30 61 0.0
24 0 2 0.0
24 1 1 0.0
24 2 5 -0.783331720389151
24 2 8 -0.8065671522410992
24 2 10 -2.3358223051164932
24 3 7 0.0
24 4 13 -0.18709618332298758
24 4 14 -1.7682224210236748
24 5 16 0.0
24 6 18 0.0
24 7 20 0.0
24 8 24 0.0
24 9 26 0.0
24 10 30 0.0
24 11 29 0.0
24 12 33 0.0
24 13 35 0.0
24 14 38 0.0
24 15 37 0.0
24 16 42 0.0
24 17 41 -0.8752814202460959
24 17 44 -0.5391303201523556
24 18 23 0.0
24 19 47 0.0
24 20 49 0.0
24 21 50 0.0
24 22 52 0.0
24 23 54 0.0
24 25 57 0.0
24 26 59 0.0
24 27 63 0.0
24 28 65 0.0
24 29 67 -0.016347327302164646
24 29 68 -4.121853391638335
24 30 61 0.0
25 0 0 -0.07577553223395304
25 0 2 -2.6176283626171295
25 1 4 0.0
25 2 10 0.0
25 3 7 -2.428683643376947
25 3 12 -0.09228284324948646
25 4 14 0.0
25 5 16 0.0
25 6 18 0.0
25 7 20 0.0
25 8 24 0.0
25 9 26 0.0
25 10 30 0.0
25 11 29 0.0
25 12 33 0.0
25 13 35 0.0
25 14 38 -2.692475731497215
25 14 9 -0.0701146707364026
25 15 37 0.0
25 16 42 0.0
25 17 41 0.0
25 18 23 -0.9669568200830496
25 18 46 -0.4784204121660285
25 19 48 0.0
25 20 45 0.0
25 21 50 0.0
25 22 52 0.0
25 23 56 0.0
25 24 55 -4.390628582757537
25 24 58 -0.012470369638374588
25 26 62 0.0
25 27 64 0.0
25 28 66 0.0
25 29 68 0.0
25 30 61 0.0
26 0 0 -0.17007491232890495
26 0 2 -1.8553487966236841
26 1 4 0.0
26 2 10 0.0
26 3 7 -2.405004174785775
26 3 12 -0.09460206122808341
26 4 14 0.0
26 5 16 0.0
26 6 18 0.0
26 7 20 0.0
26 8 24 0.0
26 9 26 0.0
26 10 30 0.0
26 11 29 0.0
26 12 33 0.0
26 13 35 0.0
26 14 38 -2.0396721304777437
26 14 9 -0.13934408255809635
26 15 37 0.0
26 16 42 0.0
26 17 41 0.0
26 18 23 -0.25410933894055293
26 18 46 -1.4943562705392563
26 19 48 0.0
26 20 45 0.0
26 21 50 0.0
26 22 52 0.0
26 23 54 -0.15092373673689946
26 23 56 -1.9654935906646573
26 24 58 0.0
26 25 60 0.0
26 27 63 0.0
26 28 65 0.0
26 29 67 0.0
26 30 69 0.0
27 0 0 -0.16976718646986885
27 0 2 -1.8570102826836692
27 1 4 0.0
27 2 10 0.0
27 3 7 -2.40502685984989
27 3 12 -0.09459981041356708
27 4 14 0.0
27 5 16 0.0
27 6 18 0.0
27 7 20 0.0
27 8 24 0.0
27 9 26 0.0
27 10 30 0.0
27 11 29 0.0
27 12 33 0.0
27 13 35 0.0
27 14 38 -2.043653178869619
27 14 9 -0.13875019761048374
27 15 37 0.0
27 16 42 0.0
27 17 41 0.0
27 18 23 -0.2550596181519279
27 18 46 -1.4910785995182416
27 19 48 0.0
27 20 45 0.0
27 21 50 0.0
27 22 52 0.0
27 23 54 -0.15102760901337298
27 23 56 -1.964856213709811
27 24 58 0.0
27 25 60 0.0
27 26 62 0.0
27 28 65 0.0
27 29 67 0.0
27 30 69 0.0
28 0 0 -0.0750689967521378
28 0 2 -2.626647334625306
28 1 4 0.0
28 2 10 0.0
28 3 7 -2.455527895163177
28 3 12 -0.08972547205654265
28 4 14 0.0
28 5 16 0.0
28 6 18 0.0
28 7 20 0.0
28 8 24 0.0
28 9 26 0.0
28 10 30 0.0
28 11 29 0.0
28 12 33 0.0
28 13 35 0.0
28 14 38 -2.624036231932048
28 14 9 -0.0752728412253751
28 15 37 0.0
28 16 42 0.0
28 17 41 0.0
28 18 23 -0.961440823992276
28 18 46 -0.48181972833875336
28 19 48 0.0
28 20 45 0.0
28 21 50 0.0
28 22 52 0.0
28 23 56 0.0
28 24 55 -3.589654493083037
28 24 58 -0.02799612736349248
28 25 60 0.0
28 26 62 0.0
28 27 64 0.0
28 29 67 0.0
28 30 69 0.0
29 0 0 -0.07549465344404219
29 0 2 -2.621203301766316
29 1 4 0.0
29 2 10 0.0
29 3 7 -2.4472092394580693
29 3 12 -0.09050994175343723
29 4 14 0.0
29 5 16 0.0
29 6 18 0.0
29 7 20 0.0
29 8 24 0.0
29 9 26 0.0
29 10 30 0.0
29 11 29 0.0
29 12 33 0.0
29 13 35 0.0
29 14 38 -2.686832292348164
29 14 9 -0.07052580362085831
29 15 37 0.0
29 16 42 0.0
29 17 41 0.0
29 18 23 -0.9718968392047069
29 18 46 -0.4754016283821077
29 19 48 0.0
29 20 45 0.0
29 21 50 0.0
29 22 52 0.0
29 23 56 0.0
29 24 55 -4.048982567592356
29 24 58 -0.01759398009772157
29 25 60 0.0
29 26 62 0.0
29 27 64 0.0
29 28 66 0.0
29 30 69 0.0
30 0 0 -0.07575022165104163
30 0 2 -2.617949943430937
30 1 4 0.0
30 2 10 0.0
30 3 7 -2.426385567021181
30 3 12 -0.0925052899143246
30 4 14 0.0
30 5 16 0.0
30 6 18 0.0
30 7 20 0.0
30 8 24 0.0
30 9 26 0.0
30 10 30 0.0
30 11 29 0.0
30 12 33 0.0
30 13 35 0.0
30 14 38 -2.6974558335230148
30 14 9 -0.06975392434306842
30 15 37 0.0
30 16 42 0.0
30 17 41 0.0
30 18 23 -0.9658077017422994
30 18 46 -0.4791260776351082
30 19 48 0.0
30 20 45 0.0
30 21 50 0.0
30 22 52 0.0
30 23 56 0.0
30 24 55 -4.396659100859276
30 24 58 -0.012394926553589663
30 25 60 0.0
30 26 62 0.0
30 27 64 0.0
30 28 66 0.0
30 29 68 0.0
