0 1 1 0.0
0 2 5 0.0
0 3 7 0.0
0 4 13 0.0
0 5 15 0.0
0 6 17 -0.41948110254739324
0 6 11 -1.0711562243919865
0 7 20 0.0
0 8 24 0.0
0 9 26 0.0
0 10 28 0.0
0 11 32 0.0
0 12 34 0.0
0 13 3 0.0
0 14 38 -3.088143211685566E-4
0 14 9 -8.082924767234935
0 15 37 0.0
0 16 19 0.0
0 17 41 0.0
0 18 23 0.0
0 19 47 0.0
0 20 49 -3.473708233654691E-5
0 20 45 -10.267720154871503
0 21 43 0.0
0 22 51 -0.9389315430461331
0 22 52 -0.4960116075445157
0 23 31 0.0
0 24 55 0.0
0 25 57 0.0
0 26 59 0.0
0 27 64 -1.9516185101687573
0 27 63 -0.15320244631321123
0 28 66 0.0
0 29 68 0.0
0 30 61 0.0
1 0 0 0.0
1 2 5 0.0
1 3 7 0.0
1 4 13 0.0
1 5 15 0.0
1 6 17 -0.14149000493727906
1 6 11 -2.0254371999001965
1 7 20 -1.2534611252200023
1 7 22 -0.3361931103526007
1 8 24 0.0
1 9 26 0.0
1 10 28 0.0
1 11 32 0.0
1 12 34 0.0
1 13 3 0.0
1 14 9 0.0
1 15 37 -0.7742545928793887
1 15 39 -0.6181275058056388
1 16 19 0.0
1 17 41 0.0
1 18 46 0.0
1 19 48 0.0
1 20 45 0.0
1 21 43 0.0
1 22 51 0.0
1 23 56 -0.5003891681437946
1 23 31 -0.9321525256906751
1 24 55 -4.769405104693806
1 24 58 -0.008521632793652244
1 25 53 0.0
1 26 62 0.0
1 27 64 0.0
1 28 66 0.0
1 29 68 0.0
1 30 61 0.0
2 0 0 0.0
2 1 4 0.0
2 3 7 0.0
2 4 13 0.0
2 5 15 0.0
2 6 17 -0.14210348605082104
2 6 11 -2.0214102046728657
2 7 20 -0.4806418679040739
2 7 22 -0.963346548769008
2 8 24 0.0
2 9 26 0.0
2 10 28 0.0
2 11 32 0.0
2 12 34 -0.774210120006861
2 12 36 -0.6181655517149204
2 13 3 0.0
2 14 9 0.0
2 15 39 0.0
2 16 19 0.0
2 17 41 0.0
2 18 46 0.0
2 19 48 0.0
2 20 45 0.0
2 21 43 0.0
2 22 51 0.0
2 23 56 -1.934726050891982
2 23 31 -0.15602691786176026
2 24 55 -5.611596907507559
2 24 58 -0.0036619243022488106
2 25 53 0.0
2 26 62 0.0
2 27 64 0.0
2 28 66 0.0
2 29 68 0.0
2 30 61 0.0
3 0 0 0.0
3 1 4 0.0
3 2 6 0.0
3 4 13 0.0
3 5 15 0.0
3 6 17 -0.14200287661268723
3 6 11 -2.0220693424919256
3 7 20 -0.48064263686744824
3 7 22 -0.963345302702576
3 8 24 0.0
3 9 26 0.0
3 10 28 0.0
3 11 32 0.0
3 12 34 -0.7742102683477796
3 12 36 -0.618165424806158
3 13 3 0.0
3 14 9 0.0
3 15 39 0.0
3 16 19 0.0
3 17 41 0.0
3 18 46 0.0
3 19 48 0.0
3 20 45 0.0
3 21 43 0.0
3 22 51 0.0
3 23 56 -1.9347232634499607
3 23 31 -0.15602738854348044
3 24 55 -5.58114169212268
3 24 58 -0.003775378649934846
3 25 53 0.0
3 26 62 0.0
3 27 64 0.0
3 28 66 0.0
3 29 68 0.0
3 30 61 0.0
4 0 0 0.0
4 1 4 0.0
4 2 6 0.0
4 3 12 0.0
4 5 15 0.0
4 6 17 -0.06794994036996681
4 6 11 -2.7227666104297317
4 7 22 0.0
4 8 21 0.0
4 9 25 -1.2868413961255583
4 9 26 -0.3231595259762616
4 10 28 -0.15603918325347926
4 10 30 -1.9346534165167313
4 11 32 0.0
4 12 34 -0.7742159316606453
4 12 36 -0.61816057974952
4 13 3 0.0
4 14 9 0.0
4 15 39 0.0
4 16 19 0.0
4 17 41 0.0
4 18 46 0.0
4 19 48 0.0
4 20 45 0.0
4 21 43 0.0
4 22 51 0.0
4 23 56 0.0
4 24 55 -2.2975132997913796
4 24 58 -0.10592563936761012
4 25 53 0.0
4 26 62 0.0
4 27 64 0.0
4 28 66 0.0
4 29 68 0.0
4 30 61 0.0
5 0 0 0.0
5 1 4 0.0
5 2 6 -0.04918515589017114
5 2 10 -3.036655191385494
5 3 12 0.0
5 4 14 0.0
5 6 17 0.0
5 7 22 0.0
5 8 21 0.0
5 9 25 -1.2868286036099827
5 9 26 -0.32316440618135095
5 10 28 -0.15603902706376285
5 10 30 -1.934654341417239
5 11 32 0.0
5 12 34 -0.7742159415238231
5 12 36 -0.6181605713114546
5 13 3 0.0
5 14 9 0.0
5 15 39 0.0
5 16 19 0.0
5 17 41 0.0
5 18 46 0.0
5 19 48 0.0
5 20 45 0.0
5 21 43 0.0
5 22 51 0.0
5 23 56 0.0
5 24 55 -2.2975738751758668
5 24 58 -0.10591887095028595
5 25 53 0.0
5 26 62 0.0
5 27 64 0.0
5 28 66 0.0
5 29 68 0.0
5 30 61 0.0
6 0 0 0.0
6 1 4 0.0
6 2 10 0.0
6 3 7 -2.042351931005818
6 3 12 -0.13894401639058832
6 4 14 0.0
6 5 16 0.0
6 7 22 0.0
6 8 21 0.0
6 9 25 -0.39413470420107977
6 9 26 -1.121665659454104
6 10 30 0.0
6 11 29 0.0
6 12 33 -0.5015771202843695
6 12 34 -0.9303258698096484
6 13 3 0.0
6 14 9 0.0
6 15 37 -0.6178261008037021
6 15 39 -0.7746070429240497
6 16 19 0.0
6 17 41 0.0
6 18 46 0.0
6 19 48 0.0
6 20 45 0.0
6 21 43 0.0
6 22 51 0.0
6 23 56 0.0
6 24 55 -2.297758744235546
6 24 58 -0.10589821734230412
6 25 53 0.0
6 26 62 0.0
6 27 64 0.0
6 28 66 0.0
6 29 68 0.0
6 30 61 0.0
7 0 2 0.0
7 1 1 0.0
7 2 5 -1.2558731130923673
7 2 8 -0.633699533105003
7 2 10 -1.6898465189645728
7 3 7 -0.30813497721884336
7 3 12 -1.3273318365382034
7 4 14 0.0
7 5 16 0.0
7 6 18 0.0
7 8 21 0.0
7 9 25 0.0
7 10 27 0.0
7 11 29 0.0
7 12 33 0.0
7 13 35 0.0
7 14 38 0.0
7 15 37 0.0
7 16 40 0.0
7 17 44 0.0
7 18 23 0.0
7 19 47 0.0
7 20 49 0.0
7 21 43 0.0
7 22 51 -0.3632876789541294
7 22 52 -1.1887110486565309
7 23 31 0.0
7 24 55 0.0
7 25 57 0.0
7 26 59 0.0
7 27 64 -2.093942861891147
7 27 63 -0.13147683574796337
7 28 66 0.0
7 29 68 0.0
7 30 61 0.0
8 0 2 0.0
8 1 1 0.0
8 2 5 -1.255873096149549
8 2 8 -0.6336990404331495
8 2 10 -1.6898479616803028
8 3 7 -0.3081328075244432
8 3 12 -1.327337848717403
8 4 14 0.0
8 5 16 0.0
8 6 18 0.0
8 7 20 0.0
8 9 25 0.0
8 10 27 0.0
8 11 29 0.0
8 12 33 0.0
8 13 35 0.0
8 14 38 0.0
8 15 37 0.0
8 16 40 0.0
8 17 44 0.0
8 18 23 0.0
8 19 47 0.0
8 20 49 0.0
8 21 43 0.0
8 22 51 -0.3632876831162446
8 22 52 -1.1887110391550584
8 23 31 0.0
8 24 55 0.0
8 25 57 0.0
8 26 59 0.0
8 27 64 -2.0939428612929314
8 27 63 -0.13147683583201963
8 28 66 0.0
8 29 68 0.0
8 30 61 0.0
9 0 2 0.0
9 1 1 0.0
9 2 5 -0.9302612942472563
9 2 8 -0.7742097372721098
9 2 10 -1.9346047150126318
9 3 7 0.0
9 4 13 -0.029826989260133458
9 4 14 -3.5272180416656185
9 5 16 0.0
9 6 18 0.0
9 7 20 0.0
9 8 24 0.0
9 10 27 0.0
9 11 29 0.0
9 12 33 0.0
9 13 35 0.0
9 14 38 0.0
9 15 37 0.0
9 16 42 0.0
9 17 41 -1.1216706972397763
9 17 44 -0.39413227045432586
9 18 23 0.0
9 19 47 0.0
9 20 49 0.0
9 21 50 0.0
9 22 52 0.0
9 23 31 0.0
9 24 55 0.0
9 25 57 0.0
9 26 59 0.0
9 27 64 -2.094097222450426
9 27 63 -0.1314551482251273
9 28 66 0.0
9 29 68 0.0
9 30 61 0.0
10 0 2 0.0
10 1 1 0.0
10 2 5 -0.9302512081714314
10 2 8 -0.774205243167142
10 2 10 -1.9346465937573938
10 3 7 0.0
10 4 13 -0.029694529626836743
10 4 14 -3.531602962658015
10 5 16 0.0
10 6 18 0.0
10 7 20 0.0
10 8 24 0.0
10 9 26 0.0
10 11 29 0.0
10 12 33 0.0
10 13 35 0.0
10 14 38 0.0
10 15 37 0.0
10 16 42 0.0
10 17 41 -1.1216651060927616
10 17 44 -0.3941349715302284
10 18 23 0.0
10 19 47 0.0
10 20 49 0.0
10 21 50 0.0
10 22 52 0.0
10 23 31 0.0
10 24 55 0.0
10 25 57 0.0
10 26 59 0.0
10 27 64 -2.0939598246395783
10 27 63 -0.13147445230999064
10 28 66 0.0
10 29 68 0.0
10 30 61 0.0
11 0 2 0.0
11 1 1 0.0
11 2 5 -0.7742110487549161
11 2 8 -0.618164757152084
11 3 7 0.0
11 4 13 0.0
11 5 15 0.0
11 6 17 -0.47736863805112495
11 6 18 -1.9323942275054145
11 6 11 -1.4490845463894477
11 7 20 0.0
11 8 24 0.0
11 9 26 0.0
11 10 28 0.0
11 12 33 0.0
11 13 35 0.0
11 14 38 0.0
11 15 37 0.0
11 16 42 0.0
11 17 41 -1.1217248744779404
11 17 44 -0.3941060986605096
11 18 23 0.0
11 19 47 0.0
11 20 49 0.0
11 21 50 0.0
11 22 52 0.0
11 23 31 0.0
11 24 55 0.0
11 25 57 0.0
11 26 59 0.0
11 27 64 -1.9529555438602288
11 27 63 -0.15298125816830324
11 28 66 0.0
11 29 68 0.0
11 30 61 0.0
12 0 2 0.0
12 1 1 0.0
12 2 5 -0.7742107804421051
12 2 8 -0.6181649866990061
12 3 7 0.0
12 4 13 0.0
12 5 15 0.0
12 6 17 -0.477359513037096
12 6 18 -1.9324066797028259
12 6 11 -1.4491009795487597
12 7 20 0.0
12 8 24 0.0
12 9 26 0.0
12 10 28 0.0
12 11 32 0.0
12 13 35 0.0
12 14 38 0.0
12 15 37 0.0
12 16 42 0.0
12 17 41 -1.1217237491687293
12 17 44 -0.3941066422504571
12 18 23 0.0
12 19 47 0.0
12 20 49 0.0
12 21 50 0.0
12 22 52 0.0
12 23 31 0.0
12 24 55 0.0
12 25 57 0.0
12 26 59 0.0
12 27 64 -1.9530183934679983
12 27 63 -0.15297086931130244
12 28 66 0.0
12 29 68 0.0
12 30 61 0.0
13 0 2 0.0
13 1 1 0.0
13 2 5 -0.7742472633814804
13 2 8 -0.6181337758706805
13 3 7 0.0
13 4 13 0.0
13 5 15 0.0
13 6 17 -0.2665141366223668
13 6 11 -1.45262723507479
13 7 20 0.0
13 8 24 0.0
13 9 26 0.0
13 10 28 0.0
13 11 32 0.0
13 12 34 0.0
13 14 38 0.0
13 15 37 0.0
13 16 19 0.0
13 17 41 -0.4793195388018789
13 17 44 -0.96549303806953
13 18 23 0.0
13 19 47 0.0
13 20 49 0.0
13 21 43 0.0
13 22 51 -0.15626853059805387
13 22 52 -1.9332963799452803
13 23 31 0.0
13 24 55 0.0
13 25 57 0.0
13 26 59 0.0
13 27 64 -1.9516650875297328
13 27 63 -0.15319473513186005
13 28 66 0.0
13 29 68 0.0
13 30 61 0.0
14 0 0 -8.255951061807279
14 0 2 -2.59742138638781E-4
14 1 4 0.0
14 2 8 0.0
14 3 7 0.0
14 4 13 0.0
14 5 15 0.0
14 6 17 -0.20857706426339911
14 6 11 -1.6699231991123205
14 7 20 0.0
14 8 24 0.0
14 9 26 0.0
14 10 28 0.0
14 11 32 0.0
14 12 36 0.0
14 13 35 0.0
14 15 39 0.0
14 16 19 0.0
14 17 41 0.0
14 18 23 0.0
14 19 47 0.0
14 20 49 -7.471524452130228E-4
14 20 45 -7.199614870024586
14 21 43 0.0
14 22 51 -0.30815487485238896
14 22 52 -1.3272767028929793
14 23 31 0.0
14 24 55 0.0
14 25 57 0.0
14 26 59 0.0
14 27 64 -1.9462664664458955
14 27 63 -0.15409130593707587
14 28 66 0.0
14 29 68 0.0
14 30 61 0.0
15 0 2 0.0
15 1 1 -0.7742331952334681
15 1 4 -0.6181458107952037
15 2 8 0.0
15 3 7 0.0
15 4 13 0.0
15 5 15 0.0
15 6 17 -0.43021737870902926
15 6 18 -1.7908149714582375
15 6 11 -1.6993180946355928
15 7 20 0.0
15 8 24 0.0
15 9 26 0.0
15 10 28 0.0
15 11 32 0.0
15 12 36 0.0
15 13 35 0.0
15 14 38 0.0
15 16 42 0.0
15 17 41 -1.1217353333149997
15 17 44 -0.39410104647592215
15 18 23 0.0
15 19 47 0.0
15 20 49 0.0
15 21 50 0.0
15 22 52 0.0
15 23 31 0.0
15 24 55 0.0
15 25 57 0.0
15 26 59 0.0
15 27 64 -1.9516772980692274
15 27 63 -0.15319271366785606
15 28 66 0.0
15 29 68 0.0
15 30 61 0.0
16 0 0 0.0
16 1 4 0.0
16 2 10 0.0
16 3 7 -2.022349339045562
16 3 12 -0.14196016164132338
16 4 14 0.0
16 5 16 0.0
16 6 18 0.0
16 7 22 0.0
16 8 21 0.0
16 9 25 -0.3941369071911934
16 9 26 -1.1216610993604845
16 10 30 0.0
16 11 29 0.0
16 12 33 0.0
16 13 3 -0.9302655130360892
16 13 35 -0.5016164340317962
16 14 9 0.0
16 15 37 -0.7955424223060196
16 15 39 -0.6002696911823403
16 17 41 0.0
16 18 46 0.0
16 19 48 0.0
16 20 45 0.0
16 21 43 0.0
16 22 51 0.0
16 23 56 0.0
16 24 55 -2.2924399386493883
16 24 58 -0.10649413472736118
16 25 53 0.0
16 26 62 0.0
16 27 64 0.0
16 28 66 0.0
16 29 68 0.0
16 30 61 0.0
17 0 0 0.0
17 1 4 0.0
17 2 10 0.0
17 3 7 -2.0236031310920857
17 3 12 -0.14176905792195232
17 4 14 0.0
17 5 16 0.0
17 6 18 0.0
17 7 22 0.0
17 8 21 0.0
17 9 25 -0.39413702030681574
17 9 26 -1.121660865216904
17 10 30 0.0
17 11 29 0.0
17 12 33 0.0
17 13 3 -0.9302688923091633
17 13 35 -0.5016142328184041
17 14 9 0.0
17 15 37 -0.7955496373853721
17 15 39 -0.6002637560229472
17 16 40 0.0
17 18 46 0.0
17 19 48 0.0
17 20 45 0.0
17 21 43 0.0
17 22 51 0.0
17 23 56 0.0
17 24 55 -2.292721404786254
17 24 58 -0.10646251093375801
17 25 53 0.0
17 26 62 0.0
17 27 64 0.0
17 28 66 0.0
17 29 68 0.0
17 30 61 0.0
18 0 2 0.0
18 1 1 -1.2624636901038084
18 1 4 -0.33261814462984424
18 2 10 0.0
18 3 7 -1.4629267562545296
18 3 12 -0.2633896302566033
18 4 14 0.0
18 5 16 0.0
18 6 18 0.0
18 7 22 0.0
18 8 21 0.0
18 9 25 0.0
18 10 27 0.0
18 11 29 0.0
18 12 33 0.0
18 13 35 0.0
18 14 38 -0.0010460838350097748
18 14 9 -6.863224764680164
18 15 37 0.0
18 16 40 0.0
18 17 44 0.0
18 19 47 0.0
18 20 49 0.0
18 21 43 0.0
18 22 51 0.0
18 23 31 0.0
18 24 55 0.0
18 25 53 -0.36349066407988184
18 25 57 -1.1882478189954824
18 26 59 -0.03333873929355561
18 26 62 -3.4176582747666986
18 27 64 0.0
18 28 66 0.0
18 29 68 0.0
18 30 61 0.0
19 0 0 -11.760482241911276
19 0 2 -7.807089409793468E-6
19 1 4 0.0
19 2 10 0.0
19 3 7 -1.4736588527856371
19 3 12 -0.26017814226570907
19 4 14 0.0
19 5 16 0.0
19 6 18 0.0
19 7 22 0.0
19 8 21 0.0
19 9 25 0.0
19 10 27 0.0
19 11 29 0.0
19 12 33 0.0
19 13 35 0.0
19 14 38 -2.3848117590046032E-4
19 14 9 -8.34133941601083
19 15 37 0.0
19 16 40 0.0
19 17 44 0.0
19 18 46 0.0
19 20 49 0.0
19 21 43 0.0
19 22 51 0.0
19 23 31 0.0
19 24 55 0.0
19 25 53 -0.3635971192507559
19 25 57 -1.1880050023816575
19 26 59 -0.033256939254410575
19 26 62 -3.420074219992449
19 27 64 0.0
19 28 66 0.0
19 29 68 0.0
19 30 61 0.0
20 0 0 -11.589538619559889
20 0 2 -9.262523888354163E-6
20 1 4 0.0
20 2 10 0.0
20 3 7 -1.4726111870699765
20 3 12 -0.2604896794718696
20 4 14 0.0
20 5 16 0.0
20 6 18 0.0
20 7 22 0.0
20 8 21 0.0
20 9 25 0.0
20 10 27 0.0
20 11 29 0.0
20 12 33 0.0
20 13 35 0.0
20 14 38 -2.733020256054403E-4
20 14 9 -8.205069701303103
20 15 37 0.0
20 16 40 0.0
20 17 44 0.0
20 18 46 0.0
20 19 48 0.0
20 21 43 0.0
20 22 51 0.0
20 23 31 0.0
20 24 55 0.0
20 25 53 -0.3635913832346666
20 25 57 -1.1880180836616505
20 26 59 -0.03326135844188284
20 26 62 -3.4199435460041028
20 27 64 0.0
20 28 66 0.0
20 29 68 0.0
20 30 61 0.0
21 0 0 0.0
21 1 4 0.0
21 2 10 0.0
21 3 7 -2.032543727679602
21 3 12 -0.14041429859193483
21 4 14 0.0
21 5 16 0.0
21 6 18 0.0
21 7 22 0.0
21 8 21 -0.363281927045683
21 8 24 -1.188724179507727
21 9 26 0.0
21 10 30 0.0
21 11 29 0.0
21 12 33 0.0
21 13 3 -0.9302870002253772
21 13 35 -0.5016024377726543
21 14 9 0.0
21 15 37 -0.7955766522516178
21 15 39 -0.6002415341556723
21 16 42 0.0
21 17 41 0.0
21 18 46 0.0
21 19 48 0.0
21 20 45 0.0
21 22 51 0.0
21 23 56 0.0
21 24 55 -2.2949928261653194
21 24 58 -0.10620767007679416
21 25 53 0.0
21 26 62 0.0
21 27 64 0.0
21 28 66 0.0
21 29 68 0.0
21 30 61 0.0
22 0 0 0.0
22 1 4 0.0
22 2 10 0.0
22 3 7 -2.0439432663503174
22 3 12 -0.13870702902990556
22 4 14 0.0
22 5 16 0.0
22 6 18 0.0
22 7 22 0.0
22 8 21 -0.3632758185313564
22 8 24 -1.1887381247147757
22 9 26 0.0
22 10 30 0.0
22 11 29 0.0
22 12 33 0.0
22 13 3 -0.9303133821691957
22 13 35 -0.5015852538625919
22 14 38 -0.792976743826643
22 14 9 -0.6023851905740553
22 15 37 0.0
22 16 42 0.0
22 17 41 0.0
22 18 46 0.0
22 19 48 0.0
22 20 45 0.0
22 21 50 0.0
22 23 56 0.0
22 24 55 -2.298149285875953
22 24 58 -0.10585459990550462
22 25 53 0.0
22 26 62 0.0
22 27 64 0.0
22 28 66 0.0
22 29 68 0.0
22 30 61 0.0
23 0 2 0.0
23 1 1 0.0
23 2 5 -0.9302516269272192
23 2 8 -0.774205407460782
23 2 10 -1.9346449261314496
23 3 7 0.0
23 4 13 -0.02970004888188443
23 4 14 -3.5314198581602674
23 5 16 0.0
23 6 18 0.0
23 7 20 0.0
23 8 24 0.0
23 9 26 0.0
23 10 30 0.0
23 11 29 0.0
23 12 33 0.0
23 13 35 0.0
23 14 38 0.0
23 15 37 0.0
23 16 42 0.0
23 17 41 -1.1216649669183882
23 17 44 -0.39413503876547384
23 18 23 0.0
23 19 47 0.0
23 20 49 0.0
23 21 50 0.0
23 22 52 0.0
23 24 55 0.0
23 25 57 0.0
23 26 59 0.0
23 27 64 -2.093965499079695
23 27 63 -0.13147365500396951
23 28 66 0.0
23 29 68 0.0
23 30 61 0.0
24 0 2 0.0
24 1 1 0.0
24 2 5 -0.9810118155461582
24 2 8 -0.7766463541832079
24 2 10 -1.8010674668796165
24 3 7 0.0
24 4 13 -0.03448704473763319
24 4 14 -3.3843655066687512
24 5 16 0.0
24 6 18 0.0
24 7 20 0.0
24 8 24 0.0
24 9 26 0.0
24 10 30 0.0
24 11 29 0.0
24 12 33 0.0
24 13 35 0.0
24 14 38 0.0
24 15 37 0.0
24 16 42 0.0
24 17 41 -1.1211542415685036
24 17 44 -0.39438186407201986
24 18 23 0.0
24 19 47 0.0
24 20 49 0.0
24 21 50 0.0
24 22 52 0.0
24 23 54 0.0
24 25 57 0.0
24 26 59 0.0
24 27 63 0.0
24 28 65 0.0
24 29 67 -0.10561783617897276
24 29 68 -2.3002721830799997
24 30 61 0.0
25 0 0 -0.9302752145550492
25 0 2 -0.5016101146247776
25 1 4 0.0
25 2 10 0.0
25 3 7 -2.068485583907847
25 3 12 -0.13510637426556812
25 4 14 0.0
25 5 16 0.0
25 6 18 0.0
25 7 20 0.0
25 8 24 0.0
25 9 26 0.0
25 10 30 0.0
25 11 29 0.0
25 12 33 0.0
25 13 35 0.0
25 14 38 -0.7949348961289127
25 14 9 -0.6007697252933705
25 15 37 0.0
25 16 42 0.0
25 17 41 0.0
25 18 23 -1.188753781846732
25 18 46 -0.3632689602768423
25 19 48 0.0
25 20 45 0.0
25 21 50 0.0
25 22 52 0.0
25 23 56 0.0
25 24 55 -2.2931388476927
25 24 58 -0.10641562785884616
25 26 62 0.0
25 27 64 0.0
25 28 66 0.0
25 29 68 0.0
25 30 61 0.0
26 0 0 -6.325173599384059
26 0 2 -0.0017922605066643977
26 1 4 0.0
26 2 10 0.0
26 3 7 -2.0561278219493486
26 3 12 -0.13690674111091375
26 4 14 0.0
26 5 16 0.0
26 6 18 0.0
26 7 20 0.0
26 8 24 0.0
26 9 26 0.0
26 10 30 0.0
26 11 29 0.0
26 12 33 0.0
26 13 35 0.0
26 14 38 -0.0344982286107949
26 14 9 -3.3840468270174515
26 15 37 0.0
26 16 42 0.0
26 17 41 0.0
26 18 23 -0.03095981693090259
26 18 46 -3.490505114219406
26 19 48 0.0
26 20 45 0.0
26 21 50 0.0
26 22 52 0.0
26 23 54 -0.13147832981116847
26 23 56 -2.093932228923241
26 24 58 0.0
26 25 60 0.0
26 27 63 0.0
26 28 65 0.0
26 29 67 0.0
26 30 69 0.0
27 0 0 -6.325197755407555
27 0 2 -0.0017922171744816423
27 1 4 0.0
27 2 10 0.0
27 3 7 -2.0568071540086326
27 3 12 -0.13680710750615926
27 4 14 0.0
27 5 16 0.0
27 6 18 0.0
27 7 20 0.0
27 8 24 0.0
27 9 26 0.0
27 10 30 0.0
27 11 29 0.0
27 12 33 0.0
27 13 35 0.0
27 14 38 -0.03450158039458942
27 14 9 -3.3839513398507237
27 15 37 0.0
27 16 42 0.0
27 17 41 0.0
27 18 23 -0.030959797724969915
27 18 46 -3.490505725016512
27 19 48 0.0
27 20 45 0.0
27 21 50 0.0
27 22 52 0.0
27 23 54 -0.13147833033114387
27 23 56 -2.093932225222695
27 24 58 0.0
27 25 60 0.0
27 26 62 0.0
27 28 65 0.0
27 29 67 0.0
27 30 69 0.0
28 0 0 -0.930319550716797
28 0 2 -0.5015812360798574
28 1 4 0.0
28 2 10 0.0
28 3 7 -2.0444045857104753
28 3 12 -0.13863840866467905
28 4 14 0.0
28 5 16 0.0
28 6 18 0.0
28 7 20 0.0
28 8 24 0.0
28 9 26 0.0
28 10 30 0.0
28 11 29 0.0
28 12 33 0.0
28 13 35 0.0
28 14 38 -0.7941840360404903
28 14 9 -0.6013884986043234
28 15 37 0.0
28 16 42 0.0
28 17 41 0.0
28 18 23 -1.18877783092738
28 18 46 -0.36325842641868106
28 19 48 0.0
28 20 45 0.0
28 21 50 0.0
28 22 52 0.0
28 23 56 0.0
28 24 55 -2.2985365810326646
28 24 58 -0.10581136374751259
28 25 60 0.0
28 26 62 0.0
28 27 64 0.0
28 29 67 0.0
28 30 69 0.0
29 0 0 -0.9302927108607965
29 0 2 -0.501598718080087
29 1 4 0.0
29 2 10 0.0
29 3 7 -2.0470438272364646
29 3 12 -0.1382465248525526
29 4 14 0.0
29 5 16 0.0
29 6 18 0.0
29 7 20 0.0
29 8 24 0.0
29 9 26 0.0
29 10 30 0.0
29 11 29 0.0
29 12 33 0.0
29 13 35 0.0
29 14 38 -0.7947296619117141
29 14 9 -0.6009387717925179
29 15 37 0.0
29 16 42 0.0
29 17 41 0.0
29 18 23 -1.1887659381273217
29 18 46 -0.3632636355980177
29 19 48 0.0
29 20 45 0.0
29 21 50 0.0
29 22 52 0.0
29 23 56 0.0
29 24 55 -2.2951834320222146
29 24 58 -0.10618631442161623
29 25 60 0.0
29 26 62 0.0
29 27 64 0.0
29 28 66 0.0
29 30 69 0.0
30 0 0 -0.9302734977712751
30 0 2 -0.5016112329016115
30 1 4 0.0
30 2 10 0.0
30 3 7 -2.0804068832211566
30 3 12 -0.13339356273077438
30 4 14 0.0
30 5 16 0.0
30 6 18 0.0
30 7 20 0.0
30 8 24 0.0
30 9 26 0.0
30 10 30 0.0
30 11 29 0.0
30 12 33 0.0
30 13 35 0.0
30 14 38 -0.7949748864307344
30 14 9 -0.6007367936059259
30 15 37 0.0
30 16 42 0.0
30 17 41 0.0
30 18 23 -1.1887499892722944
30 18 46 -0.3632706215146053
30 19 48 0.0
30 20 45 0.0
30 21 50 0.0
30 22 52 0.0
30 23 56 0.0
30 24 55 -2.2928158372832126
30 24 58 -0.106451903300636
30 25 60 0.0
30 26 62 0.0
30 27 64 0.0
30 28 66 0.0
30 29 68 0.0
