0 1 1 0.0
0 2 5 0.0
0 3 7 0.0
0 4 13 0.0
0 5 15 0.0
0 6 17 -0.41120950200183914
0 6 11 -1.0872215572543167
0 7 20 0.0
0 8 24 0.0
0 9 26 0.0
0 10 28 0.0
0 11 32 0.0
0 12 34 0.0
0 13 3 0.0
0 14 38 -2.2682048654287E-4
0 14 9 -8.391465069617428
0 15 37 0.0
0 16 19 0.0
0 17 41 0.0
0 18 23 0.0
0 19 47 0.0
0 20 49 -2.6988953325499342E-5
0 20 45 -10.520096406215462
0 21 43 0.0
0 22 51 -0.9610868118642201
0 22 52 -0.4820389309982086
0 23 31 0.0
0 24 55 0.0
0 25 57 0.0
0 26 59 0.0
0 27 64 -2.185495688306232
0 27 63 -0.11925886692943362
0 28 66 0.0
0 29 68 0.0
0 30 61 0.0
1 0 0 0.0
1 2 5 0.0
1 3 7 0.0
1 4 13 0.0
1 5 15 0.0
1 6 17 -0.15505390785843537
1 6 11 -1.9405078463445784
1 7 20 -1.3528517165125349
1 7 22 -0.2990828605241788
1 8 24 0.0
1 9 26 0.0
1 10 28 0.0
1 11 32 0.0
1 12 34 0.0
1 13 3 0.0
1 14 9 0.0
1 15 37 -0.7727499156854746
1 15 39 -0.6194164818650129
1 16 19 0.0
1 17 41 0.0
1 18 46 0.0
1 19 48 0.0
1 20 45 0.0
1 21 43 0.0
1 22 51 0.0
1 23 56 -0.46828228990050724
1 23 31 -0.9837047528017873
1 24 55 -3.354687589550743
1 24 58 -0.035544567491244905
1 25 53 0.0
1 26 62 0.0
1 27 64 0.0
1 28 66 0.0
1 29 68 0.0
1 30 61 0.0
2 0 0 0.0
2 1 4 0.0
2 3 7 0.0
2 4 13 0.0
2 5 15 0.0
2 6 17 -0.15551419654916576
2 6 11 -1.9377678622915442
2 7 20 -0.5840189565057428
2 7 22 -0.8156599024847435
2 8 24 0.0
2 9 26 0.0
2 10 28 0.0
2 11 32 0.0
2 12 34 -0.7724567192491552
2 12 36 -0.6196680670836016
2 13 3 0.0
2 14 9 0.0
2 15 39 0.0
2 16 19 0.0
2 17 41 0.0
2 18 46 0.0
2 19 48 0.0
2 20 45 0.0
2 21 43 0.0
2 22 51 0.0
2 23 56 -1.7835041285965554
2 23 31 -0.18398083461785367
2 24 55 -4.125668579091994
2 24 58 -0.016284568386685662
2 25 53 0.0
2 26 62 0.0
2 27 64 0.0
2 28 66 0.0
2 29 68 0.0
2 30 61 0.0
3 0 0 0.0
3 1 4 0.0
3 2 6 0.0
3 4 13 0.0
3 5 15 0.0
3 6 17 -0.15540374247804167
3 6 11 -1.9384245686772799
3 7 20 -0.5840021777471137
3 7 22 -0.8156810553132241
3 8 24 0.0
3 9 26 0.0
3 10 28 0.0
3 11 32 0.0
3 12 34 -0.7724572033421548
3 12 36 -0.6196676515813913
3 13 3 0.0
3 14 9 0.0
3 15 39 0.0
3 16 19 0.0
3 17 41 0.0
3 18 46 0.0
3 19 48 0.0
3 20 45 0.0
3 21 43 0.0
3 22 51 0.0
3 23 56 -1.7834917139100688
3 23 31 -0.18398334231367777
3 24 55 -4.065373103348044
3 24 58 -0.017305466436560495
3 25 53 0.0
3 26 62 0.0
3 27 64 0.0
3 28 66 0.0
3 29 68 0.0
3 30 61 0.0
4 0 0 0.0
4 1 4 0.0
4 2 6 0.0
4 3 12 0.0
4 5 15 0.0
4 6 17 -0.07060888036715014
4 6 11 -2.685696073053316
4 7 22 0.0
4 8 21 0.0
4 9 25 -1.1157083236187155
4 9 26 -0.3970254588557024
4 10 28 -0.18400124904645618
4 10 30 -1.7834030695978251
4 11 32 0.0
4 12 34 -0.7724735587264591
4 12 36 -0.6196536137993758
4 13 3 0.0
4 14 9 0.0
4 15 39 0.0
4 16 19 0.0
4 17 41 0.0
4 18 46 0.0
4 19 48 0.0
4 20 45 0.0
4 21 43 0.0
4 22 51 0.0
4 23 56 0.0
4 24 55 -2.67174380920122
4 24 58 -0.07163733056799455
4 25 53 0.0
4 26 62 0.0
4 27 64 0.0
4 28 66 0.0
4 29 68 0.0
4 30 61 0.0
5 0 0 0.0
5 1 4 0.0
5 2 6 -0.051464686861334534
5 2 10 -2.9924813854696333
5 3 12 0.0
5 4 14 0.0
5 6 17 0.0
5 7 22 0.0
5 8 21 0.0
5 9 25 -1.1153203282837665
5 9 26 -0.39721461995598956
5 10 28 -0.18399216265779172
5 10 30 -1.7834480490782874
5 11 32 0.0
5 12 34 -0.7724736059505074
5 12 36 -0.6196535732677205
5 13 3 0.0
5 14 9 0.0
5 15 39 0.0
5 16 19 0.0
5 17 41 0.0
5 18 46 0.0
5 19 48 0.0
5 20 45 0.0
5 21 43 0.0
5 22 51 0.0
5 23 56 0.0
5 24 55 -2.653419445243878
5 24 58 -0.07301169079557406
5 25 53 0.0
5 26 62 0.0
5 27 64 0.0
5 28 66 0.0
5 29 68 0.0
5 30 61 0.0
6 0 0 0.0
6 1 4 0.0
6 2 10 0.0
6 3 7 -1.95439003770572
6 3 12 -0.15274432989957856
6 4 14 0.0
6 5 16 0.0
6 7 22 0.0
6 8 21 0.0
6 9 25 -0.45611071960025235
6 9 26 -1.0044218228786188
6 10 30 0.0
6 11 29 0.0
6 12 33 -0.48578496925730724
6 12 34 -0.9550681591777199
6 13 3 0.0
6 14 9 0.0
6 15 37 -0.5864575710336757
6 15 39 -0.8125940715376238
6 16 19 0.0
6 17 41 0.0
6 18 46 0.0
6 19 48 0.0
6 20 45 0.0
6 21 43 0.0
6 22 51 0.0
6 23 56 0.0
6 24 55 -2.568705126617654
6 24 58 -0.07973036270192722
6 25 53 0.0
6 26 62 0.0
6 27 64 0.0
6 28 66 0.0
6 29 68 0.0
6 30 61 0.0
7 0 2 0.0
7 1 1 0.0
7 2 5 -1.3536901352206931
7 2 8 -0.5401493900943979
7 2 10 -1.8385152461802379
7 3 7 -0.270138543191096
7 3 12 -1.4408508291630011
7 4 14 0.0
7 5 16 0.0
7 6 18 0.0
7 8 21 0.0
7 9 25 0.0
7 10 27 0.0
7 11 29 0.0
7 12 33 0.0
7 13 35 0.0
7 14 38 0.0
7 15 37 0.0
7 16 40 0.0
7 17 44 0.0
7 18 23 0.0
7 19 47 0.0
7 20 49 0.0
7 21 43 0.0
7 22 51 -0.4358438952757133
7 22 52 -1.0404905816501966
7 23 31 0.0
7 24 55 0.0
7 25 57 0.0
7 26 59 0.0
7 27 64 -2.417089272443823
7 27 63 -0.09341088782746079
7 28 66 0.0
7 29 68 0.0
7 30 61 0.0
8 0 2 0.0
8 1 1 0.0
8 2 5 -1.3536901226068458
8 2 8 -0.540151758739814
8 2 10 -1.8385065896399382
8 3 7 -0.2703606494955827
8 3 12 -1.440135030142226
8 4 14 0.0
8 5 16 0.0
8 6 18 0.0
8 7 20 0.0
8 9 25 0.0
8 10 27 0.0
8 11 29 0.0
8 12 33 0.0
8 13 35 0.0
8 14 38 0.0
8 15 37 0.0
8 16 40 0.0
8 17 44 0.0
8 18 23 0.0
8 19 47 0.0
8 20 49 0.0
8 21 43 0.0
8 22 51 -0.43586915238952867
8 22 52 -1.0404443474960605
8 23 31 0.0
8 24 55 0.0
8 25 57 0.0
8 26 59 0.0
8 27 64 -2.4170884609372587
8 27 63 -0.09341096728434505
8 28 66 0.0
8 29 68 0.0
8 30 61 0.0
9 0 2 0.0
9 1 1 0.0
9 2 5 -0.9567009233131306
9 2 8 -0.8038948108294852
9 2 10 -1.7822477378423427
9 3 7 0.0
9 4 13 -0.03527598526885829
9 4 14 -3.362138993927738
9 5 16 0.0
9 6 18 0.0
9 7 20 0.0
9 8 24 0.0
9 10 27 0.0
9 11 29 0.0
9 12 33 0.0
9 13 35 0.0
9 14 38 0.0
9 15 37 0.0
9 16 42 0.0
9 17 41 -1.0046545719327018
9 17 44 -0.4559762327895757
9 18 23 0.0
9 19 47 0.0
9 20 49 0.0
9 21 50 0.0
9 22 52 0.0
9 23 31 0.0
9 24 55 0.0
9 25 57 0.0
9 26 59 0.0
9 27 64 -2.4166419901829377
9 27 63 -0.0934546932240205
9 28 66 0.0
9 29 68 0.0
9 30 61 0.0
10 0 2 0.0
10 1 1 0.0
10 2 5 -0.9565105719763528
10 2 8 -0.8037154573921004
10 2 10 -1.7831599274773824
10 3 7 0.0
10 4 13 -0.030689812527847277
10 4 14 -3.499130181157594
10 5 16 0.0
10 6 18 0.0
10 7 20 0.0
10 8 24 0.0
10 9 26 0.0
10 11 29 0.0
10 12 33 0.0
10 13 35 0.0
10 14 38 0.0
10 15 37 0.0
10 16 42 0.0
10 17 41 -1.0046376830827142
10 17 44 -0.4559859898251673
10 18 23 0.0
10 19 47 0.0
10 20 49 0.0
10 21 50 0.0
10 22 52 0.0
10 23 31 0.0
10 24 55 0.0
10 25 57 0.0
10 26 59 0.0
10 27 64 -2.416984315063332
10 27 63 -0.09342116508656968
10 28 66 0.0
10 29 68 0.0
10 30 61 0.0
11 0 2 0.0
11 1 1 0.0
11 2 5 -0.7724592032873405
11 2 8 -0.6196659350109633
11 3 7 0.0
11 4 13 0.0
11 5 15 0.0
11 6 17 -0.49952475999603807
11 6 18 -1.7736616217370178
11 6 11 -1.4984754627420478
11 7 20 0.0
11 8 24 0.0
11 9 26 0.0
11 10 28 0.0
11 12 33 0.0
11 13 35 0.0
11 14 38 0.0
11 15 37 0.0
11 16 42 0.0
11 17 41 -0.9753449586578682
11 17 44 -0.4733087013600862
11 18 23 0.0
11 19 47 0.0
11 20 49 0.0
11 21 50 0.0
11 22 52 0.0
11 23 31 0.0
11 24 55 0.0
11 25 57 0.0
11 26 59 0.0
11 27 64 -2.184205806538372
11 27 63 -0.1194223641150191
11 28 66 0.0
11 29 68 0.0
11 30 61 0.0
12 0 2 0.0
12 1 1 0.0
12 2 5 -0.7724584200644051
12 2 8 -0.6196666072572923
12 3 7 0.0
12 4 13 0.0
12 5 15 0.0
12 6 17 -0.49902621764783894
12 6 18 -1.7725128341695406
12 6 11 -1.5007049670100479
12 7 20 0.0
12 8 24 0.0
12 9 26 0.0
12 10 28 0.0
12 11 32 0.0
12 13 35 0.0
12 14 38 0.0
12 15 37 0.0
12 16 42 0.0
12 17 41 -0.9753292625176248
12 17 44 -0.47331820230424715
12 18 23 0.0
12 19 47 0.0
12 20 49 0.0
12 21 50 0.0
12 22 52 0.0
12 23 31 0.0
12 24 55 0.0
12 25 57 0.0
12 26 59 0.0
12 27 64 -2.1858864113053924
12 27 63 -0.11920938824541633
12 28 66 0.0
12 29 68 0.0
12 30 61 0.0
13 0 2 0.0
13 1 1 0.0
13 2 5 -0.772533706088681
13 2 8 -0.6196019931507694
13 3 7 0.0
13 4 13 0.0
13 5 15 0.0
13 6 17 -0.29050922265028367
13 6 11 -1.3778605531524688
13 7 20 0.0
13 8 24 0.0
13 9 26 0.0
13 10 28 0.0
13 11 32 0.0
13 12 34 0.0
13 14 38 0.0
13 15 37 0.0
13 16 19 0.0
13 17 41 -0.5858551083162113
13 17 44 -0.8133499203944307
13 18 23 0.0
13 19 47 0.0
13 20 49 0.0
13 21 43 0.0
13 22 51 -0.18267733966905952
13 22 52 -1.7899824511010098
13 23 31 0.0
13 24 55 0.0
13 25 57 0.0
13 26 59 0.0
13 27 64 -2.1854834217030055
13 27 63 -0.11926042064697566
13 28 66 0.0
13 29 68 0.0
13 30 61 0.0
14 0 0 -8.711001102643136
14 0 2 -1.6477680193194047E-4
14 1 4 0.0
14 2 8 0.0
14 3 7 0.0
14 4 13 0.0
14 5 15 0.0
14 6 17 -0.22075422618997084
14 6 11 -1.6190527142019586
14 7 20 0.0
14 8 24 0.0
14 9 26 0.0
14 10 28 0.0
14 11 32 0.0
14 12 36 0.0
14 13 35 0.0
14 15 39 0.0
14 16 19 0.0
14 17 41 0.0
14 18 23 0.0
14 19 47 0.0
14 20 49 -3.848340064520294E-4
14 20 45 -7.862890879554562
14 21 43 0.0
14 22 51 -0.45962461248884395
14 22 52 -0.9983706503037293
14 23 31 0.0
14 24 55 0.0
14 25 57 0.0
14 26 59 0.0
14 27 64 -2.20016860817101
14 27 63 -0.11741564047604716
14 28 66 0.0
14 29 68 0.0
14 30 61 0.0
15 0 2 0.0
15 1 1 -0.7725689437941934
15 1 4 -0.6195717535533897
15 2 8 0.0
15 3 7 0.0
15 4 13 0.0
15 5 15 0.0
15 6 17 -0.4733493479260399
15 6 18 -1.7029477029651798
15 6 11 -1.6350544325773633
15 7 20 0.0
15 8 24 0.0
15 9 26 0.0
15 10 28 0.0
15 11 32 0.0
15 12 36 0.0
15 13 35 0.0
15 14 38 0.0
15 16 42 0.0
15 17 41 -0.9756311819705865
15 17 44 -0.4731354910800522
15 18 23 0.0
15 19 47 0.0
15 20 49 0.0
15 21 50 0.0
15 22 52 0.0
15 23 31 0.0
15 24 55 0.0
15 25 57 0.0
15 26 59 0.0
15 27 64 -2.185224747815706
15 27 63 -0.11929318990659478
15 28 66 0.0
15 29 68 0.0
15 30 61 0.0
16 0 0 0.0
16 1 4 0.0
16 2 10 0.0
16 3 7 -1.9406539124477131
16 3 12 -0.1550294116080182
16 4 14 0.0
16 5 16 0.0
16 6 18 0.0
16 7 22 0.0
16 8 21 0.0
16 9 25 -0.45598150824026695
16 9 26 -1.0046454403845255
16 10 30 0.0
16 11 29 0.0
16 12 33 0.0
16 13 3 -0.9550846102818275
16 13 35 -0.4857746800446266
16 14 9 0.0
16 15 37 -0.9365653635580333
16 15 39 -0.49753402746982606
16 17 41 0.0
16 18 46 0.0
16 19 48 0.0
16 20 45 0.0
16 21 43 0.0
16 22 51 0.0
16 23 56 0.0
16 24 55 -2.4669400681362696
16 24 58 -0.08866082309034966
16 25 53 0.0
16 26 62 0.0
16 27 64 0.0
16 28 66 0.0
16 29 68 0.0
16 30 61 0.0
17 0 0 0.0
17 1 4 0.0
17 2 10 0.0
17 3 7 -1.940854095401381
17 3 12 -0.15499584639031344
17 4 14 0.0
17 5 16 0.0
17 6 18 0.0
17 7 22 0.0
17 8 21 0.0
17 9 25 -0.45597931300226163
17 9 26 -1.0046492402185991
17 10 30 0.0
17 11 29 0.0
17 12 33 0.0
17 13 3 -0.9550863323407898
17 13 35 -0.48577360301240446
17 14 9 0.0
17 15 37 -0.9360275435759555
17 15 39 -0.4978808922119052
17 16 40 0.0
17 18 46 0.0
17 19 48 0.0
17 20 45 0.0
17 21 43 0.0
17 22 51 0.0
17 23 56 0.0
17 24 55 -2.469716813762555
17 24 58 -0.08840378120165783
17 25 53 0.0
17 26 62 0.0
17 27 64 0.0
17 28 66 0.0
17 29 68 0.0
17 30 61 0.0
18 0 2 0.0
18 1 1 -1.3555081595510365
18 1 4 -0.2981584241135104
18 2 10 0.0
18 3 7 -1.517431356114359
18 3 12 -0.24753153792735483
18 4 14 0.0
18 5 16 0.0
18 6 18 0.0
18 7 22 0.0
18 8 21 0.0
18 9 25 0.0
18 10 27 0.0
18 11 29 0.0
18 12 33 0.0
18 13 35 0.0
18 14 38 -5.114572129081384E-4
18 14 9 -7.578502344006848
18 15 37 0.0
18 16 40 0.0
18 17 44 0.0
18 19 47 0.0
18 20 49 0.0
18 21 43 0.0
18 22 51 0.0
18 23 31 0.0
18 24 55 0.0
18 25 53 -0.4369446078881245
18 25 57 -1.0384787449358241
18 26 59 -0.09458512915735744
18 26 62 -2.4051748402704907
18 27 64 0.0
18 28 66 0.0
18 29 68 0.0
18 30 61 0.0
19 0 0 -12.037868132024922
19 0 2 -5.9159103085898925E-6
19 1 4 0.0
19 2 10 0.0
19 3 7 -1.534145755623075
19 3 12 -0.24288695292645363
19 4 14 0.0
19 5 16 0.0
19 6 18 0.0
19 7 22 0.0
19 8 21 0.0
19 9 25 0.0
19 10 27 0.0
19 11 29 0.0
19 12 33 0.0
19 13 35 0.0
19 14 38 -1.5345519348764638E-4
19 14 9 -8.782178659266073
19 15 37 0.0
19 16 40 0.0
19 17 44 0.0
19 18 46 0.0
19 20 49 0.0
19 21 43 0.0
19 22 51 0.0
19 23 31 0.0
19 24 55 0.0
19 25 53 -0.4367521159102088
19 25 57 -1.0388301222262861
19 26 59 -0.09463609123699247
19 26 62 -2.4046612687741584
19 27 64 0.0
19 28 66 0.0
19 29 68 0.0
19 30 61 0.0
20 0 0 -11.873300451395474
20 0 2 -6.974171879048763E-6
20 1 4 0.0
20 2 10 0.0
20 3 7 -1.5331433276623094
20 3 12 -0.24316272111909756
20 4 14 0.0
20 5 16 0.0
20 6 18 0.0
20 7 22 0.0
20 8 21 0.0
20 9 25 0.0
20 10 27 0.0
20 11 29 0.0
20 12 33 0.0
20 13 35 0.0
20 14 38 -1.7129962965527632E-4
20 14 9 -8.672181963194117
20 15 37 0.0
20 16 40 0.0
20 17 44 0.0
20 18 46 0.0
20 19 48 0.0
20 21 43 0.0
20 22 51 0.0
20 23 31 0.0
20 24 55 0.0
20 25 53 -0.4368018536103042
20 25 57 -1.0387393120883253
20 26 59 -0.0946452637745185
20 26 62 -2.404568863102673
20 27 64 0.0
20 28 66 0.0
20 29 68 0.0
20 30 61 0.0
21 0 0 0.0
21 1 4 0.0
21 2 10 0.0
21 3 7 -1.9461245644867666
21 3 12 -0.15411494839128245
21 4 14 0.0
21 5 16 0.0
21 6 18 0.0
21 7 22 0.0
21 8 21 -0.43559824901965355
21 8 24 -1.040940419390214
21 9 26 0.0
21 10 30 0.0
21 11 29 0.0
21 12 33 0.0
21 13 3 -0.9550966100350952
21 13 35 -0.4857671750675853
21 14 9 0.0
21 15 37 -0.9326128722100241
21 15 39 -0.5000903495815866
21 16 42 0.0
21 17 41 0.0
21 18 46 0.0
21 19 48 0.0
21 20 45 0.0
21 22 51 0.0
21 23 56 0.0
21 24 55 -2.503374452917637
21 24 58 -0.08534927557349253
21 25 53 0.0
21 26 62 0.0
21 27 64 0.0
21 28 66 0.0
21 29 68 0.0
21 30 61 0.0
22 0 0 0.0
22 1 4 0.0
22 2 10 0.0
22 3 7 -1.9557243055586908
22 3 12 -0.15252431061131436
22 4 14 0.0
22 5 16 0.0
22 6 18 0.0
22 7 22 0.0
22 8 21 -0.4362850407887612
22 8 24 -1.039683522188918
22 9 26 0.0
22 10 30 0.0
22 11 29 0.0
22 12 33 0.0
22 13 3 -0.9551138760238361
22 13 35 -0.4857563766983004
22 14 38 -0.7513936104072643
22 14 9 -0.6381074736937675
22 15 37 0.0
22 16 42 0.0
22 17 41 0.0
22 18 46 0.0
22 19 48 0.0
22 20 45 0.0
22 21 50 0.0
22 23 56 0.0
22 24 55 -2.5433061641727814
22 24 58 -0.08186763067398427
22 25 53 0.0
22 26 62 0.0
22 27 64 0.0
22 28 66 0.0
22 29 68 0.0
22 30 61 0.0
23 0 2 0.0
23 1 1 0.0
23 2 5 -0.9565056003479828
23 2 8 -0.8037101166251467
23 2 10 -1.7831855135976213
23 3 7 0.0
23 4 13 -0.030951002890456297
23 4 14 -3.490785463380692
23 5 16 0.0
23 6 18 0.0
23 7 20 0.0
23 8 24 0.0
23 9 26 0.0
23 10 30 0.0
23 11 29 0.0
23 12 33 0.0
23 13 35 0.0
23 14 38 0.0
23 15 37 0.0
23 16 42 0.0
23 17 41 -1.0046394307096618
23 17 44 -0.455984980173118
23 18 23 0.0
23 19 47 0.0
23 20 49 0.0
23 21 50 0.0
23 22 52 0.0
23 24 55 0.0
23 25 57 0.0
23 26 59 0.0
23 27 64 -2.4169653084622325
23 27 63 -0.09342302630925424
23 28 66 0.0
23 29 68 0.0
23 30 61 0.0
24 0 2 0.0
24 1 1 0.0
24 2 5 -0.9625797221188164
24 2 8 -0.8048329923839201
24 2 10 -1.7664953219629846
24 3 7 0.0
24 4 13 -0.08588237613579056
24 4 14 -2.4974105209449458
24 5 16 0.0
24 6 18 0.0
24 7 20 0.0
24 8 24 0.0
24 9 26 0.0
24 10 30 0.0
24 11 29 0.0
24 12 33 0.0
24 13 35 0.0
24 14 38 0.0
24 15 37 0.0
24 16 42 0.0
24 17 41 -1.0044978105481155
24 17 44 -0.45606680705577596
24 18 23 0.0
24 19 47 0.0
24 20 49 0.0
24 21 50 0.0
24 22 52 0.0
24 23 54 0.0
24 25 57 0.0
24 26 59 0.0
24 27 63 0.0
24 28 65 0.0
24 29 67 -0.08826374027603916
24 29 68 -2.471233185657973
24 30 61 0.0
25 0 0 -0.9550723691432468
25 0 2 -0.485782336141539
25 1 4 0.0
25 2 10 0.0
25 3 7 -1.998850490544206
25 3 12 -0.14559349603374522
25 4 14 0.0
25 5 16 0.0
25 6 18 0.0
25 7 20 0.0
25 8 24 0.0
25 9 26 0.0
25 10 30 0.0
25 11 29 0.0
25 12 33 0.0
25 13 35 0.0
25 14 38 -0.8786192769536078
25 14 9 -0.5367521769284406
25 15 37 0.0
25 16 42 0.0
25 17 41 0.0
25 18 23 -1.0393685605400926
25 18 46 -0.4364573509367568
25 19 48 0.0
25 20 45 0.0
25 21 50 0.0
25 22 52 0.0
25 23 56 0.0
25 24 55 -2.4664877096873585
25 24 58 -0.08870277159603689
25 26 62 0.0
25 27 64 0.0
25 28 66 0.0
25 29 68 0.0
25 30 61 0.0
26 0 0 -6.37491110711256
26 0 2 -0.0017052243111386899
26 1 4 0.0
26 2 10 0.0
26 3 7 -1.9805183717493173
26 3 12 -0.14849732231956653
26 4 14 0.0
26 5 16 0.0
26 6 18 0.0
26 7 20 0.0
26 8 24 0.0
26 9 26 0.0
26 10 30 0.0
26 11 29 0.0
26 12 33 0.0
26 13 35 0.0
26 14 38 -0.020034334246306275
26 14 9 -3.9203082082187035
26 15 37 0.0
26 16 42 0.0
26 17 41 0.0
26 18 23 -0.047483775496382455
26 18 46 -3.071015138094222
26 19 48 0.0
26 20 45 0.0
26 21 50 0.0
26 22 52 0.0
26 23 54 -0.09340787387031287
26 23 56 -2.417120055030588
26 24 58 0.0
26 25 60 0.0
26 27 63 0.0
26 28 65 0.0
26 29 67 0.0
26 30 69 0.0
27 0 0 -6.374610679510807
27 0 2 -0.001705737121786269
27 1 4 0.0
27 2 10 0.0
27 3 7 -1.9810830303817122
27 3 12 -0.1484069558931622
27 4 14 0.0
27 5 16 0.0
27 6 18 0.0
27 7 20 0.0
27 8 24 0.0
27 9 26 0.0
27 10 30 0.0
27 11 29 0.0
27 12 33 0.0
27 13 35 0.0
27 14 38 -0.02007562344889582
27 14 9 -3.918269982483507
27 15 37 0.0
27 16 42 0.0
27 17 41 0.0
27 18 23 -0.04749953840699291
27 18 46 -3.0706910481176948
27 19 48 0.0
27 20 45 0.0
27 21 50 0.0
27 22 52 0.0
27 23 54 -0.09340770403805011
27 23 56 -2.4171217896171884
27 24 58 0.0
27 25 60 0.0
27 26 62 0.0
27 28 65 0.0
27 29 67 0.0
27 30 69 0.0
28 0 0 -0.9551112072610355
28 0 2 -0.48575804575674875
28 1 4 0.0
28 2 10 0.0
28 3 7 -1.9741188434792174
28 3 12 -0.14952563451502732
28 4 14 0.0
28 5 16 0.0
28 6 18 0.0
28 7 20 0.0
28 8 24 0.0
28 9 26 0.0
28 10 30 0.0
28 11 29 0.0
28 12 33 0.0
28 13 35 0.0
28 14 38 -0.770399958414873
28 14 9 -0.6214367876992238
28 15 37 0.0
28 16 42 0.0
28 17 41 0.0
28 18 23 -1.0412642352918697
28 18 46 -0.4354215261649406
28 19 48 0.0
28 20 45 0.0
28 21 50 0.0
28 22 52 0.0
28 23 56 0.0
28 24 55 -2.50504891198359
28 24 58 -0.08520022157766155
28 25 60 0.0
28 26 62 0.0
28 27 64 0.0
28 29 67 0.0
28 30 69 0.0
29 0 0 -0.955087348798738
29 0 2 -0.48577296728764086
29 1 4 0.0
29 2 10 0.0
29 3 7 -1.977456175886725
29 3 12 -0.14898842022985212
29 4 14 0.0
29 5 16 0.0
29 6 18 0.0
29 7 20 0.0
29 8 24 0.0
29 9 26 0.0
29 10 30 0.0
29 11 29 0.0
29 12 33 0.0
29 13 35 0.0
29 14 38 -0.834807166791684
29 14 9 -0.5690872722546767
29 15 37 0.0
29 16 42 0.0
29 17 41 0.0
29 18 23 -1.0399482075159105
29 18 46 -0.43614030086783445
29 19 48 0.0
29 20 45 0.0
29 21 50 0.0
29 22 52 0.0
29 23 56 0.0
29 24 55 -2.4771397785920284
29 24 58 -0.08772045665269691
29 25 60 0.0
29 26 62 0.0
29 27 64 0.0
29 28 66 0.0
29 30 69 0.0
30 0 0 -0.9550709918138286
30 0 2 -0.48578319758789473
30 1 4 0.0
30 2 10 0.0
30 3 7 -2.0064746363970647
30 3 12 -0.14440384648401916
30 4 14 0.0
30 5 16 0.0
30 6 18 0.0
30 7 20 0.0
30 8 24 0.0
30 9 26 0.0
30 10 30 0.0
30 11 29 0.0
30 12 33 0.0
30 13 35 0.0
30 14 38 -0.8856394475451029
30 14 9 -0.5317945234695518
30 15 37 0.0
30 16 42 0.0
30 17 41 0.0
30 18 23 -1.0397339638032361
30 18 46 -0.43625745284052636
30 19 48 0.0
30 20 45 0.0
30 21 50 0.0
30 22 52 0.0
30 23 56 0.0
30 24 55 -2.465648508422634
30 24 58 -0.08878064809256858
30 25 60 0.0
30 26 62 0.0
30 27 64 0.0
30 28 66 0.0
30 29 68 0.0
