0 1 1 0.0
0 2 5 0.0
0 3 7 0.0
0 4 13 0.0
0 5 15 0.0
0 6 17 -0.21337333057778282
0 6 11 -1.6495022988582455
0 7 20 0.0
0 8 24 0.0
0 9 26 0.0
0 10 28 0.0
0 11 32 0.0
0 12 34 0.0
0 13 3 0.0
0 14 38 -0.0015857867099476001
0 14 9 -6.4474674363971785
0 15 37 0.0
0 16 19 0.0
0 17 41 0.0
0 18 23 0.0
0 19 47 0.0
0 20 49 -8.688087003202348E-4
0 20 45 -7.048821967552993
0 21 43 0.0
0 22 51 -0.2566759194852688
0 22 52 -1.4855353634803539
0 23 31 0.0
0 24 55 0.0
0 25 57 0.0
0 26 59 0.0
0 27 64 -1.668946616067805
0 27 63 -0.20880369348535646
0 28 66 0.0
0 29 68 0.0
0 30 61 0.0
1 0 0 0.0
1 2 5 0.0
1 3 7 0.0
1 4 13 0.0
1 5 15 0.0
1 6 17 -0.14119722849683825
1 6 11 -2.0273656404846436
1 7 20 -0.24284563119217498
1 7 22 -1.534296072147884
1 8 24 0.0
1 9 26 0.0
1 10 28 0.0
1 11 32 0.0
1 12 34 0.0
1 13 3 0.0
1 14 9 0.0
1 15 37 -0.8644793516266107
1 15 39 -0.5469206647458817
1 16 19 0.0
1 17 41 0.0
1 18 46 0.0
1 19 48 0.0
1 20 45 0.0
1 21 43 0.0
1 22 51 0.0
1 23 56 -2.1341324548638476
1 23 31 -0.12595697101255493
1 24 55 -3.273831836977571
1 24 58 -0.03859642222600167
1 25 53 0.0
1 26 62 0.0
1 27 64 0.0
1 28 66 0.0
1 29 68 0.0
1 30 61 0.0
2 0 0 0.0
2 1 4 0.0
2 3 7 0.0
2 4 13 0.0
2 5 15 0.0
2 6 17 -0.13951172817311186
2 6 11 -2.038551623817047
2 7 20 -0.21371999522785975
2 7 22 -1.6480460992118278
2 8 24 0.0
2 9 26 0.0
2 10 28 0.0
2 11 32 0.0
2 12 34 -0.8366388769074258
2 12 36 -0.5676852532852498
2 13 3 0.0
2 14 9 0.0
2 15 39 0.0
2 16 19 0.0
2 17 41 0.0
2 18 46 0.0
2 19 48 0.0
2 20 45 0.0
2 21 43 0.0
2 22 51 0.0
2 23 56 -2.199857911430725
2 23 31 -0.1174543559385141
2 24 55 -3.693959819038441
2 24 58 -0.025187880997037785
2 25 53 0.0
2 26 62 0.0
2 27 64 0.0
2 28 66 0.0
2 29 68 0.0
2 30 61 0.0
3 0 0 0.0
3 1 4 0.0
3 2 6 0.0
3 4 13 0.0
3 5 15 0.0
3 6 17 -0.14013821498694548
3 6 11 -2.0343770548741045
3 7 20 -0.21372745643169969
3 7 22 -1.6480147865204453
3 8 24 0.0
3 9 26 0.0
3 10 28 0.0
3 11 32 0.0
3 12 34 -0.8366334162142695
3 12 36 -0.5676894262507185
3 13 3 0.0
3 14 9 0.0
3 15 39 0.0
3 16 19 0.0
3 17 41 0.0
3 18 46 0.0
3 19 48 0.0
3 20 45 0.0
3 21 43 0.0
3 22 51 0.0
3 23 56 -2.199843051357407
3 23 31 -0.11745620796932711
3 24 55 -3.6715158551802096
3 24 58 -0.02576701713344637
3 25 53 0.0
3 26 62 0.0
3 27 64 0.0
3 28 66 0.0
3 29 68 0.0
3 30 61 0.0
4 0 0 0.0
4 1 4 0.0
4 2 6 0.0
4 3 12 0.0
4 5 15 0.0
4 6 17 -0.09294249840320552
4 6 11 -2.4218856194003693
4 7 22 0.0
4 8 21 0.0
4 9 25 -1.607287578053381
4 9 26 -0.22368185817729316
4 10 28 -0.14605445838396
4 10 30 -1.9959142819669116
4 11 32 0.0
4 12 34 -0.7309692732412133
4 12 36 -0.6567036180120056
4 13 3 0.0
4 14 9 0.0
4 15 39 0.0
4 16 19 0.0
4 17 41 0.0
4 18 46 0.0
4 19 48 0.0
4 20 45 0.0
4 21 43 0.0
4 22 51 0.0
4 23 56 0.0
4 24 55 -3.8916342701491264
4 24 58 -0.020623163153284173
4 25 53 0.0
4 26 62 0.0
4 27 64 0.0
4 28 66 0.0
4 29 68 0.0
4 30 61 0.0
5 0 0 0.0
5 1 4 0.0
5 2 6 -0.02918183463468676
5 2 10 -3.5487642999363023
5 3 12 0.0
5 4 14 0.0
5 6 17 0.0
5 7 22 0.0
5 8 21 0.0
5 9 25 -1.3903531343503626
5 9 26 -0.2863328006142641
5 10 28 -0.1924941714633827
5 10 30 -1.742393049093726
5 11 32 0.0
5 12 34 -0.7271072015268
5 12 36 -0.6603026637528766
5 13 3 0.0
5 14 9 0.0
5 15 39 0.0
5 16 19 0.0
5 17 41 0.0
5 18 46 0.0
5 19 48 0.0
5 20 45 0.0
5 21 43 0.0
5 22 51 0.0
5 23 56 0.0
5 24 55 -3.968986819261973
5 24 58 -0.01907330963791733
5 25 53 0.0
5 26 62 0.0
5 27 64 0.0
5 28 66 0.0
5 29 68 0.0
5 30 61 0.0
6 0 0 0.0
6 1 4 0.0
6 2 10 0.0
6 3 7 -2.165807234536341
6 3 12 -0.12178052457635004
6 4 14 0.0
6 5 16 0.0
6 7 22 0.0
6 8 21 0.0
6 9 25 -0.4377940813056126
6 9 26 -1.036930384604834
6 10 30 0.0
6 11 29 0.0
6 12 33 -0.9939633605534919
6 12 34 -0.4622051774517669
6 13 3 0.0
6 14 9 0.0
6 15 37 -0.500723951650122
6 15 39 -0.9316371880165537
6 16 19 0.0
6 17 41 0.0
6 18 46 0.0
6 19 48 0.0
6 20 45 0.0
6 21 43 0.0
6 22 51 0.0
6 23 56 0.0
6 24 55 -4.153552273031568
6 24 58 -0.015833202541696813
6 25 53 0.0
6 26 62 0.0
6 27 64 0.0
6 28 66 0.0
6 29 68 0.0
6 30 61 0.0
7 0 2 0.0
7 1 1 0.0
7 2 5 -0.7754340074221475
7 2 8 -0.7024570148504474
7 2 10 -3.1206281352268808
7 3 7 -0.27699896848365807
7 3 12 -1.419046004771971
7 4 14 0.0
7 5 16 0.0
7 6 18 0.0
7 8 21 0.0
7 9 25 0.0
7 10 27 0.0
7 11 29 0.0
7 12 33 0.0
7 13 35 0.0
7 14 38 0.0
7 15 37 0.0
7 16 40 0.0
7 17 44 0.0
7 18 23 0.0
7 19 47 0.0
7 20 49 0.0
7 21 43 0.0
7 22 51 -0.4366668441735405
7 22 52 -1.038985839429048
7 23 31 0.0
7 24 55 0.0
7 25 57 0.0
7 26 59 0.0
7 27 64 -1.867212803525652
7 27 63 -0.16789078381264674
7 28 66 0.0
7 29 68 0.0
7 30 61 0.0
8 0 2 0.0
8 1 1 0.0
8 2 5 -0.7754338401356334
8 2 8 -0.7024568456902629
8 2 10 -3.1206317797941474
8 3 7 -0.27699903487521627
8 3 12 -1.4190457967555938
8 4 14 0.0
8 5 16 0.0
8 6 18 0.0
8 7 20 0.0
8 9 25 0.0
8 10 27 0.0
8 11 29 0.0
8 12 33 0.0
8 13 35 0.0
8 14 38 0.0
8 15 37 0.0
8 16 40 0.0
8 17 44 0.0
8 18 23 0.0
8 19 47 0.0
8 20 49 0.0
8 21 43 0.0
8 22 51 -0.43667953399233533
8 22 52 -1.038962663804396
8 23 31 0.0
8 24 55 0.0
8 25 57 0.0
8 26 59 0.0
8 27 64 -1.8672128097460043
8 27 63 -0.16789078267552016
8 28 66 0.0
8 29 68 0.0
8 30 61 0.0
9 0 2 0.0
9 1 1 0.0
9 2 5 -0.7648333935281616
9 2 8 -0.7047731329378328
9 2 10 -3.2097215783985287
9 3 7 0.0
9 4 13 -0.1919907118847065
9 4 14 -1.74476825976565
9 5 16 0.0
9 6 18 0.0
9 7 20 0.0
9 8 24 0.0
9 10 27 0.0
9 11 29 0.0
9 12 33 0.0
9 13 35 0.0
9 14 38 0.0
9 15 37 0.0
9 16 42 0.0
9 17 41 -1.0385623801950483
9 17 44 -0.43689878121407455
9 18 23 0.0
9 19 47 0.0
9 20 49 0.0
9 21 50 0.0
9 22 52 0.0
9 23 31 0.0
9 24 55 0.0
9 25 57 0.0
9 26 59 0.0
9 27 64 -1.8670473876676161
9 27 63 -0.16792102601764586
9 28 66 0.0
9 29 68 0.0
9 30 61 0.0
10 0 2 0.0
10 1 1 0.0
10 2 5 -0.7648647725316432
10 2 8 -0.7044234835973735
10 2 10 -3.213648989651133
10 3 7 0.0
10 4 13 -0.1917442665015879
10 4 14 -1.745933431424501
10 5 16 0.0
10 6 18 0.0
10 7 20 0.0
10 8 24 0.0
10 9 26 0.0
10 11 29 0.0
10 12 33 0.0
10 13 35 0.0
10 14 38 0.0
10 15 37 0.0
10 16 42 0.0
10 17 41 -1.0389896085441024
10 17 44 -0.4366647804367228
10 18 23 0.0
10 19 47 0.0
10 20 49 0.0
10 21 50 0.0
10 22 52 0.0
10 23 31 0.0
10 24 55 0.0
10 25 57 0.0
10 26 59 0.0
10 27 64 -1.8672318949611
10 27 63 -0.1678872937959575
10 28 66 0.0
10 29 68 0.0
10 30 61 0.0
11 0 2 0.0
11 1 1 0.0
11 2 5 -0.8612577646635524
11 2 8 -0.5492722794487106
11 3 7 0.0
11 4 13 0.0
11 5 15 0.0
11 6 17 -0.2621520015052155
11 6 18 -2.419898799142216
11 6 11 -1.9542173367420832
11 7 20 0.0
11 8 24 0.0
11 9 26 0.0
11 10 28 0.0
11 12 33 0.0
11 13 35 0.0
11 14 38 0.0
11 15 37 0.0
11 16 42 0.0
11 17 41 -0.9293493563385655
11 17 44 -0.5022136597022944
11 18 23 0.0
11 19 47 0.0
11 20 49 0.0
11 21 50 0.0
11 22 52 0.0
11 23 31 0.0
11 24 55 0.0
11 25 57 0.0
11 26 59 0.0
11 27 64 -1.6697790608565626
11 27 63 -0.20861049633274983
11 28 66 0.0
11 29 68 0.0
11 30 61 0.0
12 0 2 0.0
12 1 1 0.0
12 2 5 -0.8613045557597442
12 2 8 -0.5492380301212909
12 3 7 0.0
12 4 13 0.0
12 5 15 0.0
12 6 17 -0.26204496343644706
12 6 18 -2.4203625244723255
12 6 11 -1.954507683820483
12 7 20 0.0
12 8 24 0.0
12 9 26 0.0
12 10 28 0.0
12 11 32 0.0
12 13 35 0.0
12 14 38 0.0
12 15 37 0.0
12 16 42 0.0
12 17 41 -0.9293066957169216
12 17 44 -0.5022414914071853
12 18 23 0.0
12 19 47 0.0
12 20 49 0.0
12 21 50 0.0
12 22 52 0.0
12 23 31 0.0
12 24 55 0.0
12 25 57 0.0
12 26 59 0.0
12 27 64 -1.6696856790109884
12 27 63 -0.2086321589032929
12 28 66 0.0
12 29 68 0.0
12 30 61 0.0
13 0 2 0.0
13 1 1 0.0
13 2 5 -0.7473025290991342
13 2 8 -0.641774578270112
13 3 7 0.0
13 4 13 0.0
13 5 15 0.0
13 6 17 -0.21324066610036177
13 6 11 -1.6500602645553448
13 7 20 0.0
13 8 24 0.0
13 9 26 0.0
13 10 28 0.0
13 11 32 0.0
13 12 34 0.0
13 14 38 0.0
13 15 37 0.0
13 16 19 0.0
13 17 41 -0.32211176702296623
13 17 44 -1.2895931401597855
13 18 23 0.0
13 19 47 0.0
13 20 49 0.0
13 21 43 0.0
13 22 51 -0.20974015421165643
13 22 52 -1.6649236683947841
13 23 31 0.0
13 24 55 0.0
13 25 57 0.0
13 26 59 0.0
13 27 64 -1.6690067025028346
13 27 63 -0.20878974174624654
13 28 66 0.0
13 29 68 0.0
13 30 61 0.0
14 0 0 -6.178980713828509
14 0 2 -0.002074689970664268
14 1 4 0.0
14 2 8 0.0
14 3 7 0.0
14 4 13 0.0
14 5 15 0.0
14 6 17 -0.21463417023682227
14 6 11 -1.644218562567004
14 7 20 0.0
14 8 24 0.0
14 9 26 0.0
14 10 28 0.0
14 11 32 0.0
14 12 36 0.0
14 13 35 0.0
14 15 39 0.0
14 16 19 0.0
14 17 41 0.0
14 18 23 0.0
14 19 47 0.0
14 20 49 -0.00196610697190198
14 20 45 -6.232682740220754
14 21 43 0.0
14 22 51 -0.24901503697736566
14 22 52 -1.5121671601106301
14 23 31 0.0
14 24 55 0.0
14 25 57 0.0
14 26 59 0.0
14 27 64 -1.6574308086676512
14 27 63 -0.21149677853501372
14 28 66 0.0
14 29 68 0.0
14 30 61 0.0
15 0 2 0.0
15 1 1 -0.8628164399703729
15 1 4 -0.548132879432282
15 2 8 0.0
15 3 7 0.0
15 4 13 0.0
15 5 15 0.0
15 6 17 -0.26229860236120894
15 6 18 -2.4119975181663924
15 6 11 -1.9584093628834085
15 7 20 0.0
15 8 24 0.0
15 9 26 0.0
15 10 28 0.0
15 11 32 0.0
15 12 36 0.0
15 13 35 0.0
15 14 38 0.0
15 16 42 0.0
15 17 41 -0.9294881915744224
15 17 44 -0.5021230974502998
15 18 23 0.0
15 19 47 0.0
15 20 49 0.0
15 21 50 0.0
15 22 52 0.0
15 23 31 0.0
15 24 55 0.0
15 25 57 0.0
15 26 59 0.0
15 27 64 -1.6692634980625338
15 27 63 -0.20873012687160827
15 28 66 0.0
15 29 68 0.0
15 30 61 0.0
16 0 0 0.0
16 1 4 0.0
16 2 10 0.0
16 3 7 -2.150700864929436
16 3 12 -0.12375368964379571
16 4 14 0.0
16 5 16 0.0
16 6 18 0.0
16 7 22 0.0
16 8 21 0.0
16 9 25 -0.4367983501968714
16 9 26 -1.038745708135483
16 10 30 0.0
16 11 29 0.0
16 12 33 0.0
16 13 3 -0.5077145279689818
16 13 35 -0.9209755991649191
16 14 9 0.0
16 15 37 -0.9516322945064006
16 15 39 -0.4879399486227279
16 17 41 0.0
16 18 46 0.0
16 19 48 0.0
16 20 45 0.0
16 21 43 0.0
16 22 51 0.0
16 23 56 0.0
16 24 55 -4.455456777897335
16 24 58 -0.011682994361263846
16 25 53 0.0
16 26 62 0.0
16 27 64 0.0
16 28 66 0.0
16 29 68 0.0
16 30 61 0.0
17 0 0 0.0
17 1 4 0.0
17 2 10 0.0
17 3 7 -2.153458299182884
17 3 12 -0.12339099945993255
17 4 14 0.0
17 5 16 0.0
17 6 18 0.0
17 7 22 0.0
17 8 21 0.0
17 9 25 -0.4368774649759504
17 9 26 -1.0386012867539558
17 10 30 0.0
17 11 29 0.0
17 12 33 0.0
17 13 3 -0.507722162781081
17 13 35 -0.9209640574274438
17 14 9 0.0
17 15 37 -0.9515685982980592
17 15 39 -0.48798001287898185
17 16 40 0.0
17 18 46 0.0
17 19 48 0.0
17 20 45 0.0
17 21 43 0.0
17 22 51 0.0
17 23 56 0.0
17 24 55 -4.454992138043904
17 24 58 -0.011688455863424128
17 25 53 0.0
17 26 62 0.0
17 27 64 0.0
17 28 66 0.0
17 29 68 0.0
17 30 61 0.0
18 0 2 0.0
18 1 1 -0.07949543250908843
18 1 4 -2.5715401283169004
18 2 10 0.0
18 3 7 -1.6403419108520636
18 3 12 -0.2155645071493615
18 4 14 0.0
18 5 16 0.0
18 6 18 0.0
18 7 22 0.0
18 8 21 0.0
18 9 25 0.0
18 10 27 0.0
18 11 29 0.0
18 12 33 0.0
18 13 35 0.0
18 14 38 -0.004481877501021322
18 14 9 -5.40995333708036
18 15 37 0.0
18 16 40 0.0
18 17 44 0.0
18 19 47 0.0
18 20 49 0.0
18 21 43 0.0
18 22 51 0.0
18 23 31 0.0
18 24 55 0.0
18 25 53 -0.49164221651351375
18 25 57 -0.9457740101648789
18 26 59 -0.42605383251855866
18 26 62 -1.0586644865505743
18 27 64 0.0
18 28 66 0.0
18 29 68 0.0
18 30 61 0.0
19 0 0 -8.008725738960038
19 0 2 -3.3260350874567173E-4
19 1 4 0.0
19 2 10 0.0
19 3 7 -1.6429396309881292
19 3 12 -0.21494060002619583
19 4 14 0.0
19 5 16 0.0
19 6 18 0.0
19 7 22 0.0
19 8 21 0.0
19 9 25 0.0
19 10 27 0.0
19 11 29 0.0
19 12 33 0.0
19 13 35 0.0
19 14 38 -0.0011927133457952691
19 14 9 -6.732120742275707
19 15 37 0.0
19 16 40 0.0
19 17 44 0.0
19 18 46 0.0
19 20 49 0.0
19 21 43 0.0
19 22 51 0.0
19 23 31 0.0
19 24 55 0.0
19 25 53 -0.49176934162563424
19 25 57 -0.9455738455936864
19 26 59 -0.4260158621578285
19 26 62 -1.0587359703795234
19 27 64 0.0
19 28 66 0.0
19 29 68 0.0
19 30 61 0.0
20 0 0 -7.906393583226538
20 0 2 -3.684485911102463E-4
20 1 4 0.0
20 2 10 0.0
20 3 7 -1.6423791537393297
20 3 12 -0.2150750425925737
20 4 14 0.0
20 5 16 0.0
20 6 18 0.0
20 7 22 0.0
20 8 21 0.0
20 9 25 0.0
20 10 27 0.0
20 11 29 0.0
20 12 33 0.0
20 13 35 0.0
20 14 38 -0.0013241541551085854
20 14 9 -6.627643400913841
20 15 37 0.0
20 16 40 0.0
20 17 44 0.0
20 18 46 0.0
20 19 48 0.0
20 21 43 0.0
20 22 51 0.0
20 23 31 0.0
20 24 55 0.0
20 25 53 -0.49175137194875707
20 25 57 -0.9456021357342295
20 26 59 -0.4260177389481847
20 26 62 -1.0587324369092665
20 27 64 0.0
20 28 66 0.0
20 29 68 0.0
20 30 61 0.0
21 0 0 0.0
21 1 4 0.0
21 2 10 0.0
21 3 7 -2.164972984737361
21 3 12 -0.1218886159980032
21 4 14 0.0
21 5 16 0.0
21 6 18 0.0
21 7 22 0.0
21 8 21 -0.43649140979357137
21 8 24 -1.0393063233226327
21 9 26 0.0
21 10 30 0.0
21 11 29 0.0
21 12 33 0.0
21 13 3 -0.5077830841331772
21 13 35 -0.920871969015777
21 14 9 0.0
21 15 37 -0.951147642099019
21 15 39 -0.488244894529908
21 16 42 0.0
21 17 41 0.0
21 18 46 0.0
21 19 48 0.0
21 20 45 0.0
21 22 51 0.0
21 23 56 0.0
21 24 55 -4.393577706346971
21 24 58 -0.012433417909775273
21 25 53 0.0
21 26 62 0.0
21 27 64 0.0
21 28 66 0.0
21 29 68 0.0
21 30 61 0.0
22 0 0 0.0
22 1 4 0.0
22 2 10 0.0
22 3 7 -2.1702550200048747
22 3 12 -0.12120595308768782
22 4 14 0.0
22 5 16 0.0
22 6 18 0.0
22 7 22 0.0
22 8 21 -0.43674359709327754
22 8 24 -1.0388456769989693
22 9 26 0.0
22 10 30 0.0
22 11 29 0.0
22 12 33 0.0
22 13 3 -0.5079299868877301
22 13 35 -0.9206499694853222
22 14 38 -0.9449110797556023
22 14 9 -0.49219056330234306
22 15 37 0.0
22 16 42 0.0
22 17 41 0.0
22 18 46 0.0
22 19 48 0.0
22 20 45 0.0
22 21 50 0.0
22 23 56 0.0
22 24 55 -4.18352540291869
22 24 58 -0.015362063711265148
22 25 53 0.0
22 26 62 0.0
22 27 64 0.0
22 28 66 0.0
22 29 68 0.0
22 30 61 0.0
23 0 2 0.0
23 1 1 0.0
23 2 5 -0.7648523747473737
23 2 8 -0.7044184300750749
23 2 10 -3.2138546421967207
23 3 7 0.0
23 4 13 -0.1917642666153425
23 4 14 -1.7458388113350352
23 5 16 0.0
23 6 18 0.0
23 7 20 0.0
23 8 24 0.0
23 9 26 0.0
23 10 30 0.0
23 11 29 0.0
23 12 33 0.0
23 13 35 0.0
23 14 38 0.0
23 15 37 0.0
23 16 42 0.0
23 17 41 -1.038964614201599
23 17 44 -0.4366784660343432
23 18 23 0.0
23 19 47 0.0
23 20 49 0.0
23 21 50 0.0
23 22 52 0.0
23 24 55 0.0
23 25 57 0.0
23 26 59 0.0
23 27 64 -1.8672243241235449
23 27 63 -0.16788867777619648
23 28 66 0.0
23 29 68 0.0
23 30 61 0.0
24 0 2 0.0
24 1 1 0.0
24 2 5 -0.8584783157834859
24 2 8 -0.8323797342156858
24 2 10 -1.9577148626434127
24 3 7 0.0
24 4 13 -0.16483683353648693
24 4 14 -1.884085722443337
24 5 16 0.0
24 6 18 0.0
24 7 20 0.0
24 8 24 0.0
24 9 26 0.0
24 10 30 0.0
24 11 29 0.0
24 12 33 0.0
24 13 35 0.0
24 14 38 0.0
24 15 37 0.0
24 16 42 0.0
24 17 41 -0.7082445263247453
24 17 44 -0.6782743788269424
24 18 23 0.0
24 19 47 0.0
24 20 49 0.0
24 21 50 0.0
24 22 52 0.0
24 23 54 0.0
24 25 57 0.0
24 26 59 0.0
24 27 63 0.0
24 28 65 0.0
24 29 67 -0.010831157809228218
24 29 68 -4.530739006917722
24 30 61 0.0
25 0 0 -0.5083048356923244
25 0 2 -0.920083868627032
25 1 4 0.0
25 2 10 0.0
25 3 7 -2.011630138516454
25 3 12 -0.1436053160581078
25 4 14 0.0
25 5 16 0.0
25 6 18 0.0
25 7 20 0.0
25 8 24 0.0
25 9 26 0.0
25 10 30 0.0
25 11 29 0.0
25 12 33 0.0
25 13 35 0.0
25 14 38 -0.9491589033872425
25 14 9 -0.48949874509808167
25 15 37 0.0
25 16 42 0.0
25 17 41 0.0
25 18 23 -1.0387030809488547
25 18 46 -0.43682169975042023
25 19 48 0.0
25 20 45 0.0
25 21 50 0.0
25 22 52 0.0
25 23 56 0.0
25 24 55 -4.462498563087144
25 24 58 -0.011600536849146094
25 26 62 0.0
25 27 64 0.0
25 28 66 0.0
25 29 68 0.0
25 30 61 0.0
26 0 0 -1.607089948312056
26 0 2 -0.2237314047532983
26 1 4 0.0
26 2 10 0.0
26 3 7 -2.015471192288343
26 3 12 -0.1430134612483062
26 4 14 0.0
26 5 16 0.0
26 6 18 0.0
26 7 20 0.0
26 8 24 0.0
26 9 26 0.0
26 10 30 0.0
26 11 29 0.0
26 12 33 0.0
26 13 35 0.0
26 14 38 -0.23378060039749363
26 14 9 -1.5679863213260634
26 15 37 0.0
26 16 42 0.0
26 17 41 0.0
26 18 23 -0.22915408284498417
26 18 46 -1.5857506658481006
26 19 48 0.0
26 20 45 0.0
26 21 50 0.0
26 22 52 0.0
26 23 54 -0.16791654779756865
26 23 56 -1.8670718801568895
26 24 58 0.0
26 25 60 0.0
26 27 63 0.0
26 28 65 0.0
26 29 67 0.0
26 30 69 0.0
27 0 0 -1.607067841263546
27 0 2 -0.2237369478414651
27 1 4 0.0
27 2 10 0.0
27 3 7 -2.0155161911075825
27 3 12 -0.14300654306947133
27 4 14 0.0
27 5 16 0.0
27 6 18 0.0
27 7 20 0.0
27 8 24 0.0
27 9 26 0.0
27 10 30 0.0
27 11 29 0.0
27 12 33 0.0
27 13 35 0.0
27 14 38 -0.23380409077805173
27 14 9 -1.5678971338719179
27 15 37 0.0
27 16 42 0.0
27 17 41 0.0
27 18 23 -0.2291702917560905
27 18 46 -1.5856877298586318
27 19 48 0.0
27 20 45 0.0
27 21 50 0.0
27 22 52 0.0
27 23 54 -0.16791656946570657
27 23 56 -1.8670717616467951
27 24 58 0.0
27 25 60 0.0
27 26 62 0.0
27 28 65 0.0
27 29 67 0.0
27 30 69 0.0
28 0 0 -0.5081046566698869
28 0 2 -0.9203861149493784
28 1 4 0.0
28 2 10 0.0
28 3 7 -2.029577198951204
28 3 12 -0.14086226844973176
28 4 14 0.0
28 5 16 0.0
28 6 18 0.0
28 7 20 0.0
28 8 24 0.0
28 9 26 0.0
28 10 30 0.0
28 11 29 0.0
28 12 33 0.0
28 13 35 0.0
28 14 38 -0.9480969912065225
28 14 9 -0.4901699221202139
28 15 37 0.0
28 16 42 0.0
28 17 41 0.0
28 18 23 -1.0366842220416308
28 18 46 -0.4379293207058673
28 19 48 0.0
28 20 45 0.0
28 21 50 0.0
28 22 52 0.0
28 23 56 0.0
28 24 55 -4.264491765435676
28 24 58 -0.01415877464183076
28 25 60 0.0
28 26 62 0.0
28 27 64 0.0
28 29 67 0.0
28 30 69 0.0
29 0 0 -0.5082065324048048
29 0 2 -0.9202322758286526
29 1 4 0.0
29 2 10 0.0
29 3 7 -2.019709015259999
29 3 12 -0.14236350563284897
29 4 14 0.0
29 5 16 0.0
29 6 18 0.0
29 7 20 0.0
29 8 24 0.0
29 9 26 0.0
29 10 30 0.0
29 11 29 0.0
29 12 33 0.0
29 13 35 0.0
29 14 38 -0.9486807616064494
29 14 9 -0.4898008085953479
29 15 37 0.0
29 16 42 0.0
29 17 41 0.0
29 18 23 -1.0378841618634838
29 18 46 -0.4372705717714566
29 19 48 0.0
29 20 45 0.0
29 21 50 0.0
29 22 52 0.0
29 23 56 0.0
29 24 55 -4.434702967305895
29 24 58 -0.01192946169177668
29 25 60 0.0
29 26 62 0.0
29 27 64 0.0
29 28 66 0.0
29 30 69 0.0
30 0 0 -0.5083306009372976
30 0 2 -0.9200449772251729
30 1 4 0.0
30 2 10 0.0
30 3 7 -2.0116491318765983
30 3 12 -0.1436023829763454
30 4 14 0.0
30 5 16 0.0
30 6 18 0.0
30 7 20 0.0
30 8 24 0.0
30 9 26 0.0
30 10 30 0.0
30 11 29 0.0
30 12 33 0.0
30 13 35 0.0
30 14 38 -0.9494298619616344
30 14 9 -0.48932767305447566
30 15 37 0.0
30 16 42 0.0
30 17 41 0.0
30 18 23 -1.0387780303209737
30 18 46 -0.43678064635836494
30 19 48 0.0
30 20 45 0.0
30 21 50 0.0
30 22 52 0.0
30 23 56 0.0
30 24 55 -4.460225960577493
30 24 58 -0.011627084272593572
30 25 60 0.0
30 26 62 0.0
30 27 64 0.0
30 28 66 0.0
30 29 68 0.0
