0 1 1 0.0
0 2 5 0.0
0 3 39 -1.0358009987635821
0 3 42 -0.43841498012489855
0 4 37 -0.6497425996729334
0 4 41 -1.2001060874334888
0 4 46 -1.733542050144836
0 5 3 0.0
0 6 49 -0.6526460565857474
0 6 45 -0.7353581393828971
0 7 7 0.0
0 8 16 -1.06883956661723
0 8 15 -0.42069061053653317
0 9 9 0.0
0 10 19 -1.2740248642966328
0 10 11 -0.3280924631263377
0 11 21 -0.9988195383329485
0 11 13 -0.4593627886019598
0 12 23 0.0
0 13 29 0.0
0 14 25 -0.3829473049189237
0 14 31 -1.1452286268290008
0 15 33 -0.6338450707067731
0 15 34 -0.7561889661581946
0 16 27 0.0
1 0 0 0.0
1 2 5 0.0
1 3 39 -0.9975897520068194
1 3 42 -0.46008053246708625
1 4 37 -0.49144765988387545
1 4 41 -0.9460804757844643
1 5 3 -0.5650544588175505
1 5 47 -0.8400920075674979
1 6 49 -0.6380473047542621
1 6 45 -0.7514610010502768
1 7 7 0.0
1 8 16 -0.9752521094802012
1 8 15 -0.47336490686484006
1 9 9 0.0
1 10 19 -1.3756764198868492
1 10 11 -0.2912465883349537
1 11 21 -1.264422267287991
1 11 13 -0.33184631568715145
1 12 23 0.0
1 13 29 -1.3399832460743328
1 13 30 -0.30360829827122016
1 14 25 0.0
1 15 33 -0.7349672681681189
1 15 34 -0.65300603406587
1 16 27 0.0
2 0 0 0.0
2 1 4 0.0
2 3 39 0.0
2 4 37 -5.876154338464417
2 4 41 -0.339060731893368
2 4 43 -1.2561251825711508
2 5 3 -0.6897990838784194
2 5 47 -0.6965065246608496
2 6 49 -0.5206891983470929
2 6 45 -0.9016754241034145
2 7 7 0.0
2 8 16 -1.0834083251652287
2 8 15 -0.4131546629753134
2 9 9 0.0
2 10 19 -1.378901765076436
2 10 11 -0.29015846576452
2 11 21 -1.2592834617516244
2 11 13 -0.3338758976401356
2 12 23 0.0
2 13 29 -1.348270050360204
2 13 30 -0.3006850747642578
2 14 25 0.0
2 15 33 -0.7364276354015722
2 15 34 -0.6516624714581113
2 16 27 0.0
3 0 0 -0.19389911223548745
3 0 2 -1.7358008057699776
3 1 4 -0.6066940475049778
3 1 36 -0.7877878787425009
3 2 38 0.0
3 4 41 -1.3106312338407664
3 4 43 -0.31423112094421035
3 5 47 0.0
3 6 49 -1.2474052943624592
3 6 45 -0.3386233695034467
3 7 7 0.0
3 8 16 -0.5128661886673805
3 8 15 -0.9132376706658286
3 9 18 -0.8130356806731678
3 9 9 -0.586105479269914
3 10 11 0.0
3 11 21 -1.2594598361145433
3 11 13 -0.3338059967700003
3 12 23 0.0
3 13 29 -1.8001851754840426
3 13 30 -0.18064490127130012
3 14 25 0.0
3 15 33 -0.7317118846276095
3 15 34 -0.6560146523487013
3 16 27 0.0
4 0 0 -0.5252050422304484
4 0 2 -0.8951020141007654
4 1 36 0.0
4 2 5 -5.870685210868043
4 2 40 -0.0028249260821531113
4 3 39 -1.336647506230146
4 3 42 -0.3047942917724529
4 5 47 0.0
4 6 49 -0.1306187434085756
4 6 45 -2.100071141837338
4 7 7 0.0
4 8 16 -0.841223856774718
4 8 15 -0.5641956252316175
4 9 9 0.0
4 10 19 -1.8949423251705866
4 10 11 -0.16290371514268276
4 11 21 -1.2596234668973365
4 11 13 -0.3337411618404699
4 12 23 0.0
4 13 29 -1.7418868358929065
4 13 30 -0.19260165803327114
4 14 25 0.0
4 15 33 -0.7279749692063403
4 15 34 -0.6594916539787349
4 16 27 0.0
5 0 2 0.0
5 1 1 -0.18844849220328908
5 1 36 -1.761675542677493
5 2 5 -0.3921662740216814
5 2 40 -1.1257525910336958
5 3 39 -0.2125649956447197
5 3 42 -1.6529080201664206
5 4 46 0.0
5 6 49 -1.1729460584140114
5 6 45 -0.3702725852345214
5 7 7 0.0
5 8 16 -5.061968490547941
5 8 15 -0.006353219653491459
5 9 9 0.0
5 10 19 -0.5697946990982501
5 10 11 -0.8338851721682736
5 11 21 -0.38205625973618407
5 11 13 -1.1471409575059968
5 12 23 0.0
5 13 29 0.0
5 14 25 -0.49796012635077314
5 14 31 -0.9359047563616109
5 15 33 -0.7239500974309141
5 15 34 -0.6632647988164707
5 16 27 0.0
6 0 0 -0.6297063232050385
6 0 2 -0.7608870527269322
6 1 36 0.0
6 2 5 -4.1477158368124165
6 2 38 -0.5849775179550535
6 2 40 -0.8507812439320582
6 3 44 0.0
6 4 48 -0.21634390322663702
6 4 43 -1.6371085093636348
6 5 47 0.0
6 7 7 0.0
6 8 16 -0.49988349543545396
6 8 15 -0.9329317472563136
6 9 18 -0.8106218895766156
6 9 9 -0.5880333946792131
6 10 11 0.0
6 11 21 -1.2592777070738201
6 11 13 -0.3338781786300208
6 12 23 0.0
6 13 29 -1.8287268016132143
6 13 30 -0.1750892961260644
6 14 25 0.0
6 15 33 -0.7367451466123377
6 15 34 -0.6513708538451217
6 16 27 0.0
7 0 2 0.0
7 1 1 -0.18845073266117898
7 1 36 -1.7616647388465465
7 2 5 -0.3916811803461656
7 2 40 -1.1267635719463827
7 3 39 -0.21232526114172884
7 3 42 -1.6539208478034007
7 4 46 0.0
7 5 6 0.0
7 6 49 -1.1716330380225233
7 6 45 -0.3708615480089961
7 8 15 0.0
7 9 17 -0.006246269575802621
7 9 9 -5.078892370428558
7 10 19 -0.36165759936905256
7 10 11 -1.1924422579317864
7 11 21 -0.590636311758096
7 11 13 -0.8073795392541684
7 12 23 0.0
7 13 29 0.0
7 14 25 -0.42051574285891447
7 14 31 -1.0691739984808066
7 15 33 -0.7942379825020511
7 15 34 -0.6013440138136047
7 16 27 0.0
8 0 2 0.0
8 1 1 -0.21031732393784405
8 1 36 -1.6624541059058808
8 2 5 -0.48542628594383774
8 2 40 -0.9556419065955936
8 3 39 -0.45126350029274387
8 3 42 -1.8209417245079957
8 3 44 -1.6029403481644493
8 4 46 0.0
8 5 6 -0.0074994136283506865
8 5 8 -4.896677807814622
8 6 49 -0.5128486311642172
8 6 10 -0.9132638736879288
8 7 14 0.0
8 9 17 0.0
8 10 19 0.0
8 11 21 -0.6882089055128133
8 11 13 -0.698109963243017
8 12 23 0.0
8 13 29 0.0
8 14 25 -0.5466561985895848
8 14 31 -0.8648427813415421
8 15 33 -0.5949771591779455
8 15 34 -0.8020142016153112
8 16 27 0.0
9 0 2 0.0
9 1 1 -0.2095801465395751
9 1 36 -1.6656096345205345
9 2 5 -0.48674123310923045
9 2 40 -0.953541136191718
9 3 39 -0.644855562673141
9 3 42 -2.098526746791761
9 3 44 -1.0423509575103294
9 4 46 0.0
9 5 8 0.0
9 6 49 -0.5880136627655806
9 6 10 -0.8106465413291094
9 7 7 -5.06342336550863
9 7 14 -0.006343953874036363
9 8 16 0.0
9 10 19 0.0
9 11 21 -0.7656282071781115
9 11 13 -0.6255664728058857
9 12 23 0.0
9 13 29 0.0
9 14 25 -0.5829717312974569
9 14 31 -0.8169816694114743
9 15 33 -0.5505545105309275
9 15 34 -0.8595087171172189
9 16 27 0.0
10 0 2 0.0
10 1 1 -0.9754664290859172
10 1 36 -0.47323518285890903
10 2 5 -1.7879652024018087
10 2 38 -0.8865513594624436
10 2 40 -0.8660127401220201
10 3 44 0.0
10 4 48 -0.6596385993724242
10 4 43 -0.7278176318573258
10 5 8 -0.3899587275663817
10 5 47 -1.1303655873330964
10 6 10 0.0
10 7 7 -0.8017572845991913
10 7 14 -0.5951860786789329
10 8 16 0.0
10 9 18 0.0
10 11 21 -7.935309827917965E-4
10 11 13 -7.139414712278054
10 12 23 0.0
10 13 29 0.0
10 14 25 -1.5854445573086111
10 14 31 -0.22923293192475622
10 15 33 -0.17279229077994354
10 15 34 -1.840817442934618
10 16 27 0.0
11 0 0 -0.631814679647764
11 0 2 -0.7584885709055488
11 1 36 0.0
11 2 5 -2.254315735405697
11 2 38 -0.7712744539957027
11 2 40 -0.8378693798808227
11 3 44 0.0
11 4 48 -0.6557918844078661
11 4 43 -0.7319522257823451
11 5 8 -0.5567855875020589
11 5 47 -0.8510839642839058
11 6 12 0.0
11 7 7 -0.4801309689613936
11 7 14 -0.9641749901988415
11 8 16 0.0
11 9 18 0.0
11 10 20 -0.001640549479142752
11 10 11 -6.413544207602175
11 12 23 0.0
11 13 29 -2.5576423070825287
11 13 30 -0.08065404550366645
11 14 25 0.0
11 15 33 -1.524587283803033
11 15 34 -0.24553090233222474
11 16 27 0.0
12 0 2 0.0
12 1 1 -0.9754701798268544
12 1 36 -0.4732329129966581
12 2 5 -1.7883063513671749
12 2 38 -0.8861267850561966
12 2 40 -0.8662931448887353
12 3 44 0.0
12 4 48 -0.6607167911878395
12 4 43 -0.7266646530815707
12 5 8 -0.39009045070006193
12 5 47 -1.1300894481089563
12 6 10 0.0
12 7 7 -0.8019193438479087
12 7 14 -0.5950542841819029
12 8 16 0.0
12 9 18 0.0
12 10 22 0.0
12 11 21 -8.347959086377081E-4
12 11 13 -7.088740652699847
12 13 29 0.0
12 14 25 -2.684166771513116
12 14 31 -0.07072085808954848
12 15 33 0.0
12 16 35 -0.10661683093584831
12 16 27 -2.2913487201413334
13 0 2 0.0
13 1 1 -1.233425282266986
13 1 36 -0.34431324527700646
13 2 5 -2.2532622424290127
13 2 38 -0.7706739888409141
13 2 40 -0.838767475620884
13 3 44 0.0
13 4 48 -0.6592477013873844
13 4 43 -0.7282362798369245
13 5 8 -0.35325007688872434
13 5 47 -1.2120100735692783
13 6 10 -1.0404407764590644
13 6 12 -0.4358711032754629
13 7 7 -0.8355924397755026
13 7 14 -0.5684856570299404
13 8 16 0.0
13 9 18 0.0
13 10 22 0.0
13 11 21 -2.4711143290862374
13 11 24 -0.08827470861618435
13 12 28 0.0
13 14 31 0.0
13 15 33 0.0
13 16 35 -0.4705246357348851
13 16 27 -0.979961511626809
14 0 0 -0.6318217732498365
14 0 2 -0.7584805193961248
14 1 36 0.0
14 2 5 -2.2543156332207053
14 2 38 -0.7716126670812277
14 2 40 -0.8375080278317529
14 3 44 0.0
14 4 48 -0.6558476335587787
14 4 43 -0.7318920683758837
14 5 8 -0.5567615089112234
14 5 47 -0.8511162831023222
14 6 12 0.0
14 7 7 -0.4859795999192182
14 7 14 -0.9547570530688095
14 8 16 0.0
14 9 18 0.0
14 10 20 -0.003680149278098231
14 10 11 -5.6066414732501055
14 11 24 0.0
14 12 23 -2.713892986983165
14 12 28 -0.06857683304275715
14 13 30 0.0
14 15 33 0.0
14 16 35 -0.17022108343482092
14 16 27 -1.854560728424356
15 0 0 -0.6318091828336274
15 0 2 -0.7584948100835045
15 1 36 0.0
15 2 5 -2.254763284088493
15 2 38 -0.7712463132722228
15 2 40 -0.8377909223312576
15 3 44 0.0
15 4 48 -0.6566150732113457
15 4 43 -0.7310646529885191
15 5 8 -0.5567464771032106
15 5 47 -0.8511364600524212
15 6 12 0.0
15 7 7 -0.48094741381486966
15 7 14 -0.9628516246342619
15 8 16 0.0
15 9 18 0.0
15 10 20 -0.002773027808187928
15 10 11 -5.8892016777033005
15 11 24 -1.4880709201574498
15 11 26 -0.25593516359873625
15 12 23 -2.700133493802846
15 12 28 -0.06956075608047042
15 13 30 0.0
15 14 32 0.0
15 16 35 0.0
16 0 0 -0.6318071861717177
16 0 2 -0.7584970764196612
16 1 36 0.0
16 2 5 -2.254819353069146
16 2 38 -0.7710685196090419
16 2 40 -0.837967388825835
16 3 44 0.0
16 4 48 -0.6563896173894558
16 4 43 -0.7313075914106865
16 5 8 -0.5567498381101725
16 5 47 -0.8511319485660716
16 6 12 0.0
16 7 7 -0.4799282958939026
16 7 14 -0.9645039396205368
16 8 16 0.0
16 9 18 0.0
16 10 20 -0.0017965938308718002
16 10 11 -6.322760885380394
16 11 26 0.0
16 12 23 0.0
16 13 29 -2.7059619856020203
16 13 30 -0.06914219673117016
16 14 32 -0.17179407320516527
16 14 25 -1.8461263903362612
16 15 34 0.0
