0 1 1 0.0
0 2 5 0.0
0 3 39 -0.4668883618684613
0 3 42 -0.9860430292616357
0 4 37 -0.6942776343564554
0 4 41 -0.793163400864046
0 4 46 -3.033360689049198
0 5 3 0.0
0 6 49 -0.8644800916531347
0 6 45 -0.5469201260631885
0 7 7 0.0
0 8 16 -1.5370898701049869
0 8 15 -0.2420790605166815
0 9 9 0.0
0 10 19 -0.8000797862526147
0 10 11 -0.596552581017969
0 11 21 -0.7001607098953908
0 11 13 -0.6861824984257963
0 12 23 0.0
0 13 29 0.0
0 14 25 -0.8871884960371881
0 14 31 -0.5307085481652212
0 15 33 -0.45386124612249634
0 15 34 -1.0083261433568238
0 16 27 0.0
1 0 0 0.0
1 2 5 0.0
1 3 39 -1.1338728394359885
1 3 42 -0.3882903717722171
1 4 37 -0.25422402218432055
1 4 41 -1.4939599729721353
1 5 3 -0.42617112118996553
1 5 47 -1.0584437257420807
1 6 49 -0.5367283666985314
1 6 45 -0.8786527925561977
1 7 7 0.0
1 8 16 -1.1660393377827996
1 8 15 -0.37338323533142137
1 9 9 0.0
1 10 19 -1.2348477008716536
1 10 11 -0.34372918818420456
1 11 21 -1.1992746873716802
1 11 13 -0.35869519917037523
1 12 23 0.0
1 13 29 -0.8336821698304936
1 13 30 -0.5699506133957186
1 14 25 0.0
1 15 33 -0.7066130492343531
1 15 34 -0.6798602348196809
1 16 27 0.0
2 0 0 0.0
2 1 4 0.0
2 3 39 0.0
2 4 37 -5.726279230750978
2 4 41 -0.1701409882806849
2 4 43 -1.8760440476268856
2 5 3 -0.42623571798959786
2 5 47 -1.0583221734694297
2 6 49 -0.5880671944678181
2 6 45 -0.8105796648904253
2 7 7 0.0
2 8 16 -1.1592564768585951
2 8 15 -0.37646862673428333
2 9 9 0.0
2 10 19 -1.2348936775992048
2 10 11 -0.34371032929430856
2 11 21 -1.199286767568039
2 11 13 -0.3586899870887875
2 12 23 0.0
2 13 29 -0.8337197514713582
2 13 30 -0.5699217449003514
2 14 25 0.0
2 15 33 -0.706849446387278
2 15 34 -0.6796301317868122
2 16 27 0.0
3 0 0 -0.20906961414491226
3 0 2 -1.6678022161348325
3 1 4 -1.3052288866748731
3 1 36 -0.31623310080071704
3 2 38 0.0
3 4 41 -1.1508327783368948
3 4 43 -0.38034311098965484
3 5 47 0.0
3 6 49 -0.8055179854154866
3 6 45 -0.592137639382856
3 7 7 0.0
3 8 16 -0.8900364869553976
3 8 15 -0.5287193821730442
3 9 18 -1.0934725958116913
3 9 9 -0.40804489476586014
3 10 11 0.0
3 11 21 -1.1993095010346362
3 11 13 -0.35868017882683506
3 12 23 0.0
3 13 29 -1.7401039660714672
3 13 30 -0.19298074874944113
3 14 25 0.0
3 15 33 -0.7070442640814047
3 15 34 -0.6794405818097401
3 16 27 0.0
4 0 0 -0.21194407951018596
4 0 2 -1.6555338760244478
4 1 36 0.0
4 2 5 -5.7330405118151555
4 2 40 -0.003242470581521193
4 3 39 -1.5932748903003184
4 3 42 -0.22722545856768403
4 5 47 0.0
4 6 49 -0.4582281299475825
4 6 45 -1.0007685654790595
4 7 7 0.0
4 8 16 -0.9399560720536769
4 8 15 -0.49535425042724573
4 9 9 0.0
4 10 19 -1.8079204181727755
4 10 11 -0.17912047344205953
4 11 21 -1.1999615372361778
4 11 13 -0.3583989962586944
4 12 23 0.0
4 13 29 -1.212004699179779
4 13 30 -0.3532523539570992
4 14 25 0.0
4 15 33 -0.7044112590416289
4 15 34 -0.6820085695783543
4 16 27 0.0
5 0 2 0.0
5 1 1 -0.11386393202418715
5 1 36 -2.2291429384446326
5 2 5 -0.15770378017157435
5 2 40 -1.9248526493271623
5 3 39 -0.16890604027733438
5 3 42 -1.8616772772134251
5 4 46 0.0
5 6 49 -1.4426583369937624
5 6 45 -0.26957861507828057
5 7 7 0.0
5 8 16 -6.634621776237359
5 8 15 -0.0013149398203768938
5 9 9 0.0
5 10 19 -0.626618691398024
5 10 11 -0.7644191607571925
5 11 21 -0.29100675953750743
5 11 13 -1.376386111052722
5 12 23 0.0
5 13 29 0.0
5 14 25 -0.8846272283592731
5 14 31 -0.5325056975276881
5 15 33 -0.41431662125064556
5 15 34 -1.0811408984974795
5 16 27 0.0
6 0 0 -0.25526023143100707
6 0 2 -1.4903884193777956
6 1 36 0.0
6 2 5 -3.1824557261715007
6 2 38 -0.9804577980152493
6 2 40 -0.5389216102705938
6 3 44 0.0
6 4 48 -0.39177637943617377
6 4 43 -1.1265650487578298
6 5 47 0.0
6 7 7 0.0
6 8 16 -0.7352531665175804
6 8 15 -0.6527427060458607
6 9 18 -0.8989877625136291
6 9 9 -0.5225295367184009
6 10 11 0.0
6 11 21 -1.1992559435922667
6 11 13 -0.35870328647789707
6 12 23 0.0
6 13 29 -1.7409490019393867
6 13 30 -0.19280096702447216
6 14 25 0.0
6 15 33 -0.7092436913068929
6 15 34 -0.6773056683037787
6 16 27 0.0
7 0 2 0.0
7 1 1 -0.11107752572324496
7 1 36 -2.252551614865441
7 2 5 -0.15107486024773406
7 2 40 -1.9645664288279947
7 3 39 -0.15980029382585684
7 3 42 -1.9126667746049792
7 4 46 0.0
7 5 6 0.0
7 6 49 -1.6233242157442835
7 6 45 -0.21970189727155634
7 8 15 0.0
7 9 17 -0.0011269048120598208
7 9 9 -6.78884390833345
7 10 19 -0.46609115660352
7 10 11 -0.9873842507348297
7 11 21 -0.3504585617061588
7 11 13 -1.2186297641116877
7 12 23 0.0
7 13 29 0.0
7 14 25 -0.7985102260216761
7 14 31 -0.5978349309208224
7 15 33 -0.4782622479380569
7 15 34 -0.9672146701613313
7 16 27 0.0
8 0 2 0.0
8 1 1 -0.2218867157528014
8 1 36 -1.6144811108490291
8 2 5 -0.20372515717078324
8 2 40 -1.6911173077804784
8 3 39 -0.3160908150771546
8 3 42 -1.806470719805971
8 3 44 -2.237040660267881
8 4 46 0.0
8 5 6 -0.0036547688720132946
8 5 8 -5.613549251771603
8 6 49 -0.2580967233588958
8 6 10 -1.4806951884559425
8 7 14 0.0
8 9 17 0.0
8 10 19 0.0
8 11 21 -0.5769698928184119
8 11 13 -0.8246178216318415
8 12 23 0.0
8 13 29 0.0
8 14 25 -0.9727167066450068
8 14 31 -0.4749029366187247
8 15 33 -0.5187842556313201
8 15 34 -0.9044703005451269
8 16 27 0.0
9 0 2 0.0
9 1 1 -0.22355627720599308
9 1 36 -1.6077887101873614
9 2 5 -0.20213905396460718
9 2 40 -1.698167030545849
9 3 39 -0.4157574243147622
9 3 42 -2.074740145305998
9 3 44 -1.5391163195128408
9 4 46 0.0
9 5 8 0.0
9 6 49 -0.40769675381364345
9 6 10 -1.094163882642552
9 7 7 -6.64736496346297
9 7 14 -0.0012982787967311695
9 8 16 0.0
9 10 19 0.0
9 11 21 -0.6035953567047473
9 11 13 -0.7915144403171228
9 12 23 0.0
9 13 29 0.0
9 14 25 -1.0338755973916065
9 14 31 -0.4394760118458369
9 15 33 -0.49975870502985287
9 15 34 -0.9331241984238667
9 16 27 0.0
10 0 2 0.0
10 1 1 -1.0807110703750156
10 1 36 -0.4145373393712701
10 2 5 -0.9276030143688463
10 2 38 -1.1971314773805382
10 2 40 -1.1958724311095674
10 3 44 0.0
10 4 48 -0.6920734212624107
10 4 43 -0.6942220940559516
10 5 8 -0.4032663944428356
10 5 47 -1.1030242723879031
10 6 10 0.0
10 7 7 -0.7959861645378978
10 7 14 -0.5999048118160123
10 8 16 0.0
10 9 18 0.0
10 11 21 -2.8456829959893487E-4
10 11 13 -8.164679545096677
10 12 23 0.0
10 13 29 0.0
10 14 25 -2.012123211245565
10 14 31 -0.14352919329992783
10 15 33 -0.18135446666432437
10 15 34 -1.7966089987713534
10 16 27 0.0
11 0 0 -0.47045609155782375
11 0 2 -0.9800756037992302
11 1 36 0.0
11 2 5 -1.1812159247445573
11 2 38 -1.0612935876840146
11 2 40 -1.058180579112354
11 3 44 0.0
11 4 48 -0.6913001299814047
11 4 43 -0.6949976490483516
11 5 8 -0.43002699650710546
11 5 47 -1.0512274929578092
11 6 12 0.0
11 7 7 -0.6102426153471262
11 7 14 -0.7835513461275364
11 8 16 0.0
11 9 18 0.0
11 10 20 -1.6644584966159627E-4
11 10 11 -8.70092375046907
11 12 23 0.0
11 13 29 -2.6999251995216045
11 13 30 -0.06957576269102973
11 14 25 0.0
11 15 33 -2.0345408819941655
11 15 34 -0.14011357233767002
11 16 27 0.0
12 0 2 0.0
12 1 1 -1.080760767136606
12 1 36 -0.41451181258279646
12 2 5 -0.9274713596114277
12 2 38 -1.1971684026950256
12 2 40 -1.1960077382730625
12 3 44 0.0
12 4 48 -0.6923319982896557
12 4 43 -0.693963027894554
12 5 8 -0.4032870793032463
12 5 47 -1.1029826295761975
12 6 10 0.0
12 7 7 -0.7970987900587916
12 7 14 -0.5989912204474988
12 8 16 0.0
12 9 18 0.0
12 10 22 0.0
12 11 21 -4.2316968775240026E-4
12 11 13 -7.7679488836618376
12 13 29 0.0
12 14 25 -3.9529664483422686
12 14 31 -0.01938433649105557
12 15 33 0.0
12 16 35 -0.07795408651467968
12 16 27 -2.5903591144611253
13 0 2 0.0
13 1 1 -2.2606459977785742
13 1 36 -0.11013087167073986
13 2 5 -1.3033854881702667
13 2 38 -1.0119523857412926
13 2 40 -1.0081847658519012
13 3 44 0.0
13 4 48 -0.6914201585759961
13 4 43 -0.6948771903095081
13 5 8 -0.4035106183768425
13 5 47 -1.1025327656876356
13 6 10 -0.8449271444157463
13 6 12 -0.5613975205340902
13 7 7 -0.7935389609796744
13 7 14 -0.6019207733665629
13 8 16 0.0
13 9 18 0.0
13 10 22 0.0
13 11 21 -2.1053838644411345
13 11 24 -0.12987968084546217
13 12 28 0.0
13 14 31 0.0
13 15 33 0.0
13 16 35 -0.1313938886994514
13 16 27 -2.094533382880698
14 0 0 -0.46874136400758953
14 0 2 -0.982936575574061
14 1 36 0.0
14 2 5 -1.1805182520918107
14 2 38 -1.0616208903297681
14 2 40 -1.0584715095043755
14 3 44 0.0
14 4 48 -0.6913120013034331
14 4 43 -0.6949857338923436
14 5 8 -0.43001229407489566
14 5 47 -1.0512548571270666
14 6 12 0.0
14 7 7 -0.6232767209564739
14 7 14 -0.7682687123182195
14 8 16 0.0
14 9 18 0.0
14 10 20 -4.000754589982452E-4
14 10 11 -7.82405741221303
14 11 24 0.0
14 12 23 -3.5686300161958533
14 12 28 -0.028599549245331722
14 13 30 0.0
14 15 33 0.0
14 16 35 -0.09768261441435147
14 16 27 -2.3744754443787413
15 0 0 -0.46892807234877326
15 0 2 -0.9826244225576608
15 1 36 0.0
15 2 5 -1.18065465107162
15 2 38 -1.061467354691749
15 2 40 -1.0585038551760872
15 3 44 0.0
15 4 48 -0.6912352774492048
15 4 43 -0.695062746047418
15 5 8 -0.4299952106825631
15 5 47 -1.051286654185589
15 6 12 0.0
15 7 7 -0.6207765516029617
15 7 14 -0.7711667953620196
15 8 16 0.0
15 9 18 0.0
15 10 20 -3.927244936479269E-4
15 10 11 -7.842598581729802
15 11 24 -1.2299867515613518
15 11 26 -0.3457299878423185
15 12 23 -3.4273141774068545
15 12 28 -0.033013025775263535
15 13 30 0.0
15 14 32 0.0
15 16 35 0.0
16 0 0 -0.4701331895460764
16 0 2 -0.980613356472782
16 1 36 0.0
16 2 5 -1.1808273234739728
16 2 38 -1.061348681785994
16 2 40 -1.058469380074404
16 3 44 0.0
16 4 48 -0.6912054302254351
16 4 43 -0.6950927086254167
16 5 8 -0.4300038980636966
16 5 47 -1.051270484300887
16 6 12 0.0
16 7 7 -0.6100622556383699
16 7 14 -0.7837658782355528
16 8 16 0.0
16 9 18 0.0
16 10 20 -2.629339555875699E-4
16 10 11 -8.243739140858533
16 11 26 0.0
16 12 23 0.0
16 13 29 -3.062695960979531
16 13 30 -0.04789010031663865
16 14 32 -0.05180816184672457
16 14 25 -2.985999824043457
16 15 34 0.0
