0 1 1 0.0
0 2 5 0.0
0 3 39 -0.4814189759604261
0 3 42 -0.9620885637823058
0 4 37 -0.7808776678947335
0 4 41 -0.7833458396177451
0 4 46 -2.4636777561886696
0 5 3 0.0
0 6 49 -0.8285399315153241
0 6 45 -0.5739188132826634
0 7 7 0.0
0 8 16 -1.0572846604207555
0 8 15 -0.42678757561669345
0 9 9 0.0
0 10 19 -0.6178103777576672
0 10 11 -0.7746254351033476
0 11 21 -0.42389360101040385
0 11 13 -1.062743867942065
0 12 23 0.0
0 13 29 0.0
0 14 25 -0.98792567803334
0 14 31 -0.465769821559195
0 15 33 -0.5219135630002497
0 15 34 -0.8998859866248141
0 16 27 0.0
1 0 0 0.0
1 2 5 0.0
1 3 39 -0.6768932828067712
1 3 42 -0.7096696386680128
1 4 37 -0.2421521872586849
1 4 41 -1.536822927172502
1 5 3 -0.1149615744426233
1 5 47 -2.2200875161096407
1 6 49 -0.5160569234563066
1 6 45 -0.9084947393412861
1 7 7 0.0
1 8 16 -0.6989259913302244
1 8 15 -0.6874015726623356
1 9 9 0.0
1 10 19 -1.0297947293201406
1 10 11 -0.441735369924906
1 11 21 -0.7746476914360813
1 11 13 -0.6177913520540479
1 12 23 0.0
1 13 29 -0.7549635358471412
1 13 30 -0.6349306390559707
1 14 25 0.0
1 15 33 -0.6956087897782619
1 15 34 -0.6906916159850672
1 16 27 0.0
2 0 0 0.0
2 1 4 0.0
2 3 39 0.0
2 4 37 -2.2456212067506685
2 4 41 -0.2680767354201033
2 4 43 -2.0457038771528935
2 5 3 -0.11496670908177384
2 5 47 -2.220045371285942
2 6 49 -0.5523152622224553
2 6 45 -0.8571155492573266
2 7 7 0.0
2 8 16 -0.6991045509636902
2 8 15 -0.6872250903448995
2 9 9 0.0
2 10 19 -1.030342362332304
2 10 11 -0.44143134180541377
2 11 21 -0.7746481566172312
2 11 13 -0.6177909544048797
2 12 23 0.0
2 13 29 -0.7560070620315251
2 13 30 -0.6340060550834236
2 14 25 0.0
2 15 33 -0.6956163034061935
2 15 34 -0.6906841392683034
2 16 27 0.0
3 0 0 -0.11373786997618929
3 0 2 -2.230188844864538
3 1 4 -0.9579460996147168
3 1 36 -0.48398916125920594
3 2 38 0.0
3 4 41 -1.0378332972067745
3 4 43 -0.4372984708624394
3 5 47 0.0
3 6 49 -0.5946405178267441
3 6 45 -0.802428435437167
3 7 7 0.0
3 8 16 -1.023900447809218
3 8 15 -0.4450241470867003
3 9 18 -1.3001367114797977
3 9 9 -0.3181337711756664
3 10 11 0.0
3 11 21 -0.7746912353822327
3 11 13 -0.6177541310226144
3 12 23 0.0
3 13 29 -0.8307386833333784
3 13 30 -0.5722176388701575
3 14 25 0.0
3 15 33 -0.696935577437827
3 15 34 -0.6893730814842546
3 16 27 0.0
4 0 0 -0.11388300720628972
4 0 2 -2.228984782978227
4 1 36 0.0
4 2 5 -2.397806069846171
4 2 40 -0.09531910053720458
4 3 39 -1.3226188564818449
4 3 42 -0.3098412886910156
4 5 47 0.0
4 6 49 -0.5050047836370463
4 6 45 -0.9250860184657013
4 7 7 0.0
4 8 16 -0.695244443371573
4 8 15 -0.6910543070556929
4 9 9 0.0
4 10 19 -1.7777995209761894
4 10 11 -0.1851370853443638
4 11 21 -0.7746506262584638
4 11 13 -0.617788843295889
4 12 23 0.0
4 13 29 -0.8307044466045507
4 13 30 -0.5722440770270402
4 14 25 0.0
4 15 33 -0.6952796904537721
4 15 34 -0.6910192085891161
4 16 27 0.0
5 0 2 0.0
5 1 1 -0.045186891030098694
5 1 36 -3.119456625332227
5 2 5 -0.0904390360064824
5 2 40 -2.4479580309857965
5 3 39 -0.19038108397792494
5 3 42 -1.7524083017398502
5 4 46 0.0
5 6 49 -1.294346486769684
5 6 45 -0.3203112184071698
5 7 7 0.0
5 8 16 -2.5828919128072276
5 8 15 -0.07856192572912764
5 9 9 0.0
5 10 19 -0.5321267345795285
5 10 11 -0.8851663919464744
5 11 21 -0.4012770335418163
5 11 13 -1.1070414278694924
5 12 23 0.0
5 13 29 0.0
5 14 25 -0.8489500882235157
5 14 31 -0.5583784060637449
5 15 33 -0.5438029191455588
5 15 34 -0.8687783276459442
5 16 27 0.0
6 0 0 -0.23224274009477017
6 0 2 -1.5738471780012222
6 1 36 0.0
6 2 5 -1.3452166229236713
6 2 38 -1.3163560997821138
6 2 40 -0.7520350665028734
6 3 44 0.0
6 4 48 -0.39538011286694164
6 4 43 -1.1190926267465187
6 5 47 0.0
6 7 7 0.0
6 8 16 -0.7079961545393418
6 8 15 -0.6785154763099615
6 9 18 -1.0847006463736748
6 9 9 -0.4124941840238115
6 10 11 0.0
6 11 21 -0.7746981894713911
6 11 13 -0.617748186998875
6 12 23 0.0
6 13 29 -0.8305939641869052
6 13 30 -0.572329404282435
6 14 25 0.0
6 15 33 -0.69683925334303
6 15 34 -0.6894686890506159
6 16 27 0.0
7 0 2 0.0
7 1 1 -0.045328931416922104
7 1 36 -3.1163886418994755
7 2 5 -0.09062073550789247
7 2 40 -2.446040442975295
7 3 39 -0.1906416436869548
7 3 42 -1.7511667613338109
7 4 46 0.0
7 5 6 0.0
7 6 49 -1.293423162310226
7 6 45 -0.32066004730522785
7 8 15 0.0
7 9 17 -0.047124641587933766
7 9 9 -3.078429030816722
7 10 19 -0.5303294023192578
7 10 11 -0.8877302767625461
7 11 21 -0.4005917175253373
7 11 13 -1.1084309036228739
7 12 23 0.0
7 13 29 0.0
7 14 25 -0.8495840072336085
7 14 31 -0.557904601148761
7 15 33 -0.5443615207662752
7 15 34 -0.8680057393072361
7 16 27 0.0
8 0 2 0.0
8 1 1 -0.06594070492277661
8 1 36 -2.751788536031219
8 2 5 -0.09957492735008612
8 2 40 -2.356219245396704
8 3 39 -0.3233599038264642
8 3 42 -1.793857380547808
8 3 44 -2.2075542393185845
8 4 46 0.0
8 5 6 -0.0446543664231677
8 5 8 -3.131047284949213
8 6 49 -0.21414089685771487
8 6 10 -1.6462815819599483
8 7 14 0.0
8 9 17 0.0
8 10 19 0.0
8 11 21 -0.4362415919697447
8 11 13 -1.03976296549199
8 12 23 0.0
8 13 29 0.0
8 14 25 -1.0064086868948159
8 14 31 -0.45496425852892053
8 15 33 -0.5546106801378956
8 15 34 -0.8540105458294905
8 16 27 0.0
9 0 2 0.0
9 1 1 -0.06635862903286652
9 1 36 -2.745677316844352
9 2 5 -0.10014325090227605
9 2 40 -2.350807408121483
9 3 39 -0.32480092385617604
9 3 42 -1.7905023460403169
9 3 44 -2.2031699398556914
9 4 46 0.0
9 5 8 0.0
9 6 49 -0.21480547585955947
9 6 10 -1.6435033424594292
9 7 7 -2.7878322177248123
9 7 14 -0.06353050259200439
9 8 16 0.0
9 10 19 0.0
9 11 21 -0.4358062640749127
9 11 13 -1.0405594731956114
9 12 23 0.0
9 13 29 0.0
9 14 25 -1.0068584220977088
9 14 31 -0.4547052502109096
9 15 33 -0.5544389409727111
9 15 34 -0.8542422771140622
9 16 27 0.0
10 0 2 0.0
10 1 1 -0.9734540500872803
10 1 36 -0.47445500195170787
10 2 5 -1.2623095813770124
10 2 38 -1.0263012180762525
10 2 40 -1.0253512980860313
10 3 44 0.0
10 4 48 -0.6922675589179987
10 4 43 -0.6940275766173671
10 5 8 -0.4118810583670568
10 5 47 -1.085902576337596
10 6 10 0.0
10 7 7 -0.7880202797936572
10 7 14 -0.6065001833687748
10 8 16 0.0
10 9 18 0.0
10 11 21 -2.4161205780105194E-4
10 11 13 -8.32829798862894
10 12 23 0.0
10 13 29 0.0
10 14 25 -4.268037147276343
10 14 31 -0.014108310109710495
10 15 33 -0.04033386575280277
10 15 34 -3.2306629712562924
10 16 27 0.0
11 0 0 -0.9465817752976362
11 0 2 -0.4911296249358277
11 1 36 0.0
11 2 5 -1.0988259033261727
11 2 38 -1.0988416129240501
11 2 40 -1.0981694969076328
11 3 44 0.0
11 4 48 -0.6923681285770142
11 4 43 -0.6939268399380917
11 5 8 -0.5120821683390355
11 5 47 -0.9144088705093099
11 6 12 0.0
11 7 7 -0.6874570033446467
11 7 14 -0.6988699212724198
11 8 16 0.0
11 9 18 0.0
11 10 20 -2.8941894471226935E-4
11 10 11 -8.147779989858668
11 12 23 0.0
11 13 29 -4.461390267828702
11 13 30 -0.011613475783755683
11 14 25 0.0
11 15 33 -1.7741395026241735
11 15 34 -0.18588311441165214
11 16 27 0.0
12 0 2 0.0
12 1 1 -0.9737223247931978
12 1 36 -0.4742921572703091
12 2 5 -1.2620609738788242
12 2 38 -1.0264143946625317
12 2 40 -1.025434420528317
12 3 44 0.0
12 4 48 -0.6922528815668361
12 4 43 -0.6940422800396712
12 5 8 -0.41437126871078034
12 5 47 -1.081034451576311
12 6 10 0.0
12 7 7 -0.7859517578255834
12 7 14 -0.6082286121206354
12 8 16 0.0
12 9 18 0.0
12 10 22 0.0
12 11 21 -3.9164732480533206E-4
12 11 13 -7.845344622020451
12 13 29 0.0
12 14 25 -5.190762052315859
12 14 31 -0.005583320034892334
12 15 33 0.0
12 16 35 -0.008646555749469409
12 16 27 -4.754914379339604
13 0 2 0.0
13 1 1 -1.1618068765915965
13 1 36 -0.3753049257626937
13 2 5 -1.3428605467770705
13 2 38 -0.9962195251296507
13 2 40 -0.9952542600753478
13 3 44 0.0
13 4 48 -0.6923215379473073
13 4 43 -0.6939735054216398
13 5 8 -0.42136189381900185
13 5 47 -1.0675573272006889
13 6 10 -0.48147809184352136
13 6 12 -0.9619929715206925
13 7 7 -0.7970433355749449
13 7 14 -0.5990367110368164
13 8 16 0.0
13 9 18 0.0
13 10 22 0.0
13 11 21 -5.019656261518922
13 11 24 -0.006628718822252084
13 12 28 0.0
13 14 31 0.0
13 15 33 0.0
13 16 35 -0.07635446028955095
13 16 27 -2.6103031551666915
14 0 0 -0.940428296160194
14 0 2 -0.4950516344987724
14 1 36 0.0
14 2 5 -1.0988469210709477
14 2 38 -1.0988460226575631
14 2 40 -1.0981440867371408
14 3 44 0.0
14 4 48 -0.6923578127393388
14 4 43 -0.6939371719743852
14 5 8 -0.5151870168584957
14 5 47 -0.909784101932353
14 6 12 0.0
14 7 7 -0.6863206024818352
14 7 14 -0.70002068131108
14 8 16 0.0
14 9 18 0.0
14 10 20 -3.8099295641076214E-4
14 10 11 -7.872920160549281
14 11 24 0.0
14 12 23 -4.9686326600843955
14 12 28 -0.0069769304461658795
14 13 30 0.0
14 15 33 0.0
14 16 35 -0.08641138166193907
14 16 27 -2.491530467884368
15 0 0 -0.9430447959141848
15 0 2 -0.4933791396007235
15 1 36 0.0
15 2 5 -1.0988663908588971
15 2 38 -1.0988338723924782
15 2 40 -1.0981367726577016
15 3 44 0.0
15 4 48 -0.6923960950851082
15 4 43 -0.6938988305882274
15 5 8 -0.5135997475383832
15 5 47 -0.9121439226146673
15 6 12 0.0
15 7 7 -0.6870365317219147
15 7 14 -0.6992953991202002
15 8 16 0.0
15 9 18 0.0
15 10 20 -3.96243324658671E-4
15 10 11 -7.833680194321874
15 11 24 -1.3792931233656207
15 11 26 -0.29002675364184377
15 12 23 -4.86011461098974
15 12 28 -0.007779779812276962
15 13 30 0.0
15 14 32 0.0
15 16 35 0.0
16 0 0 -0.9460634314690282
16 0 2 -0.49145847773723167
16 1 36 0.0
16 2 5 -1.0988764340963326
16 2 38 -1.0988209845816423
16 2 40 -1.098139615712628
16 3 44 0.0
16 4 48 -0.6923985708708962
16 4 43 -0.6938963510853345
16 5 8 -0.5123755667885519
16 5 47 -0.9139703124091169
16 6 12 0.0
16 7 7 -0.6873312071855749
16 7 14 -0.698997177456975
16 8 16 0.0
16 9 18 0.0
16 10 20 -3.583955289877013E-4
16 10 11 -7.934052544276804
16 11 26 0.0
16 12 23 0.0
16 13 29 -4.252825774830974
16 13 30 -0.01432611376741872
16 14 32 -0.04737228740702123
16 14 25 -3.073310515002981
16 15 34 0.0
