0 1 1 0.0
0 2 5 0.0
0 3 39 -1.1035405084209253
0 3 42 -0.4030100761656544
0 4 37 -0.5818239274699829
0 4 41 -1.0880024326511781
0 4 46 -2.2611251900463265
0 5 3 0.0
0 6 49 -0.6038844209042111
0 6 45 -0.7911657273986982
0 7 7 0.0
0 8 16 -1.1524846562214721
0 8 15 -0.3795795669969979
0 9 9 0.0
0 10 19 -1.1274206975815002
0 10 11 -0.3913662640657788
0 11 21 -0.8953184244646722
0 11 13 -0.5250555721073903
0 12 23 0.0
0 13 29 0.0
0 14 25 -0.4463795850134765
0 14 31 -1.0214868555185237
0 15 33 -0.6412479970653959
0 15 34 -0.7478880427807683
0 16 27 0.0
1 0 0 0.0
1 2 5 0.0
1 3 39 -0.9017420380564497
1 3 42 -0.5206436910916113
1 4 37 -0.4621925740421616
1 4 41 -0.9939848109384275
1 5 3 -0.5588227851028315
1 5 47 -0.8483561766629912
1 6 49 -0.4899962342854648
1 6 45 -0.9483716173951887
1 7 7 0.0
1 8 16 -0.9564633475213465
1 8 15 -0.48491333653297697
1 9 9 0.0
1 10 19 -1.2633121362403654
1 10 11 -0.3322835333320642
1 11 21 -1.1940543978151954
1 11 13 -0.3609559903819656
1 12 23 0.0
1 13 29 -1.3177622542089138
1 13 30 -0.3116111046553171
1 14 25 0.0
1 15 33 -0.7393734085254716
1 15 34 -0.6489637343050194
1 16 27 0.0
2 0 0 0.0
2 1 4 0.0
2 3 39 0.0
2 4 37 -7.909841959403154
2 4 41 -0.26973613946340175
2 4 43 -1.4437034101683066
2 5 3 -0.5657324927965438
2 5 47 -0.8392000220217003
2 6 49 -0.5431809450528329
2 6 45 -0.8696397763791299
2 7 7 0.0
2 8 16 -0.9070494926386117
2 8 15 -0.5170342382715352
2 9 9 0.0
2 10 19 -1.2637773247414206
2 10 11 -0.3321002396171648
2 11 21 -1.1942986276134255
2 11 13 -0.3608498422082017
2 12 23 0.0
2 13 29 -1.3215669288700171
2 13 30 -0.3102236321028479
2 14 25 0.0
2 15 33 -0.7410044579191121
2 15 34 -0.6474759997056637
2 16 27 0.0
3 0 0 -0.140040438415712
3 0 2 -2.0350272664472944
3 1 4 -0.5010720116950954
3 1 36 -0.9311018777307579
3 2 38 0.0
3 4 41 -1.0931489112366712
3 4 43 -0.40820803093087865
3 5 47 0.0
3 6 49 -1.126762085688857
3 6 45 -0.39168189295683054
3 7 7 0.0
3 8 16 -0.5456146115244389
3 8 15 -0.8662763540074853
3 9 18 -0.8484593690972446
3 9 9 -0.5587455408953292
3 10 11 0.0
3 11 21 -1.1943781655325476
3 11 13 -0.36081528113338956
3 12 23 0.0
3 13 29 -1.6115904872643099
3 13 30 -0.22260613082485664
3 14 25 0.0
3 15 33 -0.7401194184289268
3 15 34 -0.648282697955067
3 16 27 0.0
4 0 0 -0.4359726425115574
4 0 2 -1.040254939212865
4 1 36 0.0
4 2 5 -7.259749288952873
4 2 40 -7.035317550964847E-4
4 3 39 -2.3283744211166795
4 3 42 -0.10253566223083362
4 5 47 0.0
4 6 49 -0.28259129872276273
4 6 45 -1.4017240500901886
4 7 7 0.0
4 8 16 -0.8552744319730082
4 8 15 -0.5536748380108558
4 9 9 0.0
4 10 19 -1.9371216933105149
4 10 11 -0.15562296103541778
4 11 21 -1.1948646901118427
4 11 13 -0.36060396069979134
4 12 23 0.0
4 13 29 -1.7679441315708697
4 13 30 -0.18715344910725554
4 14 25 0.0
4 15 33 -0.7309528423495112
4 15 34 -0.6567188731046492
4 16 27 0.0
5 0 2 0.0
5 1 1 -0.15862213490352867
5 1 36 -1.9194933281295994
5 2 5 -0.3702343983451887
5 2 40 -1.1730312776703389
5 3 39 -0.22641664408397671
5 3 42 -1.5964516322037718
5 4 46 0.0
5 6 49 -1.215366490229835
5 6 45 -0.35183139701132293
5 7 7 0.0
5 8 16 -4.898903331444314
5 8 15 -0.007482679534446956
5 9 9 0.0
5 10 19 -0.5982319984615031
5 10 11 -0.7980251330312114
5 11 21 -0.45480855758861594
5 11 13 -1.0066790036809512
5 12 23 0.0
5 13 29 0.0
5 14 25 -0.4869143640306214
5 14 31 -0.9532650747697496
5 15 33 -0.7355628315363437
5 15 34 -0.6524576507139285
5 16 27 0.0
6 0 0 -0.5361816121696207
6 0 2 -0.8794229406359749
6 1 36 0.0
6 2 5 -4.980843991671838
6 2 38 -0.5936546493051018
6 2 40 -0.8191036184350097
6 3 44 0.0
6 4 48 -0.28926230230952904
6 4 43 -1.3815685992872
6 5 47 0.0
6 7 7 0.0
6 8 16 -0.5393182408843434
6 8 15 -0.8750184749788368
6 9 18 -0.8480573814657539
6 9 9 -0.559046525459486
6 10 11 0.0
6 11 21 -1.194356091211231
6 11 13 -0.3608248725438097
6 12 23 0.0
6 13 29 -1.6188123229472549
6 13 30 -0.22081361579601144
6 14 25 0.0
6 15 33 -0.7428158261759988
6 15 34 -0.6458292145587218
6 16 27 0.0
7 0 2 0.0
7 1 1 -0.17071870400569275
7 1 36 -1.8518833597780926
7 2 5 -0.38091708465333873
7 2 40 -1.1495936461338485
7 3 39 -0.21978304237862328
7 3 42 -1.6229940299047845
7 4 46 0.0
7 5 6 0.0
7 6 49 -1.2539163326425153
7 6 45 -0.33601126317445756
7 8 15 0.0
7 9 17 -0.007717977291237015
7 9 9 -4.868059464864199
7 10 19 -0.34141237429727544
7 10 11 -1.240518352555075
7 11 21 -0.7031992479864512
7 11 13 -0.6831951524252567
7 12 23 0.0
7 13 29 0.0
7 14 25 -0.5058083115127785
7 14 31 -0.923864218523289
7 15 33 -0.6077487261699569
7 15 34 -0.7865252809854136
7 16 27 0.0
8 0 2 0.0
8 1 1 -0.1978756863578534
8 1 36 -1.7174232178483555
8 2 5 -0.367199153505169
8 2 40 -1.1798386673724413
8 3 39 -0.4117710662824256
8 3 42 -1.7470900996610792
8 3 44 -1.8125108975183895
8 4 46 0.0
8 5 6 -0.014043156027840637
8 5 8 -4.272633478272298
8 6 49 -0.42125854874096946
8 6 10 -1.0677545668306538
8 7 14 0.0
8 9 17 0.0
8 10 19 0.0
8 11 21 -0.6569791891852818
8 11 13 -0.7306725424083713
8 12 23 0.0
8 13 29 0.0
8 14 25 -0.6156295019491979
8 14 31 -0.777182629096927
8 15 33 -0.5512489146861246
8 15 34 -0.858563713615665
8 16 27 0.0
9 0 2 0.0
9 1 1 -0.1983614720827798
9 1 36 -1.7152060996649163
9 2 5 -0.3670786946085699
9 2 40 -1.1801102167801232
9 3 39 -0.49734711362263384
9 3 42 -2.210535462686167
9 3 44 -1.2650817517897228
9 4 46 0.0
9 5 8 0.0
9 6 49 -0.5589533838979682
9 6 10 -0.8481817488688397
9 7 7 -4.9097266655292255
9 7 14 -0.007401829841935576
9 8 16 0.0
9 10 19 0.0
9 11 21 -0.7375381440146935
9 11 13 -0.6506433019117155
9 12 23 0.0
9 13 29 0.0
9 14 25 -0.6370407312178396
9 14 31 -0.7525896635785536
9 15 33 -0.5372285297519592
9 15 34 -0.8779491597275925
9 16 27 0.0
10 0 2 0.0
10 1 1 -0.8937422516497457
10 1 36 -0.526145454581895
10 2 5 -1.5078440658288073
10 2 38 -0.9463286503611696
10 2 40 -0.9404560085528476
10 3 44 0.0
10 4 48 -0.6872116024578155
10 4 43 -0.6991182002202931
10 5 8 -0.3699890876153172
10 5 47 -1.17357897294518
10 6 10 0.0
10 7 7 -0.8258323002140008
10 7 14 -0.5760228527065091
10 8 16 0.0
10 9 18 0.0
10 11 21 -5.429978527812862E-4
10 11 13 -7.518676679041464
10 12 23 0.0
10 13 29 0.0
10 14 25 -1.4862949986137608
10 14 31 -0.25645373947712674
10 15 33 -0.22208860179248285
10 15 34 -1.6136688750534927
10 16 27 0.0
11 0 0 -0.5561962550855468
11 0 2 -0.8518755033219572
11 1 36 0.0
11 2 5 -2.3087317735995265
11 2 38 -0.79588568676306
11 2 40 -0.7997722056540725
11 3 44 0.0
11 4 48 -0.674281732798623
11 4 43 -0.7123753880305347
11 5 8 -0.5814337169893323
11 5 47 -0.8189285813888245
11 6 12 0.0
11 7 7 -0.5359428845081259
11 7 14 -0.879759526200029
11 8 16 0.0
11 9 18 0.0
11 10 20 -9.251927361254527E-4
11 10 11 -6.985971039479753
11 12 23 0.0
11 13 29 -2.569446935877899
11 13 30 -0.07966882095651041
11 14 25 0.0
11 15 33 -2.017291367851673
11 15 34 -0.1427339113566784
11 16 27 0.0
12 0 2 0.0
12 1 1 -0.8937673208908733
12 1 36 -0.5261280971002678
12 2 5 -1.5076913662482982
12 2 38 -0.946269618406183
12 2 40 -0.9406012950945579
12 3 44 0.0
12 4 48 -0.6869650479157536
12 4 43 -0.6993677698354049
12 5 8 -0.36997998452720954
12 5 47 -1.1735993053988318
12 6 10 0.0
12 7 7 -0.8252415563498073
12 7 14 -0.5764832540801222
12 8 16 0.0
12 9 18 0.0
12 10 22 0.0
12 11 21 -7.215797284289092E-4
12 11 13 -7.234428450311814
12 13 29 0.0
12 14 25 -3.0497714240283087
12 14 31 -0.04852843670065945
12 15 33 0.0
12 16 35 -0.1448388311706893
12 16 27 -2.003679136964368
13 0 2 0.0
13 1 1 -1.216231340644435
13 1 36 -0.3514669406435706
13 2 5 -2.3146224611020276
13 2 38 -0.7971271608301153
13 2 40 -0.7972310649306452
13 3 44 0.0
13 4 48 -0.6825978179330808
13 4 43 -0.7038090198499841
13 5 8 -0.3705750988574708
13 5 47 -1.1722713294012388
13 6 10 -1.040404302178488
13 6 12 -0.435891030082208
13 7 7 -0.8178552417764666
13 7 14 -0.5822809668519251
13 8 16 0.0
13 9 18 0.0
13 10 22 0.0
13 11 21 -2.0088429220517
13 11 24 -0.14403643471359237
13 12 28 0.0
13 14 31 0.0
13 15 33 0.0
13 16 35 -0.3939080782867105
13 16 27 -1.1221349300662713
14 0 0 -0.5562164903991188
14 0 2 -0.8518483069166406
14 1 36 0.0
14 2 5 -2.3082881627474237
14 2 38 -0.7962791821852367
14 2 40 -0.7994754215234392
14 3 44 0.0
14 4 48 -0.6755153390454555
14 4 43 -0.7110954922066017
14 5 8 -0.5813761884420743
14 5 47 -0.8190015362861023
14 6 12 0.0
14 7 7 -0.5313205987325667
14 7 14 -0.8863149576782273
14 8 16 0.0
14 9 18 0.0
14 10 20 -0.0031843495269544314
14 10 11 -5.751098993231568
14 11 24 0.0
14 12 23 -3.127683827614816
14 12 28 -0.044808233779185795
14 13 30 0.0
14 15 33 0.0
14 16 35 -0.12326544594512406
14 16 27 -2.1544148562007264
15 0 0 -0.5561834721430704
15 0 2 -0.8518926843523897
15 1 36 0.0
15 2 5 -2.3087156840487415
15 2 38 -0.7948270627728641
15 2 40 -0.8008396423137585
15 3 44 0.0
15 4 48 -0.6779250469105953
15 4 43 -0.7086046139397644
15 5 8 -0.5813985834995954
15 5 47 -0.8189731348350364
15 6 12 0.0
15 7 7 -0.5308108730976935
15 7 14 -0.8870423642185888
15 8 16 0.0
15 9 18 0.0
15 10 20 -0.0020969220398736896
15 10 11 -6.168332982541251
15 11 24 -1.2792464563855879
15 11 26 -0.32607215514046956
15 12 23 -3.019707511153563
15 12 28 -0.05004722291164254
15 13 30 0.0
15 14 32 0.0
15 16 35 0.0
16 0 0 -0.5561801351507697
16 0 2 -0.8518971695520682
16 1 36 0.0
16 2 5 -2.308857436662311
16 2 38 -0.7944543064624049
16 2 40 -0.8011833966563524
16 3 44 0.0
16 4 48 -0.6776403416542349
16 4 43 -0.7088982741074173
16 5 8 -0.581410282484075
16 5 47 -0.8189582987361456
16 6 12 0.0
16 7 7 -0.5345789997059802
16 7 14 -0.8816862074197754
16 8 16 0.0
16 9 18 0.0
16 10 20 -0.0011779621076096185
16 10 11 -6.744558284222616
16 11 26 0.0
16 12 23 0.0
16 13 29 -2.9433444856591655
16 13 30 -0.0541280616034485
16 14 32 -0.12410156864953742
16 14 25 -2.148064096671151
16 15 34 0.0
