0 1 1 0.0
0 2 5 0.0
0 3 39 -0.42235088337875104
0 3 42 -1.0656727809907507
0 4 37 -0.7082077570053252
0 4 41 -0.7223050967368491
0 4 46 -3.823905472505259
0 5 3 0.0
0 6 49 -0.8884675735173303
0 6 45 -0.5298139920374916
0 7 7 0.0
0 8 16 -0.8108080158473733
0 8 15 -0.587884435950132
0 9 9 0.0
0 10 19 -0.7374126059578229
0 10 11 -0.6507584057236383
0 11 21 -0.5434658993709205
0 11 13 -0.8692449493304634
0 12 23 0.0
0 13 29 0.0
0 14 25 -0.9801132745817226
0 14 31 -0.4704334624930569
0 15 33 -0.4124924144084866
0 15 34 -1.084704112269978
0 16 27 0.0
1 0 0 0.0
1 2 5 0.0
1 3 39 -0.853363608333086
1 3 42 -0.5550905011802755
1 4 37 -0.27089195128765003
1 4 41 -1.4384254825434464
1 5 3 -0.3842056981519626
1 5 47 -1.1425370107752697
1 6 49 -0.526068694768154
1 6 45 -0.8938531231479753
1 7 7 0.0
1 8 16 -0.7492325342766472
1 8 15 -0.6400410427187543
1 9 9 0.0
1 10 19 -1.0394059065568362
1 10 11 -0.43643691517979655
1 11 21 -1.0861923711258907
1 11 13 -0.41173339534471987
1 12 23 0.0
1 13 29 -0.4277951079722668
1 13 30 -1.055394706658707
1 14 25 0.0
1 15 33 -0.703253613753398
1 15 34 -0.6831418662591278
1 16 27 0.0
2 0 0 0.0
2 1 4 0.0
2 3 39 0.0
2 4 37 -2.933828401771799
2 4 41 -0.20906186993258924
2 4 43 -1.9990644151228791
2 5 3 -0.3842567293450997
2 5 47 -1.1424280826342135
2 6 49 -0.5521449123639073
2 6 45 -0.8573466503684509
2 7 7 0.0
2 8 16 -0.7491547422334982
2 8 15 -0.6401107929985747
2 9 9 0.0
2 10 19 -1.0395617018638794
2 10 11 -0.4363516766547343
2 11 21 -1.0862282539507926
2 11 13 -0.4117151159818917
2 12 23 0.0
2 13 29 -0.4275132246781004
2 13 30 -1.0559229186875292
2 14 25 0.0
2 15 33 -0.7030606159764256
2 15 34 -0.6833310574352319
2 16 27 0.0
3 0 0 -0.07733483083500088
3 0 2 -2.5980290649258118
3 1 4 -1.1792620091669912
3 1 36 -0.3674551148747789
3 2 38 0.0
3 4 41 -1.2424488873891775
3 4 43 -0.34062784103001403
3 5 47 0.0
3 6 49 -0.7063326199045906
3 6 45 -0.6801333369150218
3 7 7 0.0
3 8 16 -0.7542932081775277
3 8 15 -0.6355255230181396
3 9 18 -1.235594847414645
3 9 9 -0.3434228725309634
3 10 11 0.0
3 11 21 -1.0862208147253416
3 11 13 -0.41171890557712115
3 12 23 0.0
3 13 29 -1.1048763538581112
3 13 30 -0.4023477287707069
3 14 25 0.0
3 15 33 -0.7060999790382052
3 15 34 -0.6803600139598734
3 16 27 0.0
4 0 0 -0.07665799713454431
4 0 2 -2.6064855045097377
4 1 36 0.0
4 2 5 -3.173250821189401
4 2 40 -0.042768965117903276
4 3 39 -1.542967256636122
4 3 42 -0.2404752824525328
4 5 47 0.0
4 6 49 -0.5114041927807613
4 6 45 -0.9154235055096785
4 7 7 0.0
4 8 16 -0.7168271619917846
4 8 15 -0.6700149938838386
4 9 9 0.0
4 10 19 -2.180843605652373
4 10 11 -0.11984965406840477
4 11 21 -1.0862908592287002
4 11 13 -0.4116832260864997
4 12 23 0.0
4 13 29 -0.8101221015394082
4 13 30 -0.5884336271687298
4 14 25 0.0
4 15 33 -0.704262395985269
4 15 34 -0.6821541562126197
4 16 27 0.0
5 0 2 0.0
5 1 1 -0.08485154676457518
5 1 36 -2.508977858406205
5 2 5 -0.12840022035578214
5 2 40 -2.116116433734573
5 3 39 -0.16595099502261776
5 3 42 -1.8778910167938208
5 4 46 0.0
5 6 49 -1.57956562925654
5 6 45 -0.2307531651188213
5 7 7 0.0
5 8 16 -3.766039893274557
5 8 15 -0.023415549618642645
5 9 9 0.0
5 10 19 -0.454673417861557
5 10 11 -1.0069137169481255
5 11 21 -0.2931100873797423
5 11 13 -1.3701848886419765
5 12 23 0.0
5 13 29 0.0
5 14 25 -0.7732688490570621
5 14 31 -0.618971532662344
5 15 33 -0.4702716156602499
5 15 34 -0.9803827685184926
5 16 27 0.0
6 0 0 -0.07771784162643934
6 0 2 -2.5932776901974233
6 1 36 0.0
6 2 5 -1.370147577970236
6 2 38 -1.2467296928327931
6 2 40 -0.7798227979757639
6 3 44 0.0
6 4 48 -0.3890699902646544
6 4 43 -1.1322316497691465
6 5 47 0.0
6 7 7 0.0
6 8 16 -0.5065397973979495
6 8 15 -0.9227541100587612
6 9 18 -0.6371436546714639
6 9 9 -0.7524741457064484
6 10 11 0.0
6 11 21 -1.0860800519623304
6 11 13 -0.4117906191672464
6 12 23 0.0
6 13 29 -1.127322716851609
6 13 30 -0.3914132002478532
6 14 25 0.0
6 15 33 -0.7059370681719862
6 15 34 -0.6805188105549395
6 16 27 0.0
7 0 2 0.0
7 1 1 -0.08548505997033608
7 1 36 -2.50185171671073
7 2 5 -0.1280948348091083
7 2 40 -2.1183482246958167
7 3 39 -0.16529196802360718
7 3 42 -1.8815497156095327
7 4 46 0.0
7 5 6 0.0
7 6 49 -1.5760513961859421
7 6 45 -0.23166730060311636
7 8 15 0.0
7 9 17 -0.012758058441715464
7 9 9 -4.36796441961089
7 10 19 -0.42910296122878616
7 10 11 -1.0529495480964415
7 11 21 -0.2931185049609955
7 11 13 -1.3701601743731968
7 12 23 0.0
7 13 29 0.0
7 14 25 -0.7777076146507524
7 14 31 -0.6151830499441963
7 15 33 -0.4726462427803824
7 15 34 -0.9764403568135555
7 16 27 0.0
8 0 2 0.0
8 1 1 -0.18628094421516847
8 1 36 -1.7721943241400138
8 2 5 -0.19737581972460977
8 2 40 -1.719710872526742
8 3 39 -0.31066330341787096
8 3 42 -1.9628890246434314
8 3 44 -2.0668229670602245
8 4 46 0.0
8 5 6 -0.04919054626706973
8 5 8 -3.0365482769131904
8 6 49 -0.43098710400880275
8 6 10 -1.0494430289461356
8 7 14 0.0
8 9 17 0.0
8 10 19 0.0
8 11 21 -0.4919258275533495
8 11 13 -0.9453275409412251
8 12 23 0.0
8 13 29 0.0
8 14 25 -0.9136117115578365
8 14 31 -0.512615632942283
8 15 33 -0.4968997317817007
8 15 34 -0.9375500822913172
8 16 27 0.0
9 0 2 0.0
9 1 1 -0.18745599782119537
9 1 36 -1.7664754105255984
9 2 5 -0.19626167101761322
9 2 40 -1.7248328608176176
9 3 39 -0.3237084825228385
9 3 42 -1.97936064631132
9 3 44 -1.9777420267697634
9 4 46 0.0
9 5 8 0.0
9 6 49 -0.45245776897573364
9 6 10 -1.0107743196811434
9 7 7 -4.059919259313021
9 7 14 -0.017400933778931833
9 8 16 0.0
9 10 19 0.0
9 11 21 -0.4782145536029457
9 11 13 -0.9672924457636484
9 12 23 0.0
9 13 29 0.0
9 14 25 -0.9192634668271823
9 14 31 -0.5088486986696638
9 15 33 -0.4958014925599573
9 15 34 -0.9392588320424093
9 16 27 0.0
10 0 2 0.0
10 1 1 -0.9979050229104262
10 1 36 -0.45989639669808324
10 2 5 -1.0267193052164165
10 2 38 -1.1371348275941218
10 2 40 -1.136054959567715
10 3 44 0.0
10 4 48 -0.6922896073108128
10 4 43 -0.6940054898722287
10 5 8 -0.33766697553272057
10 5 47 -1.2497823512138935
10 6 10 0.0
10 7 7 -0.8002773805754585
10 7 14 -0.5963914029987628
10 8 16 0.0
10 9 18 0.0
10 11 21 -5.667832438429675E-4
10 11 13 -7.475816991554416
10 12 23 0.0
10 13 29 0.0
10 14 25 -2.6495702677202626
10 14 31 -0.07330384398876835
10 15 33 -0.1139575693376223
10 15 34 -2.2283668448938014
10 16 27 0.0
11 0 0 -0.534220581349696
11 0 2 -0.8821935776598997
11 1 36 0.0
11 2 5 -1.1001424461461518
11 2 38 -1.0989115955137507
11 2 40 -1.096785708440148
11 3 44 0.0
11 4 48 -0.691606222646588
11 4 43 -0.6946905166897963
11 5 8 -0.5654590242084039
11 5 47 -0.8395596142970881
11 6 12 0.0
11 7 7 -0.5557932718719684
11 7 14 -0.8524173844098549
11 8 16 0.0
11 9 18 0.0
11 10 20 -2.900538192970247E-4
11 10 11 -8.145589091823666
11 12 23 0.0
11 13 29 -2.751648316048636
11 13 30 -0.06595026350633308
11 14 25 0.0
11 15 33 -1.818836534970053
11 15 34 -0.17699302499057698
11 16 27 0.0
12 0 2 0.0
12 1 1 -0.9990293284600402
12 1 36 -0.45924048764808484
12 2 5 -1.0270385283001136
12 2 38 -1.1369625700687018
12 2 40 -1.135871014678179
12 3 44 0.0
12 4 48 -0.6923130595774005
12 4 43 -0.6939819978811747
12 5 8 -0.3383225057959032
12 5 47 -1.2481522181554259
12 6 10 0.0
12 7 7 -0.8001001453384521
12 7 14 -0.5965359714053503
12 8 16 0.0
12 9 18 0.0
12 10 22 0.0
12 11 21 -8.591517756259159E-4
12 11 13 -7.05999450798145
12 13 29 0.0
12 14 25 -3.9116050670077844
12 14 31 -0.020211238492048273
12 15 33 0.0
12 16 35 -0.050529919124854404
12 16 27 -3.01034823567915
13 0 2 0.0
13 1 1 -2.266404420762388
13 1 36 -0.10946260198096992
13 2 5 -1.4751333432731264
13 2 38 -0.9545708496694616
13 2 40 -0.9512071394468622
13 3 44 0.0
13 4 48 -0.6914112232055811
13 4 43 -0.6948861567034946
13 5 8 -0.5525438602118752
13 5 47 -0.856805572922846
13 6 10 -0.5768582012777755
13 6 12 -0.8247609177118203
13 7 7 -0.6904859358900212
13 7 14 -0.6958155263550964
13 8 16 0.0
13 9 18 0.0
13 10 22 0.0
13 11 21 -3.3030224601474796
13 11 24 -0.03746498745076217
13 12 28 0.0
13 14 31 0.0
13 15 33 0.0
13 16 35 -0.07293588589832019
13 16 27 -2.6544208000727494
14 0 0 -0.534336464761376
14 0 2 -0.8820294872390075
14 1 36 0.0
14 2 5 -1.1002707980902289
14 2 38 -1.0989038971087461
14 2 40 -1.0966654841399797
14 3 44 0.0
14 4 48 -0.6916240411686014
14 4 43 -0.6946726434443481
14 5 8 -0.5654729480522466
14 5 47 -0.8395412999045935
14 6 12 0.0
14 7 7 -0.5567716019450694
14 7 14 -0.8511027357866583
14 8 16 0.0
14 9 18 0.0
14 10 20 -4.672169349607932E-4
14 10 11 -7.668950478703377
14 11 24 0.0
14 12 23 -3.6112131361082667
14 12 28 -0.027390774780344074
14 13 30 0.0
14 15 33 0.0
14 16 35 -0.075500661360972
14 16 27 -2.6211266904019035
15 0 0 -0.5344409793419451
15 0 2 -0.881881534428208
15 1 36 0.0
15 2 5 -1.100528883109312
15 2 38 -1.098674599016244
15 2 40 -1.0966371731398192
15 3 44 0.0
15 4 48 -0.6916478765559366
15 4 43 -0.6946487358522383
15 5 8 -0.5654083309236025
15 5 47 -0.839626297475967
15 6 12 0.0
15 7 7 -0.556726065878182
15 7 14 -0.851163858843302
15 8 16 0.0
15 9 18 0.0
15 10 20 -5.087212317586966E-4
15 10 11 -7.583864719550591
15 11 24 -1.2513004635982072
15 11 26 -0.33705783800383826
15 12 23 -3.478562560603215
15 12 28 -0.031337661936542055
15 13 30 0.0
15 14 32 0.0
15 16 35 0.0
16 0 0 -0.534432979376286
16 0 2 -0.881892858010345
16 1 36 0.0
16 2 5 -1.1005726293708813
16 2 38 -1.0986181049052905
16 2 40 -1.0966499785484314
16 3 44 0.0
16 4 48 -0.6916222314403099
16 4 43 -0.6946744587014902
16 5 8 -0.5654080842537278
16 5 47 -0.8396266219706514
16 6 12 0.0
16 7 7 -0.5560643069429063
16 7 14 -0.8520528741995076
16 8 16 0.0
16 9 18 0.0
16 10 20 -4.407556492941629E-4
16 10 11 -7.7272402890415375
16 11 26 0.0
16 12 23 0.0
16 13 29 -2.9850447018502995
16 13 30 -0.051858974765380636
16 14 32 -0.045074889577254744
16 14 25 -3.1218827498039228
16 15 34 0.0
