0 1 1 0.0
0 2 5 0.0
0 3 39 -0.9695573405782526
0 3 42 -0.47682827211799383
0 4 37 -0.9770117133176395
0 4 41 -1.6999540390409882
0 4 46 -0.8189966893483718
0 5 3 0.0
0 6 49 -0.6630532866606752
0 6 45 -0.7241748917670694
0 7 7 0.0
0 8 16 -1.3880379253318116
0 8 15 -0.2871015592865364
0 9 9 0.0
0 10 19 -0.950811259679169
0 10 11 -0.4884566897809853
0 11 21 -0.5828696013684996
0 11 13 -0.8171107415362436
0 12 23 0.0
0 13 29 0.0
0 14 25 -0.3939315988747598
0 14 31 -1.1220862111754484
0 15 33 -0.629039271904952
0 15 34 -0.7616481504419549
0 16 27 0.0
1 0 0 0.0
1 2 5 0.0
1 3 39 -1.4583220381244923
1 3 42 -0.264781354381577
1 4 37 -0.3228393091265601
1 4 41 -1.2876812772099404
1 5 3 -0.6727972421229215
1 5 47 -0.7139198565662856
1 6 49 -0.598246185272225
1 6 45 -0.7980078090785683
1 7 7 0.0
1 8 16 -1.388034067802982
1 8 15 -0.28710284214784804
1 9 9 0.0
1 10 19 -0.7187064084360015
1 10 11 -0.6682249787335207
1 11 21 -1.0793416062712846
1 11 13 -0.41524152213289534
1 12 23 0.0
1 13 29 -1.32286775662448
1 13 30 -0.30975090131849564
1 14 25 0.0
1 15 33 -0.693715085500944
1 15 34 -0.6925795979519229
1 16 27 0.0
2 0 0 0.0
2 1 4 0.0
2 3 39 0.0
2 4 37 -1.48278995924215
2 4 41 -0.49056874361103686
2 4 43 -1.828101137541866
2 5 3 -1.0659480237806271
2 5 47 -0.4222062616230394
2 6 49 -0.36179980880015317
2 6 45 -1.192115946827915
2 7 7 0.0
2 8 16 -1.4587052444659434
2 8 15 -0.2646652159048487
2 9 9 0.0
2 10 19 -1.1813355078070025
2 10 11 -0.36653574415226253
2 11 21 -1.6867747613960604
2 11 13 -0.20470902146946265
2 12 23 0.0
2 13 29 -1.4497384023761573
2 13 30 -0.2673980697290684
2 14 25 0.0
2 15 33 -0.7579837841748871
2 15 34 -0.6322596185607198
2 16 27 0.0
3 0 0 -0.4950686772145658
3 0 2 -0.9404016917306985
3 1 4 -1.0055564277686966
3 1 36 -0.45545558951468906
3 2 38 0.0
3 4 41 -1.459084920646067
3 4 43 -0.2645502044920742
3 5 47 0.0
3 6 49 -1.2635840525311806
3 6 45 -0.3321763783594691
3 7 7 0.0
3 8 16 -0.4109466298428858
3 8 15 -1.0877385711834655
3 9 18 -0.5154094610557987
3 9 9 -0.9094541334480555
3 10 11 0.0
3 11 21 -2.039573805144223
3 11 13 -0.13935878494972914
3 12 23 0.0
3 13 29 -1.8499457074689152
3 13 30 -0.1710798265114755
3 14 25 0.0
3 15 33 -0.7050077606912261
3 15 34 -0.6814256264708584
3 16 27 0.0
4 0 0 -0.7046913527349965
4 0 2 -0.6817347568159745
4 1 36 0.0
4 2 5 -1.40408571453282
4 2 40 -0.28182127329827267
4 3 39 -1.4591207364088667
4 3 42 -0.2645393581265297
4 5 47 0.0
4 6 49 -0.21379527848190305
4 6 45 -1.6477302110494032
4 7 7 0.0
4 8 16 -0.7029209528763783
4 8 15 -0.683468010988909
4 9 9 0.0
4 10 19 -1.5653138168581426
4 10 11 -0.23448564047091974
4 11 21 -1.8482525254626507
4 11 13 -0.17139606727306317
4 12 23 0.0
4 13 29 -1.5502123629819595
4 13 30 -0.2385147159359472
4 14 25 0.0
4 15 33 -0.6974597125605688
4 15 34 -0.6888531666602521
4 16 27 0.0
5 0 2 0.0
5 1 1 -0.23629574205832235
5 1 36 -1.5584935801788453
5 2 5 -0.620791010897793
5 2 40 -0.771149989763771
5 3 39 -0.43336786592805715
5 3 42 -1.0450391593510782
5 4 46 0.0
5 6 49 -0.8208850283896683
5 6 45 -0.5798935559749016
5 7 7 0.0
5 8 16 -1.690945191890277
5 8 15 -0.2037640527806156
5 9 9 0.0
5 10 19 -0.5672681346981236
5 10 11 -0.8371849789184721
5 11 21 -0.344919972284921
5 11 13 -1.231950670180121
5 12 23 0.0
5 13 29 0.0
5 14 25 -0.3017647817387789
5 14 31 -1.3451984501653673
5 15 33 -0.5547799966380434
5 15 34 -0.8537821749968982
5 16 27 0.0
6 0 0 -0.7259946724895442
6 0 2 -0.6613444204781878
6 1 36 0.0
6 2 5 -1.8324553477185321
6 2 38 -0.9117192983532391
6 2 40 -0.8252006697595387
6 3 44 0.0
6 4 48 -0.2852697369670977
6 4 43 -1.3935664815288717
6 5 47 0.0
6 7 7 0.0
6 8 16 -0.5153167340953536
6 8 15 -0.9095916602834521
6 9 18 -0.3910563789930221
6 9 9 -1.1280679487887957
6 10 11 0.0
6 11 21 -2.039419498354351
6 11 13 -0.13938186148784004
6 12 23 0.0
6 13 29 -1.9136855034056985
6 13 30 -0.15962387747277565
6 14 25 0.0
6 15 33 -0.7049121042992221
6 15 34 -0.6815190623047884
6 16 27 0.0
7 0 2 0.0
7 1 1 -0.23619274477348548
7 1 36 -1.558880085335798
7 2 5 -0.6208103243894769
7 2 40 -0.7711275430998791
7 3 39 -0.43336762707982807
7 3 42 -1.0450395996702961
7 4 46 0.0
7 5 6 0.0
7 6 49 -0.8210474220046989
7 6 45 -0.5797659577266071
7 8 15 0.0
7 9 17 -0.21358529910282809
7 9 9 -1.6486115919768165
7 10 19 -0.4405622115781932
7 10 11 -1.0319104663545364
7 11 21 -0.375855069953548
7 11 13 -1.1605999845256671
7 12 23 0.0
7 13 29 0.0
7 14 25 -0.31582607662748646
7 14 31 -1.3063240068578268
7 15 33 -0.572925828665679
7 15 34 -0.8298223127217381
7 16 27 0.0
8 0 2 0.0
8 1 1 -0.23528593185038962
8 1 36 -1.5622911577183307
8 2 5 -0.6207945007187073
8 2 40 -0.7711459337298601
8 3 39 -1.0228104375918419
8 3 42 -1.1485749712533733
8 3 44 -1.1290856433154886
8 4 46 0.0
8 5 6 -0.21537070651891332
8 5 8 -1.641147929791686
8 6 49 -0.5179478788582242
8 6 10 -0.9057015675825313
8 7 14 0.0
8 9 17 0.0
8 10 19 0.0
8 11 21 -0.8627798385144343
8 11 13 -0.5481596000674569
8 12 23 0.0
8 13 29 0.0
8 14 25 -0.3655226698107697
8 14 31 -1.183627546668888
8 15 33 -0.6315911676194661
8 15 34 -0.7587423280678425
8 16 27 0.0
9 0 2 0.0
9 1 1 -0.4221249277189989
9 1 36 -1.0661028684999945
9 2 5 -0.8222410965467941
9 2 40 -0.5788291809593574
9 3 39 -1.3085725243213888
9 3 42 -1.0889379882058914
9 3 44 -0.9333841002604166
9 4 46 0.0
9 5 8 0.0
9 6 49 -1.3143969351163522
9 6 10 -0.31284437732170467
9 7 7 -1.6526572765389307
9 7 14 -0.21262439260557242
9 8 16 0.0
9 10 19 0.0
9 11 21 -0.4857527561466132
9 11 13 -0.9551196651920272
9 12 23 0.0
9 13 29 0.0
9 14 25 -0.488711278284101
9 14 31 -0.950407155082259
9 15 33 -0.6753805483856038
9 15 34 -0.7112351842488643
9 16 27 0.0
10 0 2 0.0
10 1 1 -0.6563640127021805
10 1 36 -0.7313351887676647
10 2 5 -1.2172256905558005
10 2 38 -1.0885220729813767
10 2 40 -1.0017509357364685
10 3 44 0.0
10 4 48 -0.4877986526751786
10 4 43 -0.9518569868148409
10 5 8 -0.17891271426022295
10 5 47 -1.8089801946527149
10 6 10 0.0
10 7 7 -1.0366120977919921
10 7 14 -0.437968954862954
10 8 16 0.0
10 9 18 0.0
10 11 21 -0.03947588810633466
10 11 13 -3.2517382349734087
10 12 23 0.0
10 13 29 0.0
10 14 25 -0.6111339079969293
10 14 31 -0.7824924243965335
10 15 33 -0.3096405237537613
10 15 34 -1.3231718184234549
10 16 27 0.0
11 0 0 -0.827176887198391
11 0 2 -0.574976738940187
11 1 36 0.0
11 2 5 -1.8197532232098252
11 2 38 -0.8887673109094805
11 2 40 -0.8515054032504665
11 3 44 0.0
11 4 48 -0.42222118060628794
11 4 43 -1.06591962476315
11 5 8 -0.6671683190298284
11 5 47 -0.7198189852205841
11 6 12 0.0
11 7 7 -0.6379226894130742
11 7 14 -0.751600600538712
11 8 16 0.0
11 9 18 0.0
11 10 20 -0.0394288106550163
11 10 11 -3.2529081248717837
11 12 23 0.0
11 13 29 -2.7639314937976094
11 13 30 -0.06511834324315957
11 14 25 0.0
11 15 33 -0.9199907942906196
11 15 34 -0.5083664994786115
11 16 27 0.0
12 0 2 0.0
12 1 1 -0.720093527841042
12 1 36 -0.6669079269794235
12 2 5 -1.1600582598143618
12 2 38 -1.0987531408381868
12 2 40 -1.0405914406036327
12 3 44 0.0
12 4 48 -0.4877823186701978
12 4 43 -0.951882966856663
12 5 8 -0.1817202439169884
12 5 47 -1.7947714692583392
12 6 10 0.0
12 7 7 -1.03556582120594
12 7 14 -0.4385444097217733
12 8 16 0.0
12 9 18 0.0
12 10 22 0.0
12 11 21 -0.03549946720161815
12 11 13 -3.3559348163302687
12 13 29 0.0
12 14 25 -1.6497554408843202
12 14 31 -0.21331313101662513
12 15 33 0.0
12 16 35 -0.5768333169108629
12 16 27 -0.8247928038339807
13 0 2 0.0
13 1 1 -0.9152614459038351
13 1 36 -0.5115124034564589
13 2 5 -2.0642032391168392
13 2 38 -0.857556412646789
13 2 40 -0.800992458287188
13 3 44 0.0
13 4 48 -0.24525608034357968
13 4 43 -1.5255754109616877
13 5 8 -0.47021429177649127
13 5 47 -0.9804782473831384
13 6 10 -1.3497952056323208
13 6 12 -0.300150625497483
13 7 7 -0.7153613909535572
13 7 14 -0.671415736458452
13 8 16 0.0
13 9 18 0.0
13 10 22 0.0
13 11 21 -1.7790664820842856
13 11 24 -0.18487960280990431
13 12 28 0.0
13 14 31 0.0
13 15 33 0.0
13 16 35 -0.6190162602995648
13 16 27 -0.7732166616901841
14 0 0 -0.8358359913692784
14 0 2 -0.568299236127001
14 1 36 0.0
14 2 5 -1.8210712360403505
14 2 38 -0.9003377447279931
14 2 40 -0.8399888019104178
14 3 44 0.0
14 4 48 -0.42237228718477055
14 4 43 -1.0656320552806662
14 5 8 -0.6724140924307795
14 5 47 -0.7143192470674491
14 6 12 0.0
14 7 7 -0.6193528521802336
14 7 14 -0.772824094785629
14 8 16 0.0
14 9 18 0.0
14 10 20 -0.05115531778494433
14 10 11 -2.9983574526378076
14 11 24 0.0
14 12 23 -1.25486228304119
14 12 28 -0.33563374324456985
14 13 30 0.0
14 15 33 0.0
14 16 35 -0.49920136385813824
14 16 27 -0.933984473206098
15 0 0 -0.8324573234740921
15 0 2 -0.5708925354677652
15 1 36 0.0
15 2 5 -1.8202980115857053
15 2 38 -0.8905081768688028
15 2 40 -0.8496246145591904
15 3 44 0.0
15 4 48 -0.42185683120848805
15 4 43 -1.0666135337785199
15 5 8 -0.6710397178998964
15 5 47 -0.7157544534780133
15 6 12 0.0
15 7 7 -0.6234549941558983
15 7 14 -0.7680626626945501
15 8 16 0.0
15 9 18 0.0
15 10 20 -0.039428481936407404
15 10 11 -3.252916298642862
15 11 24 -0.8823441057335755
15 11 26 -0.5341143044228848
15 12 23 -0.775492322696146
15 12 28 -0.6170699037086161
15 13 30 0.0
15 14 32 0.0
15 16 35 0.0
16 0 0 -0.8315243864831591
16 0 2 -0.5716113466887954
16 1 36 0.0
16 2 5 -1.8200852041362585
16 2 38 -0.8896409447738517
16 2 40 -0.8505385106432868
16 3 44 0.0
16 4 48 -0.4220319056706336
16 4 43 -1.0662800101271286
16 5 8 -0.6698034102842031
16 5 47 -0.7170489338163802
16 6 12 0.0
16 7 7 -0.6277147461423578
16 7 14 -0.7631626466495194
16 8 16 0.0
16 9 18 0.0
16 10 20 -0.039423387989232804
16 10 11 -3.253042971356955
16 11 26 0.0
16 12 23 0.0
16 13 29 -4.019058760393385
16 13 30 -0.01813328977064389
16 14 32 -0.5323082644226353
16 14 25 -0.8849080614418444
16 15 34 0.0
