0 1 1 0.0
0 2 5 0.0
0 3 39 -0.9616283068347002
0 3 42 -0.48170369071523794
0 4 37 -0.6380593933022902
0 4 41 -1.545147666988777
0 4 46 -1.3532351263403486
0 5 3 0.0
0 6 49 -0.6248586692155472
0 6 45 -0.7664430454783638
0 7 7 0.0
0 8 16 -1.05125146617174
0 8 15 -0.43001411595999195
0 9 9 0.0
0 10 19 -1.247691465236346
0 10 11 -0.33850806154691143
0 11 21 -1.0658206308823865
0 11 13 -0.42227319055885604
0 12 23 0.0
0 13 29 0.0
0 14 25 -0.33880900857439306
0 14 31 -1.2469448172425557
0 15 33 -0.7046883708813875
0 15 34 -0.6817376710047145
0 16 27 0.0
1 0 0 0.0
1 2 5 0.0
1 3 39 -1.0923002228139702
1 3 42 -0.40863614499669043
1 4 37 -0.4133097105255465
1 4 41 -1.0831053179925079
1 5 3 -0.46308310679551207
1 5 47 -0.9924709631890438
1 6 49 -0.6553434377102837
1 6 45 -0.7324363862865755
1 7 7 0.0
1 8 16 -0.9474446698323098
1 8 15 -0.4905827962950129
1 9 9 0.0
1 10 19 -1.4290049742568312
1 10 11 -0.27384118010402875
1 11 21 -1.2741186225092063
1 11 13 -0.3280560575565512
1 12 23 0.0
1 13 29 -1.3954317612618519
1 13 30 -0.2846547324859212
1 14 25 0.0
1 15 33 -0.7239023763032816
1 15 34 -0.6633097121740081
1 16 27 0.0
2 0 0 0.0
2 1 4 0.0
2 3 39 0.0
2 4 37 -2.763412291304316
2 4 41 -0.4252954343331814
2 4 43 -1.2610823984767583
2 5 3 -0.6959909398589421
2 5 47 -0.690311485301129
2 6 49 -0.45927294713904837
2 6 45 -0.9989736419656081
2 7 7 0.0
2 8 16 -1.0870463573639446
2 8 15 -0.41129862769545944
2 9 9 0.0
2 10 19 -1.7534949691859922
2 10 11 -0.19015334809924486
2 11 21 -1.3564361511401768
2 11 13 -0.2978362642510182
2 12 23 0.0
2 13 29 -1.5182318336500413
2 13 30 -0.24730683120776398
2 14 25 0.0
2 15 33 -0.7328651251333728
2 15 34 -0.6549466734562254
2 16 27 0.0
3 0 0 -0.3147869637991085
3 0 2 -1.309127275582677
3 1 4 -0.7972417533183044
3 1 36 -0.5988739655715519
3 2 38 0.0
3 4 41 -1.2480281677745813
3 4 43 -0.33837245192800275
3 5 47 0.0
3 6 49 -1.274453482598631
3 6 45 -0.3279260727179342
3 7 7 0.0
3 8 16 -0.5303498934218318
3 8 15 -0.8877009832301815
3 9 18 -0.8642538427707837
3 9 9 -0.547084850033285
3 10 11 0.0
3 11 21 -1.3536093432584992
3 11 13 -0.298818870530038
3 12 23 0.0
3 13 29 -2.09768059121688
3 13 30 -0.13095275948402432
3 14 25 0.0
3 15 33 -0.7235662717430257
3 15 34 -0.6636261592195744
3 16 27 0.0
4 0 0 -0.6405152846977347
4 0 2 -0.7487038413853851
4 1 36 0.0
4 2 5 -2.764075569875662
4 2 40 -0.06510864978302285
4 3 39 -1.1885383500821647
4 3 42 -0.3633633388725295
4 5 47 0.0
4 6 49 -0.12263799531088775
4 6 45 -2.1592107969474585
4 7 7 0.0
4 8 16 -0.8492404137181944
4 8 15 -0.5581613453035443
4 9 9 0.0
4 10 19 -1.8334190790839997
4 10 11 -0.17419392088231445
4 11 21 -1.353366873287102
4 11 13 -0.2989033282342078
4 12 23 0.0
4 13 29 -1.5259991205994738
4 13 30 -0.24513834275096555
4 14 25 0.0
4 15 33 -0.733881878951771
4 15 34 -0.6540070552127101
4 16 27 0.0
5 0 2 0.0
5 1 1 -0.22039812604712075
5 1 36 -1.620495613684668
5 2 5 -0.4735026881448266
5 2 40 -0.9750245590157455
5 3 39 -0.3124093878492465
5 3 42 -1.3155821560070853
5 4 46 0.0
5 6 49 -0.9983193324572567
5 6 45 -0.45965455661457255
5 7 7 0.0
5 8 16 -3.5030104056951528
5 8 15 -0.030569124600235247
5 9 9 0.0
5 10 19 -0.515933505052926
5 10 11 -0.908677498852171
5 11 21 -0.2648733606529708
5 11 13 -1.4580185933302858
5 12 23 0.0
5 13 29 0.0
5 14 25 -0.49737730254923995
5 14 31 -0.9368085244784297
5 15 33 -0.6584158263056105
5 15 34 -0.7291283393319944
5 16 27 0.0
6 0 0 -0.620813482212495
6 0 2 -0.7711238730814753
6 1 36 0.0
6 2 5 -2.955354274763907
6 2 38 -0.6272415057199149
6 2 40 -0.8821869202601178
6 3 44 0.0
6 4 48 -0.21988574999124752
6 4 43 -1.6225762991905557
6 5 47 0.0
6 7 7 0.0
6 8 16 -0.4926254535210358
6 8 15 -0.9442275604311793
6 9 18 -0.7179780444369637
6 9 9 -0.6689179788563065
6 10 11 0.0
6 11 21 -1.3531374673412384
6 11 13 -0.2989832608717881
6 12 23 0.0
6 13 29 -2.0821615632232837
6 13 30 -0.13314342137558846
6 14 25 0.0
6 15 33 -0.7401386889235754
6 15 34 -0.64826511869141
6 16 27 0.0
7 0 2 0.0
7 1 1 -0.22020413228268998
7 1 36 -1.621282759923964
7 2 5 -0.4734543341227712
7 2 40 -0.9751044078581022
7 3 39 -0.2890378418374194
7 3 42 -1.3822380468608377
7 4 46 0.0
7 5 6 0.0
7 6 49 -0.9826477809253856
7 6 45 -0.4689140977645928
7 8 15 0.0
7 9 17 -0.008053570731595128
7 9 9 -4.825663799624324
7 10 19 -0.425106757961688
7 10 11 -1.0604498094554649
7 11 21 -0.3274415521952068
7 11 13 -1.275703051870619
7 12 23 0.0
7 13 29 0.0
7 14 25 -0.49521727335609866
7 14 31 -0.9401697758034016
7 15 33 -0.6600735795886905
7 15 34 -0.7273521703693502
7 16 27 0.0
8 0 2 0.0
8 1 1 -0.22032112897630898
8 1 36 -1.620807943436617
8 2 5 -0.4735074644106738
8 2 40 -0.9750166723411353
8 3 39 -0.7483622427726442
8 3 42 -1.40182190276972
8 3 44 -1.270429272330086
8 4 46 0.0
8 5 6 -0.018946195109197792
8 5 8 -3.9756102944113
8 6 49 -0.6215386227229242
8 6 10 -0.7702817786079335
8 7 14 0.0
8 9 17 0.0
8 10 19 0.0
8 11 21 -0.7545474451097166
8 11 13 -0.6352998112152238
8 12 23 0.0
8 13 29 0.0
8 14 25 -0.4777882835917214
8 14 31 -0.9679880019316789
8 15 33 -0.6590744034399306
8 15 34 -0.7284219887444416
8 16 27 0.0
9 0 2 0.0
9 1 1 -0.22191840725025783
9 1 36 -1.6143535538652831
9 2 5 -0.47346563472005565
9 2 40 -0.9750857458337863
9 3 39 -0.784298338135128
9 3 42 -1.9869467822543951
9 3 44 -0.9003024287767513
9 4 46 0.0
9 5 8 0.0
9 6 49 -0.6687368958126606
9 6 10 -0.7181682682704192
9 7 7 -3.474578644551687
9 7 14 -0.03146474638440771
9 8 16 0.0
9 10 19 0.0
9 11 21 -0.8143405505065109
9 11 13 -0.5850667466715139
9 12 23 0.0
9 13 29 0.0
9 14 25 -0.49124041930375134
9 14 31 -0.9464070901229756
9 15 33 -0.6528832824315675
9 15 34 -0.7351005215332702
9 16 27 0.0
10 0 2 0.0
10 1 1 -0.8330037779592849
10 1 36 -0.5704720530068138
10 2 5 -2.086221840549673
10 2 38 -0.756979895227121
10 2 40 -0.8995228346285029
10 3 44 0.0
10 4 48 -0.5310391069396808
10 4 43 -0.8867165506991935
10 5 8 -0.3935771356824508
10 5 47 -1.1228207946439774
10 6 10 0.0
10 7 7 -0.7475390228317254
10 7 14 -0.6415618173426212
10 8 16 0.0
10 9 18 0.0
10 11 21 -0.004385566610932045
10 11 13 -5.431628427708137
10 12 23 0.0
10 13 29 0.0
10 14 25 -1.5294309519395137
10 14 31 -0.244187073220063
10 15 33 -0.23204249716934605
10 15 34 -1.5746135126560288
10 16 27 0.0
11 0 0 -0.6210010176356838
11 0 2 -0.7709059645444944
11 1 36 0.0
11 2 5 -2.6446913882429595
11 2 38 -0.6580760004728012
11 2 40 -0.8888555024065325
11 3 44 0.0
11 4 48 -0.5312575411248687
11 4 43 -0.8864048955908945
11 5 8 -0.5428671879188532
11 5 47 -0.8700748226769648
11 6 12 0.0
11 7 7 -0.5927301547564643
11 7 14 -0.8047850230048242
11 8 16 0.0
11 9 18 0.0
11 10 20 -0.004376636955954706
11 10 11 -5.433662188147559
11 12 23 0.0
11 13 29 -2.3168179693246778
11 13 30 -0.10379151742641354
11 14 25 0.0
11 15 33 -1.2996087326453827
11 15 34 -0.3183316027771909
11 16 27 0.0
12 0 2 0.0
12 1 1 -0.8330063648882629
12 1 36 -0.5704700633992081
12 2 5 -2.0859851529785747
12 2 38 -0.7571427633148274
12 2 40 -0.899407288720882
12 3 44 0.0
12 4 48 -0.5311437803893068
12 4 43 -0.8865671852586426
12 5 8 -0.39384383775806764
12 5 47 -1.1222680113118715
12 6 10 0.0
12 7 7 -0.7479780694088085
12 7 14 -0.6411670836224258
12 8 16 0.0
12 9 18 0.0
12 10 22 0.0
12 11 21 -0.00443523905008
12 11 13 -5.420390563751749
12 13 29 0.0
12 14 25 -2.3133594066247403
12 14 31 -0.10417050415681639
12 15 33 0.0
12 16 35 -0.047988957946768225
12 16 27 -3.0606828622917606
13 0 2 0.0
13 1 1 -1.183793503499853
13 1 36 -0.36544944727535134
13 2 5 -2.6105384323738403
13 2 38 -0.6604556433825647
13 2 40 -0.8918685199523324
13 3 44 0.0
13 4 48 -0.5311275213123579
13 4 43 -0.8865903839174744
13 5 8 -0.333951339994269
13 5 47 -1.2590931538051773
13 6 10 -1.0432070031881266
13 6 12 -0.4343631132691813
13 7 7 -0.8075976144910301
13 7 14 -0.5904607659385015
13 8 16 0.0
13 9 18 0.0
13 10 22 0.0
13 11 21 -2.2613712870635503
13 11 24 -0.11004646464543158
13 12 28 0.0
13 14 31 0.0
13 15 33 0.0
13 16 35 -0.6140081304833602
13 16 27 -0.7790916503086586
14 0 0 -0.6210736767155749
14 0 2 -0.7708215613897653
14 1 36 0.0
14 2 5 -2.6447010108819233
14 2 38 -0.6579994262910721
14 2 40 -0.8889502995874575
14 3 44 0.0
14 4 48 -0.5310861790495822
14 4 43 -0.8866493757096209
14 5 8 -0.5428525275794223
14 5 47 -0.8700951582350275
14 6 12 0.0
14 7 7 -0.59412345667463
14 7 14 -0.8030652802570087
14 8 16 0.0
14 9 18 0.0
14 10 20 -0.004560538519638239
14 10 11 -5.392593968672091
14 11 24 0.0
14 12 23 -2.3111398225731583
14 12 28 -0.1044144919459249
14 13 30 0.0
14 15 33 0.0
14 16 35 -0.28653650638393213
14 16 27 -1.3897389543631082
15 0 0 -0.621112560197133
15 0 2 -0.7707763985155095
15 1 36 0.0
15 2 5 -2.6448026649000886
15 2 38 -0.6581506670661814
15 2 40 -0.8887422402801104
15 3 44 0.0
15 4 48 -0.5312668001989167
15 4 43 -0.886391688680989
15 5 8 -0.5428264218235749
15 5 47 -0.8701313716493208
15 6 12 0.0
15 7 7 -0.591860655733798
15 7 14 -0.80586095741094
15 8 16 0.0
15 9 18 0.0
15 10 20 -0.004419454954362241
15 10 11 -5.423947817650386
15 11 24 -1.2924499358385069
15 11 26 -0.3210282098080802
15 12 23 -2.2744833541109
15 12 28 -0.10853224222136973
15 13 30 0.0
15 14 32 0.0
15 16 35 0.0
16 0 0 -0.6211066952105442
16 0 2 -0.7707832104106694
16 1 36 0.0
16 2 5 -2.6448251179445266
16 2 38 -0.6581414586713684
16 2 40 -0.8887499587715112
16 3 44 0.0
16 4 48 -0.5312432142790746
16 4 43 -0.8864253316274746
16 5 8 -0.5428282535237575
16 5 47 -0.8701288306756042
16 6 12 0.0
16 7 7 -0.591967401594816
16 7 14 -0.8057287553249761
16 8 16 0.0
16 9 18 0.0
16 10 20 -0.0043866794432669744
16 10 11 -5.431375267090353
16 11 26 0.0
16 12 23 0.0
16 13 29 -1.9786162171267165
16 13 30 -0.1488021739300208
16 14 32 -0.287094981217177
16 14 25 -1.3880577057177412
16 15 34 0.0
