0 1 1 0.0
0 2 5 0.0
0 3 39 -0.9055534047629535
0 3 42 -0.5180484316087749
0 4 37 -0.6578516104848244
0 4 41 -0.895814301143801
0 4 46 -2.6069106437035194
0 5 3 0.0
0 6 49 -0.6717205547574615
0 6 45 -0.7150429777579743
0 7 7 0.0
0 8 16 -1.1468591832136885
0 8 15 -0.38218739484124653
0 9 9 0.0
0 10 19 -0.9843686923160259
0 10 11 -0.46788596336019606
0 11 21 -0.7241402625806715
0 11 13 -0.6630858637370398
0 12 23 0.0
0 13 29 0.0
0 14 25 -0.5921051128968604
0 14 31 -0.805558249966431
0 15 33 -0.3998613442213096
0 15 34 -1.1099149120260532
0 16 27 0.0
1 0 0 0.0
1 2 5 0.0
1 3 39 -1.10103703923546
1 3 42 -0.40425493404713364
1 4 37 -0.36178998280545316
1 4 41 -1.1921384884555315
1 5 3 -0.4585253677078202
1 5 47 -1.0002574126667558
1 6 49 -0.46813457461968333
1 6 45 -0.9839521281098541
1 7 7 0.0
1 8 16 -1.1809619527981583
1 8 15 -0.36670117197867813
1 9 9 0.0
1 10 19 -1.3348616341114086
1 10 11 -0.30543145162775287
1 11 21 -1.2371135676129732
1 11 13 -0.34280122006314273
1 12 23 0.0
1 13 29 -1.015151809664708
1 13 30 -0.44996168598698216
1 14 25 0.0
1 15 33 -0.7209209997674991
1 15 34 -0.6661239467073174
1 16 27 0.0
2 0 0 0.0
2 1 4 0.0
2 3 39 0.0
2 4 37 -7.772816748959102
2 4 41 -0.21059361157380732
2 4 43 -1.6634941900207003
2 5 3 -0.4644095068637287
2 5 47 -0.9902228999917287
2 6 49 -0.5902262727314416
2 6 45 -0.8078890522410608
2 7 7 0.0
2 8 16 -1.1383890208004515
2 8 15 -0.38615474730350446
2 9 9 0.0
2 10 19 -1.3353772811084308
2 10 11 -0.3052473215677552
2 11 21 -1.2371179508506451
2 11 13 -0.34279942781243156
2 12 23 0.0
2 13 29 -1.0155964000177133
2 13 30 -0.4497091346319763
2 14 25 0.0
2 15 33 -0.7227050082823105
2 15 34 -0.6644379940361006
2 16 27 0.0
3 0 0 -0.1566632494864022
3 0 2 -1.9309658782209635
3 1 4 -0.6205888109037324
3 1 36 -0.7713850483731782
3 2 38 0.0
3 4 41 -1.0637293367840521
3 4 43 -0.4233737643647903
3 5 47 0.0
3 6 49 -0.9675169560628918
3 6 45 -0.47807691070777936
3 7 7 0.0
3 8 16 -0.7572258254377815
3 8 15 -0.6329285076169883
3 9 18 -0.8906178095766321
3 9 9 -0.5283145406419657
3 10 11 0.0
3 11 21 -1.2373543547445054
3 11 13 -0.3427027816295387
3 12 23 0.0
3 13 29 -1.7169473444295358
3 13 30 -0.19797984283792985
3 14 25 0.0
3 15 33 -0.7204489911387046
3 15 34 -0.6665709919222983
3 16 27 0.0
4 0 0 -0.20292648713889744
4 0 2 -1.694659531525172
4 1 36 0.0
4 2 5 -7.188787622397396
4 2 40 -7.552890746763274E-4
4 3 39 -2.037401071004751
4 3 42 -0.13968409405363083
4 5 47 0.0
4 6 49 -0.34720091686595667
4 6 45 -1.2264342968723703
4 7 7 0.0
4 8 16 -0.8579464223919051
4 8 15 -0.5517031256969547
4 9 9 0.0
4 10 19 -1.6325189246030722
4 10 11 -0.21745558769994208
4 11 21 -1.2383016407373244
4 11 13 -0.34231583669731075
4 12 23 0.0
4 13 29 -1.2138520788372118
4 13 30 -0.352470665123849
4 14 25 0.0
4 15 33 -0.717241808948594
4 15 34 -0.6696194703857765
4 16 27 0.0
5 0 2 0.0
5 1 1 -0.11106036159188608
5 1 36 -2.252697727463914
5 2 5 -0.28662070416020946
5 2 40 -1.3894852417958417
5 3 39 -0.187091089293552
5 3 42 -1.768247180550062
5 4 46 0.0
5 6 49 -1.3432947028254323
5 6 45 -0.302436227719736
5 7 7 0.0
5 8 16 -5.892718423293632
5 8 15 -0.002763279439946289
5 9 9 0.0
5 10 19 -0.6921082559205145
5 10 11 -0.6941871856864243
5 11 21 -0.43449754527760853
5 11 13 -1.0429599233069646
5 12 23 0.0
5 13 29 0.0
5 14 25 -0.5883337445947768
5 14 31 -0.8102467872173272
5 15 33 -0.4808873152888746
5 15 34 -0.9629489411031207
5 16 27 0.0
6 0 0 -0.4268343498350628
6 0 2 -1.0571967989016653
6 1 36 0.0
6 2 5 -5.649299439471974
6 2 38 -0.7743776441760915
6 2 40 -0.6245741349322851
6 3 44 0.0
6 4 48 -0.35537878071888346
6 4 43 -1.2070037346973246
6 5 47 0.0
6 7 7 0.0
6 8 16 -0.7102257718724403
6 8 15 -0.6763553764607074
6 9 18 -0.8926111652198876
6 9 9 -0.5269293648980724
6 10 11 0.0
6 11 21 -1.2372915201273387
6 11 13 -0.3427284664156654
6 12 23 0.0
6 13 29 -1.7199082209389223
6 13 30 -0.19733276312575573
6 14 25 0.0
6 15 33 -0.7236868605571176
6 15 34 -0.6635125994456157
6 16 27 0.0
7 0 2 0.0
7 1 1 -0.11473587348095762
7 1 36 -2.2219420280798334
7 2 5 -0.3156552089431632
7 2 40 -1.3067842260805846
7 3 39 -0.18934069151935892
7 3 42 -1.7573843320591427
7 4 46 0.0
7 5 6 0.0
7 6 49 -1.370962565228531
7 6 45 -0.29284535623670854
7 8 15 0.0
7 9 17 -0.0031476722321476303
7 9 9 -5.762665496531212
7 10 19 -0.39574725608799716
7 10 11 -1.1183359753669602
7 11 21 -0.5771071848253021
7 11 13 -0.8244419768904324
7 12 23 0.0
7 13 29 0.0
7 14 25 -0.5588604592291828
7 14 31 -0.8483058536268069
7 15 33 -0.615247233794975
7 15 34 -0.7776321090864069
7 16 27 0.0
8 0 2 0.0
8 1 1 -0.15439429431920745
8 1 36 -1.944449707097929
8 2 5 -0.309743150472416
8 2 40 -1.322889104098364
8 3 39 -0.3409195807587547
8 3 42 -1.7389528865278296
8 3 44 -2.1787791645338936
8 4 46 0.0
8 5 6 -0.01028821228247387
8 5 8 -4.581896173551687
8 6 49 -0.2955255466594038
8 6 10 -1.3631264387819602
8 7 14 0.0
8 9 17 0.0
8 10 19 0.0
8 11 21 -0.5242805107613783
8 11 13 -0.8964418684800614
8 12 23 0.0
8 13 29 0.0
8 14 25 -0.6691491920552433
8 14 31 -0.7177352625898005
8 15 33 -0.5364371537355938
8 15 34 -0.8790628633838685
8 16 27 0.0
9 0 2 0.0
9 1 1 -0.17229974658292013
9 1 36 -1.8434328186257964
9 2 5 -0.2915892981812649
9 2 40 -1.3746634557337654
9 3 39 -0.42123856290239775
9 3 42 -2.140870760441285
9 3 44 -1.4862736844586606
9 4 46 0.0
9 5 8 0.0
9 6 49 -0.5284372294817987
9 6 10 -0.890441576890848
9 7 7 -5.774357810828294
9 7 14 -0.0031110260079823975
9 8 16 0.0
9 10 19 0.0
9 11 21 -0.6793761441458034
9 11 13 -0.7071105095676056
9 12 23 0.0
9 13 29 0.0
9 14 25 -0.7047292829053015
9 14 31 -0.6816976888646462
9 15 33 -0.5149025269525149
9 15 34 -0.9102063733321291
9 16 27 0.0
10 0 2 0.0
10 1 1 -0.9918095246534473
10 1 36 -0.4634728760161075
10 2 5 -1.2530665596089483
10 2 38 -1.030869247775849
10 2 40 -1.0281286430280472
10 3 44 0.0
10 4 48 -0.6907146022389999
10 4 43 -0.6955856907508486
10 5 8 -0.34389908610100944
10 5 47 -1.23443363532261
10 6 10 0.0
10 7 7 -0.8047780566322016
10 7 14 -0.5927357900322883
10 8 16 0.0
10 9 18 0.0
10 11 21 -5.080983370279126E-4
10 11 13 -7.585089590704343
10 12 23 0.0
10 13 29 0.0
10 14 25 -1.4936863071998576
10 14 31 -0.25430325163266904
10 15 33 -0.2633819277993783
10 15 34 -1.4629523179038824
10 16 27 0.0
11 0 0 -0.45274291754212387
11 0 2 -1.0102761527539474
11 1 36 0.0
11 2 5 -2.0297258161584883
11 2 38 -0.8361292158673904
11 2 40 -0.8318493039240124
11 3 44 0.0
11 4 48 -0.6867927112728744
11 4 43 -0.6995422874952413
11 5 8 -0.5575209587844637
11 5 47 -0.8500978097073576
11 6 12 0.0
11 7 7 -0.5188719254691507
11 7 14 -0.9043413852363307
11 8 16 0.0
11 9 18 0.0
11 10 20 -3.9590113607869404E-4
11 10 11 -7.834543978283227
11 12 23 0.0
11 13 29 -2.6023406662425588
11 13 30 -0.0769889679353668
11 14 25 0.0
11 15 33 -2.0783186659367394
11 15 34 -0.1336919064210432
11 16 27 0.0
12 0 2 0.0
12 1 1 -0.9918215679894159
12 1 36 -0.46346577551574797
12 2 5 -1.2528841455213466
12 2 38 -1.0308357640982664
12 2 40 -1.0283077345985001
12 3 44 0.0
12 4 48 -0.6912723699627145
12 4 43 -0.6950255126751641
12 5 8 -0.34390738279057176
12 5 47 -1.2344134212933497
12 6 10 0.0
12 7 7 -0.8048728654098443
12 7 14 -0.5926591028958444
12 8 16 0.0
12 9 18 0.0
12 10 22 0.0
12 11 21 -7.288996735893784E-4
12 11 13 -7.224338885088357
12 13 29 0.0
12 14 25 -3.412095349798338
12 14 31 -0.033527869765102844
12 15 33 0.0
12 16 35 -0.13568119453130756
12 16 27 -2.0645209600773997
13 0 2 0.0
13 1 1 -1.5836808471045232
13 1 36 -0.22968782970698615
13 2 5 -2.0298669923363786
13 2 38 -0.8365721855091004
13 2 40 -0.8313658318415428
13 3 44 0.0
13 4 48 -0.6886947258849395
13 4 43 -0.6976195482825703
13 5 8 -0.3468146156044623
13 5 47 -1.2273655300009194
13 6 10 -0.9064894663021799
13 6 12 -0.5174135803003637
13 7 7 -0.7859110245188438
13 7 14 -0.6082627142687629
13 8 16 0.0
13 9 18 0.0
13 10 22 0.0
13 11 21 -2.1162167050322034
13 11 24 -0.12838648317240223
13 12 28 0.0
13 14 31 0.0
13 15 33 0.0
13 16 35 -0.2585868551249367
13 16 27 -1.4790324915406274
14 0 0 -0.45266448244747454
14 0 2 -1.010413143367679
14 1 36 0.0
14 2 5 -2.029618161446137
14 2 38 -0.8362441653584795
14 2 40 -0.8317673509443501
14 3 44 0.0
14 4 48 -0.6874570417858675
14 4 43 -0.6988698823899611
14 5 8 -0.5574739126426056
14 5 47 -0.8501608491595345
14 6 12 0.0
14 7 7 -0.5242648913094138
14 7 14 -0.8964645306623527
14 8 16 0.0
14 9 18 0.0
14 10 20 -0.0012624244178116295
14 10 11 -6.675352411490943
14 11 24 0.0
14 12 23 -3.4032251688575985
14 12 28 -0.03383170126617565
14 13 30 0.0
14 15 33 0.0
14 16 35 -0.10443502503315429
14 16 27 -2.3109532800186083
15 0 0 -0.4527095687076712
15 0 2 -1.0103343944691006
15 1 36 0.0
15 2 5 -2.0298277842173498
15 2 38 -0.8359047996939254
15 2 40 -0.8320420294082069
15 3 44 0.0
15 4 48 -0.6880916736713623
15 4 43 -0.698228375519639
15 5 8 -0.5574965770936827
15 5 47 -0.8501304790743374
15 6 12 0.0
15 7 7 -0.5208376768608517
15 7 14 -0.901458131771513
15 8 16 0.0
15 9 18 0.0
15 10 20 -0.0010083001691835048
15 10 11 -6.899993474497625
15 11 24 -1.1748194575129998
15 11 26 -0.36943419764553154
15 12 23 -3.2326093489127152
15 12 28 -0.04025383722561536
15 13 30 0.0
15 14 32 0.0
15 16 35 0.0
16 0 0 -0.45272868643884084
16 0 2 -1.0103010058595479
16 1 36 0.0
16 2 5 -2.029916494413889
16 2 38 -0.8357809968868692
16 2 40 -0.8321385901740982
16 3 44 0.0
16 4 48 -0.6879146704232664
16 4 43 -0.6984072139377199
16 5 8 -0.5575064901284191
16 5 47 -0.8501171962362157
16 6 12 0.0
16 7 7 -0.5196435596841418
16 7 14 -0.9032079282649127
16 8 16 0.0
16 9 18 0.0
16 10 20 -6.014128427330836E-4
16 10 11 -7.416529624260818
16 11 26 0.0
16 12 23 0.0
16 13 29 -2.964613706222367
16 13 30 -0.05295824868773835
16 14 32 -0.07765853648789546
16 14 25 -2.594011795503496
16 15 34 0.0
