0 1 1 0.0
0 2 5 0.0
0 3 39 -0.44442006712413723
0 3 42 -1.0249790532073564
0 4 37 -0.6192414943504978
0 4 41 -0.9550642449291287
0 4 46 -2.565770336507557
0 5 3 0.0
0 6 49 -0.8537904829051666
0 6 45 -0.554773835888484
0 7 7 0.0
0 8 16 -1.394230506621271
0 8 15 -0.28505062526786784
0 9 9 0.0
0 10 19 -0.6549205528088191
0 10 11 -0.7328933632218256
0 11 21 -0.5907644342402805
0 11 13 -0.8072204307620189
0 12 23 0.0
0 13 29 0.0
0 14 25 -0.9300153584000637
0 14 31 -0.5017794155422077
0 15 33 -0.5924702625145783
0 15 34 -0.8051063992666235
0 16 27 0.0
1 0 0 0.0
1 2 5 0.0
1 3 39 -0.5251087754284814
1 3 42 -0.8952413849435329
1 4 37 -0.2789436939703498
1 4 41 -1.4129772118283377
1 5 3 -0.07649036056143003
1 5 47 -2.6085919616851
1 6 49 -0.49986783330625606
1 6 45 -0.9329558979669027
1 7 7 0.0
1 8 16 -1.1599116714019848
1 8 15 -0.3761692606795022
1 9 9 0.0
1 10 19 -0.8259026875626096
1 10 11 -0.5759680279701082
1 11 21 -0.6358338068621664
1 11 13 -0.7539461609237686
1 12 23 0.0
1 13 29 -0.5190769539105303
1 13 30 -0.9040400073352768
1 14 25 0.0
1 15 33 -0.6933024709627147
1 15 34 -0.6929919142685409
1 16 27 0.0
2 0 0 0.0
2 1 4 0.0
2 3 39 0.0
2 4 37 -1.8690471152203327
2 4 41 -0.3433718450574827
2 4 43 -1.992493346409372
2 5 3 -0.09889255363195958
2 5 47 -2.3627601560510527
2 6 49 -0.5143675905040338
2 6 45 -0.9110011941179104
2 7 7 0.0
2 8 16 -1.0915918244583793
2 8 15 -0.40899390973109706
2 9 9 0.0
2 10 19 -0.8259820692692417
2 10 11 -0.5759062057600965
2 11 21 -0.6358410050912007
2 11 13 -0.7539380603108082
2 12 23 0.0
2 13 29 -0.5190871052014404
2 13 30 -0.9040250895909389
2 14 25 0.0
2 15 33 -0.6933018775140237
2 15 34 -0.6929925075333132
2 16 27 0.0
3 0 0 -0.14122079925934597
3 0 2 -2.0272102275006803
3 1 4 -0.6661825470553165
3 1 36 -0.7208591024130718
3 2 38 0.0
3 4 41 -0.7155036058594325
3 4 43 -0.6712796548820328
3 5 47 0.0
3 6 49 -0.5248312107135937
3 6 45 -0.8956434148644971
3 7 7 0.0
3 8 16 -1.9171259817100208
3 8 15 -0.1590296350977664
3 9 18 -7.960643002780451
3 9 9 -3.489895729757641E-4
3 10 11 0.0
3 11 21 -0.5923915318818072
3 11 13 -0.8052037924783029
3 12 23 0.0
3 13 29 -0.48973154411862735
3 13 30 -0.9487903686416016
3 14 25 0.0
3 15 33 -0.6933068622247295
3 15 34 -0.6929875243893245
3 16 27 0.0
4 0 0 -0.11652752658131421
4 0 2 -2.207325803830367
4 1 36 0.0
4 2 5 -1.6318668223450523
4 2 40 -0.21761405422160926
4 3 39 -0.9272638331469978
4 3 42 -0.5035765509619753
4 5 47 0.0
4 6 49 -0.4822157616313121
4 6 45 -0.9608013783445878
4 7 7 0.0
4 8 16 -0.9810993951668523
4 8 15 -0.4698415789745783
4 9 9 0.0
4 10 19 -0.9990766524443999
4 10 11 -0.4592129048880323
4 11 21 -0.6858621775099042
4 11 13 -0.7004856445809329
4 12 23 0.0
4 13 29 -0.5564349489582158
4 13 30 -0.8515547791742496
4 14 25 0.0
4 15 33 -0.693294394808801
4 15 34 -0.6929999879799346
4 16 27 0.0
5 0 2 0.0
5 1 1 -0.08766359125591607
5 1 36 -2.477760228565786
5 2 5 -0.15321610141649167
5 2 40 -1.9515360363151144
5 3 39 -0.2533309399775174
5 3 42 -1.4970514569378621
5 4 46 0.0
5 6 49 -0.8132292836036062
5 6 45 -0.5859512091372567
5 7 7 0.0
5 8 16 -1.8968175924842694
5 8 15 -0.16257230235622222
5 9 9 0.0
5 10 19 -0.5152173456129916
5 10 11 -0.909739102238946
5 11 21 -0.5549037439061504
5 11 13 -0.8536153244965048
5 12 23 0.0
5 13 29 0.0
5 14 25 -0.9311508567598019
5 14 31 -0.5010401526305454
5 15 33 -0.592092477856359
5 15 34 -0.8055738916788965
5 16 27 0.0
6 0 0 -0.12021039726259682
6 0 2 -2.178014926236958
6 1 36 0.0
6 2 5 -1.072650263842883
6 2 38 -1.215004228093598
6 2 40 -1.0183495311213637
6 3 44 0.0
6 4 48 -0.48544901113532934
6 4 43 -0.9556055396548352
6 5 47 0.0
6 7 7 0.0
6 8 16 -1.0310570612418712
6 8 15 -0.4410349533022142
6 9 18 -1.4679457119610324
6 9 9 -0.26188217569255173
6 10 11 0.0
6 11 21 -0.6334272749300538
6 11 13 -0.7566613452016755
6 12 23 0.0
6 13 29 -0.37613971012509095
6 13 30 -1.1599763798681495
6 14 25 0.0
6 15 33 -0.7181682516140723
6 15 34 -0.6687369116656801
6 16 27 0.0
7 0 2 0.0
7 1 1 -0.12335341513389085
7 1 36 -2.1537445350867066
7 2 5 -0.18557538911977803
7 2 40 -1.7756472492416107
7 3 39 -0.26080040254099945
7 3 42 -1.4715676759199579
7 4 46 0.0
7 5 6 0.0
7 6 49 -0.8133206760833874
7 6 45 -0.5858784027984291
7 8 15 0.0
7 9 17 -0.08634696778759009
7 9 9 -2.492244435286416
7 10 19 -0.514897480467419
7 10 11 -0.910213866578242
7 11 21 -0.5547347722067367
7 11 13 -0.8538431639494108
7 12 23 0.0
7 13 29 0.0
7 14 25 -0.9312981215033121
7 14 31 -0.5009443778192931
7 15 33 -0.5920282016067899
7 15 34 -0.8056534701454073
7 16 27 0.0
8 0 2 0.0
8 1 1 -0.09956153983227609
8 1 36 -2.356347118413312
8 2 5 -0.18272999324819103
8 2 40 -1.7897197855207627
8 3 39 -0.28998268889230466
8 3 42 -1.3805932058657486
8 3 44 -8.13152408392339
8 4 46 0.0
8 5 6 -0.07750646275306786
8 5 8 -2.595896897486007
8 6 49 -0.25868022033139537
8 6 10 -1.4787161699009026
8 7 14 0.0
8 9 17 0.0
8 10 19 0.0
8 11 21 -0.41587386487512806
8 11 13 -1.0781142696412922
8 12 23 0.0
8 13 29 0.0
8 14 25 -1.0868142155247553
8 14 31 -0.41141675654429355
8 15 33 -0.5396501010603194
8 15 34 -0.8745544139864798
8 16 27 0.0
9 0 2 0.0
9 1 1 -0.08758998532363686
9 1 36 -2.478563956564346
9 2 5 -0.1874363472920302
9 2 40 -1.7665707249505014
9 3 39 -0.3137096223218883
9 3 42 -1.312866203161635
9 3 44 -8.417302201581364
9 4 46 0.0
9 5 8 0.0
9 6 49 -0.2588888570071603
9 6 10 -1.478009776179471
9 7 7 -1.9749572285986228
9 7 14 -0.1493904828468533
9 8 16 0.0
9 10 19 0.0
9 11 21 -0.41570936508455486
9 11 13 -1.0784333335682204
9 12 23 0.0
9 13 29 0.0
9 14 25 -1.0869208238962456
9 14 31 -0.4113625021412929
9 15 33 -0.5396113257093937
9 15 34 -0.8746086169487485
9 16 27 0.0
10 0 2 0.0
10 1 1 -0.8733052649098636
10 1 36 -0.5405447089024041
10 2 5 -1.205528666255918
10 2 38 -1.0569691863652562
10 2 40 -1.041403519218104
10 3 44 0.0
10 4 48 -0.6775516891133907
10 4 43 -0.7089897497458469
10 5 8 -0.49665122378172577
10 5 47 -0.937936316041197
10 6 10 0.0
10 7 7 -0.8134400660804522
10 7 14 -0.5857833106973829
10 8 16 0.0
10 9 18 0.0
10 11 21 -0.03966264210404908
10 11 13 -3.2471113142767085
10 12 23 0.0
10 13 29 0.0
10 14 25 -2.6856346095322343
10 14 31 -0.0706133772732787
10 15 33 -0.18304856660888047
10 15 34 -1.7881323272314058
10 16 27 0.0
11 0 0 -0.5889059762585054
11 0 2 -0.8095328365548576
11 1 36 0.0
11 2 5 -1.093708716465656
11 2 38 -1.1087369945652654
11 2 40 -1.0934675364131714
11 3 44 0.0
11 4 48 -0.6778738892263707
11 4 43 -0.7086573681842507
11 5 8 -0.6481641622314396
11 5 47 -0.740249371753629
11 6 12 0.0
11 7 7 -0.7177362664237298
11 7 14 -0.6691482358287266
11 8 16 0.0
11 9 18 0.0
11 10 20 -0.030837302997487305
11 10 11 -3.49440921489817
11 12 23 0.0
11 13 29 -2.4337846177296307
11 13 30 -0.09179108326708922
11 14 25 0.0
11 15 33 -1.032645581382029
11 15 34 -0.4401554985550981
11 16 27 0.0
12 0 2 0.0
12 1 1 -0.8730132384694008
12 1 36 -0.5407541273759503
12 2 5 -1.2052765327840504
12 2 38 -1.0570753530175776
12 2 40 -1.0415130003368234
12 3 44 0.0
12 4 48 -0.6775605465014293
12 4 43 -0.7089806095576177
12 5 8 -0.4969271177772058
12 5 47 -0.9375075336827676
12 6 10 0.0
12 7 7 -0.8132065707134369
12 7 14 -0.5859693048481331
12 8 16 0.0
12 9 18 0.0
12 10 22 0.0
12 11 21 -0.07543811181394072
12 11 13 -2.6219246159024494
12 13 29 0.0
12 14 25 -3.100337206314683
12 14 31 -0.04607955597233071
12 15 33 0.0
12 16 35 -0.10259664443122228
12 16 27 -2.3278098264994282
13 0 2 0.0
13 1 1 -0.7590814951483272
13 1 36 -0.6312925921236705
13 2 5 -1.1360029008155996
13 2 38 -1.0881562330063452
13 2 40 -1.072760052592362
13 3 44 0.0
13 4 48 -0.6777476842427825
13 4 43 -0.708787535296516
13 5 8 -0.4254138823675536
13 5 47 -1.059870317008293
13 6 10 -0.32985621584129216
13 6 12 -1.2694970936905208
13 7 7 -0.8695939741423855
13 7 14 -0.5432139914821021
13 8 16 0.0
13 9 18 0.0
13 10 22 0.0
13 11 21 -2.3934114398244826
13 11 24 -0.09575967084971145
13 12 28 0.0
13 14 31 0.0
13 15 33 0.0
13 16 35 -0.1906319353249856
13 16 27 -1.7512129872527848
14 0 0 -0.5888935877713531
14 0 2 -0.8095482834552882
14 1 36 0.0
14 2 5 -1.093713955061198
14 2 38 -1.108732433963742
14 2 40 -1.0934667905977402
14 3 44 0.0
14 4 48 -0.6778718848121408
14 4 43 -0.7086594352650668
14 5 8 -0.6482418255597076
14 5 47 -0.7401642240886513
14 6 12 0.0
14 7 7 -0.7176979169324291
14 7 14 -0.6691847679048755
14 8 16 0.0
14 9 18 0.0
14 10 20 -0.04004439787448523
14 10 11 -3.2377218786300013
14 11 24 0.0
14 12 23 -2.7158432923957045
14 12 28 -0.06843853916564056
14 13 30 0.0
14 15 33 0.0
14 16 35 -0.21591633415135933
14 16 27 -1.6388807150942337
15 0 0 -0.5889043493591739
15 0 2 -0.8095348650711603
15 1 36 0.0
15 2 5 -1.0937109349798215
15 2 38 -1.1087339727591128
15 2 40 -1.093468294456548
15 3 44 0.0
15 4 48 -0.6778715489581192
15 4 43 -0.7086597816201492
15 5 8 -0.6482067660100872
15 5 47 -0.7402026605752378
15 6 12 0.0
15 7 7 -0.7177048378968
15 7 14 -0.6691781747286178
15 8 16 0.0
15 9 18 0.0
15 10 20 -0.05031628471841706
15 10 11 -3.014479158312435
15 11 24 -1.412701673701822
15 11 26 -0.27903235980143615
15 12 23 -2.5466402109785116
15 12 28 -0.08158370995386953
15 13 30 0.0
15 14 32 0.0
15 16 35 0.0
16 0 0 -0.5889065905915981
16 0 2 -0.8095320705691984
16 1 36 0.0
16 2 5 -1.093711934845421
16 2 38 -1.108733782377171
16 2 40 -1.093467482332077
16 3 44 0.0
16 4 48 -0.6778712314356246
16 4 43 -0.7086601090707544
16 5 8 -0.6481801177231212
16 5 47 -0.7402318775157845
16 6 12 0.0
16 7 7 -0.7177198143413436
16 7 14 -0.6691639078978225
16 8 16 0.0
16 9 18 0.0
16 10 20 -0.04783068586633919
16 10 11 -3.063907902536851
16 11 26 0.0
16 12 23 0.0
16 13 29 -2.454403192809176
16 13 30 -0.089831117277496
16 14 32 -0.14594545610290702
16 14 25 -1.9966076977689393
16 15 34 0.0
