0 1 1 0.0
0 2 5 0.0
0 3 39 0.0
0 3 42 -Infinity
0 4 37 0.0
0 4 41 -Infinity
0 4 46 -Infinity
0 5 3 0.0
0 6 49 0.0
0 6 45 -Infinity
0 7 7 0.0
0 8 16 0.0
0 8 15 -Infinity
0 9 9 0.0
0 10 19 0.0
0 10 11 -Infinity
0 11 21 0.0
0 11 13 -Infinity
0 12 23 0.0
0 13 29 0.0
0 14 25 -Infinity
0 14 31 0.0
0 15 34 -Infinity
0 15 33 0.0
0 16 27 0.0
1 0 0 0.0
1 2 5 0.0
1 3 39 0.0
1 3 42 -Infinity
1 4 37 0.0
1 4 41 -Infinity
1 5 3 0.0
1 5 47 -Infinity
1 6 49 -0.07522342123758727
1 6 45 -2.6246685921631627
1 7 7 0.0
1 8 16 0.0
1 8 15 -Infinity
1 9 9 0.0
1 10 19 -Infinity
1 10 11 0.0
1 11 21 0.0
1 11 13 -Infinity
1 12 23 0.0
1 13 29 -Infinity
1 13 30 0.0
1 14 25 0.0
1 15 34 -Infinity
1 15 33 0.0
1 16 27 0.0
2 0 0 0.0
2 1 4 0.0
2 3 39 0.0
2 4 37 -Infinity
2 4 43 -Infinity
2 4 41 0.0
2 5 3 -Infinity
2 5 47 0.0
2 6 49 -Infinity
2 6 45 0.0
2 7 7 0.0
2 8 16 -Infinity
2 8 15 0.0
2 9 9 0.0
2 10 19 -Infinity
2 10 11 0.0
2 11 21 -Infinity
2 11 13 0.0
2 12 23 0.0
2 13 29 -Infinity
2 13 30 0.0
2 14 25 0.0
2 15 34 -Infinity
2 15 33 0.0
2 16 27 0.0
3 0 0 -Infinity
3 0 2 0.0
3 1 4 -Infinity
3 1 36 0.0
3 2 38 0.0
3 4 43 0.0
3 4 41 -Infinity
3 5 47 0.0
3 6 49 -Infinity
3 6 45 0.0
3 7 7 0.0
3 8 16 -Infinity
3 8 15 0.0
3 9 18 -Infinity
3 9 9 0.0
3 10 11 0.0
3 11 21 0.0
3 11 13 -Infinity
3 12 23 0.0
3 13 29 0.0
3 13 30 -Infinity
3 14 25 0.0
3 15 34 -Infinity
3 15 33 0.0
3 16 27 0.0
4 0 0 -0.35667494393872956
4 0 2 -1.2039728043259426
4 1 36 0.0
4 2 5 -Infinity
4 2 40 0.0
4 3 39 -Infinity
4 3 42 0.0
4 5 47 0.0
4 6 49 -Infinity
4 6 45 0.0
4 7 7 0.0
4 8 16 0.0
4 8 15 -Infinity
4 9 9 0.0
4 10 19 -Infinity
4 10 11 0.0
4 11 21 -Infinity
4 11 13 0.0
4 12 23 0.0
4 13 29 -Infinity
4 13 30 0.0
4 14 25 0.0
4 15 34 0.0
4 15 33 -Infinity
4 16 27 0.0
5 0 2 0.0
5 1 1 0.0
5 1 36 -Infinity
5 2 5 -Infinity
5 2 40 0.0
5 3 39 -Infinity
5 3 42 0.0
5 4 46 0.0
5 6 49 0.0
5 6 45 -Infinity
5 7 7 0.0
5 8 16 0.0
5 8 15 -Infinity
5 9 9 0.0
5 10 19 -0.5240708505160103
5 10 11 -0.8967461358011865
5 11 21 0.0
5 11 13 -Infinity
5 12 23 0.0
5 13 29 0.0
5 14 25 0.0
5 14 31 -Infinity
5 15 34 -Infinity
5 15 33 0.0
5 16 27 0.0
6 0 0 -Infinity
6 0 2 0.0
6 1 36 0.0
6 2 38 0.0
6 2 5 -Infinity
6 2 40 -Infinity
6 3 44 0.0
6 4 48 0.0
6 4 43 -Infinity
6 5 47 0.0
6 7 7 0.0
6 8 16 0.0
6 8 15 -Infinity
6 9 18 -Infinity
6 9 9 0.0
6 10 11 0.0
6 11 21 -1.704748092238418
6 11 13 -0.20067069546215272
6 12 23 0.0
6 13 29 0.0
6 13 30 -Infinity
6 14 25 0.0
6 15 34 0.0
6 15 33 -Infinity
6 16 27 0.0
7 0 2 0.0
7 1 1 0.0
7 1 36 -Infinity
7 2 5 0.0
7 2 40 -Infinity
7 3 39 -Infinity
7 3 42 0.0
7 4 46 0.0
7 5 6 0.0
7 6 49 -Infinity
7 6 45 0.0
7 8 15 0.0
7 9 17 -Infinity
7 9 9 0.0
7 10 19 0.0
7 10 11 -Infinity
7 11 21 0.0
7 11 13 -Infinity
7 12 23 0.0
7 13 29 0.0
7 14 25 -Infinity
7 14 31 0.0
7 15 34 0.0
7 15 33 -Infinity
7 16 27 0.0
8 0 2 0.0
8 1 1 -Infinity
8 1 36 0.0
8 2 5 -Infinity
8 2 40 0.0
8 3 39 -Infinity
8 3 42 0.0
8 3 44 -Infinity
8 4 46 0.0
8 5 6 -Infinity
8 5 8 0.0
8 6 49 -0.7985076962177666
8 6 10 -0.5978370007556246
8 7 14 0.0
8 9 17 0.0
8 10 19 0.0
8 11 21 -Infinity
8 11 13 0.0
8 12 23 0.0
8 13 29 0.0
8 14 25 -Infinity
8 14 31 0.0
8 15 34 -Infinity
8 15 33 0.0
8 16 27 0.0
9 0 2 0.0
9 1 1 0.0
9 1 36 -Infinity
9 2 5 0.0
9 2 40 -Infinity
9 3 39 -Infinity
9 3 42 0.0
9 3 44 -Infinity
9 4 46 0.0
9 5 8 0.0
9 6 49 -Infinity
9 6 10 0.0
9 7 7 -Infinity
9 7 14 0.0
9 8 16 0.0
9 10 19 0.0
9 11 21 0.0
9 11 13 -Infinity
9 12 23 0.0
9 13 29 0.0
9 14 25 -Infinity
9 14 31 0.0
9 15 34 0.0
9 15 33 -Infinity
9 16 27 0.0
10 0 2 0.0
10 1 1 -Infinity
10 1 36 0.0
10 2 38 -Infinity
10 2 5 -Infinity
10 2 40 0.0
10 3 44 0.0
10 4 48 0.0
10 4 43 -Infinity
10 5 8 -Infinity
10 5 47 0.0
10 6 10 0.0
10 7 7 0.0
10 7 14 -Infinity
10 8 16 0.0
10 9 18 0.0
10 11 21 0.0
10 11 13 -Infinity
10 12 23 0.0
10 13 29 0.0
10 14 25 -Infinity
10 14 31 0.0
10 15 34 0.0
10 15 33 -Infinity
10 16 27 0.0
11 0 0 -Infinity
11 0 2 0.0
11 1 36 0.0
11 2 38 -Infinity
11 2 5 -Infinity
11 2 40 0.0
11 3 44 0.0
11 4 48 0.0
11 4 43 -Infinity
11 5 8 -Infinity
11 5 47 0.0
11 6 12 0.0
11 7 7 -Infinity
11 7 14 0.0
11 8 16 0.0
11 9 18 0.0
11 10 20 0.0
11 10 11 -Infinity
11 12 23 0.0
11 13 29 -Infinity
11 13 30 0.0
11 14 25 0.0
11 15 34 0.0
11 15 33 -Infinity
11 16 27 0.0
12 0 2 0.0
12 1 1 -Infinity
12 1 36 0.0
12 2 38 0.0
12 2 5 -Infinity
12 2 40 -Infinity
12 3 44 0.0
12 4 48 -Infinity
12 4 43 0.0
12 5 8 0.0
12 5 47 -Infinity
12 6 10 0.0
12 7 7 -Infinity
12 7 14 0.0
12 8 16 0.0
12 9 18 0.0
12 10 22 0.0
12 11 21 0.0
12 11 13 -Infinity
12 13 29 0.0
12 14 25 -Infinity
12 14 31 0.0
12 15 33 0.0
12 16 35 0.0
12 16 27 -Infinity
13 0 2 0.0
13 1 1 0.0
13 1 36 -Infinity
13 2 38 -Infinity
13 2 5 -Infinity
13 2 40 0.0
13 3 44 0.0
13 4 48 0.0
13 4 43 -Infinity
13 5 8 0.0
13 5 47 -Infinity
13 6 10 -Infinity
13 6 12 0.0
13 7 7 0.0
13 7 14 -Infinity
13 8 16 0.0
13 9 18 0.0
13 10 22 0.0
13 11 21 -Infinity
13 11 24 0.0
13 12 28 0.0
13 14 31 0.0
13 15 33 0.0
13 16 35 -Infinity
13 16 27 0.0
14 0 0 0.0
14 0 2 -Infinity
14 1 36 0.0
14 2 38 0.0
14 2 5 -Infinity
14 2 40 -Infinity
14 3 44 0.0
14 4 48 -Infinity
14 4 43 0.0
14 5 8 0.0
14 5 47 -Infinity
14 6 12 0.0
14 7 7 -Infinity
14 7 14 0.0
14 8 16 0.0
14 9 18 0.0
14 10 20 0.0
14 10 11 -Infinity
14 11 24 0.0
14 12 23 0.0
14 12 28 -Infinity
14 13 30 0.0
14 15 33 0.0
14 16 35 -Infinity
14 16 27 0.0
15 0 0 -Infinity
15 0 2 0.0
15 1 36 0.0
15 2 38 -Infinity
15 2 5 -Infinity
15 2 40 0.0
15 3 44 0.0
15 4 48 0.0
15 4 43 -Infinity
15 5 8 0.0
15 5 47 -Infinity
15 6 12 0.0
15 7 7 0.0
15 7 14 -Infinity
15 8 16 0.0
15 9 18 0.0
15 10 20 0.0
15 10 11 -Infinity
15 11 24 -Infinity
15 11 26 0.0
15 12 23 0.0
15 12 28 -Infinity
15 13 30 0.0
15 14 32 0.0
15 16 35 0.0
16 0 0 0.0
16 0 2 -Infinity
16 1 36 0.0
16 2 38 0.0
16 2 5 -Infinity
16 2 40 -Infinity
16 3 44 0.0
16 4 48 0.0
16 4 43 -Infinity
16 5 8 0.0
16 5 47 -Infinity
16 6 12 0.0
16 7 7 -Infinity
16 7 14 0.0
16 8 16 0.0
16 9 18 0.0
16 10 20 0.0
16 10 11 -Infinity
16 11 26 0.0
16 12 23 0.0
16 13 29 0.0
16 13 30 -Infinity
16 14 32 -Infinity
16 14 25 0.0
16 15 34 0.0
