0 1 1 0.0
0 2 5 0.0
0 3 39 -0.9617627462849234
0 3 42 -0.48162050459706474
0 4 37 -0.7350003737713263
0 4 41 -1.2034901159879026
0 4 46 -1.5125386377499983
0 5 3 0.0
0 6 49 -0.6040409868661912
0 6 45 -0.7909769466963819
0 7 7 0.0
0 8 16 -1.0465784052745193
0 8 15 -0.4325339020524507
0 9 9 0.0
0 10 19 -1.2240840364916024
0 10 11 -0.348178137008762
0 11 21 -1.0801410019680426
0 11 13 -0.41483029294815943
0 12 23 0.0
0 13 29 0.0
0 14 25 -0.3460827351666008
0 14 31 -1.2291332003050741
0 15 33 -0.6482147222176332
0 15 34 -0.7401939377777221
0 16 27 0.0
1 0 0 0.0
1 2 5 0.0
1 3 39 -0.9550174103781499
1 3 42 -0.48581671142536254
1 4 37 -0.42902962177134735
1 4 41 -1.0530864206815067
1 5 3 -0.5579326388784316
1 5 47 -0.8495464750906092
1 6 49 -0.6754395306615815
1 6 45 -0.7111740524866811
1 7 7 0.0
1 8 16 -0.9911743849421994
1 8 15 -0.463847533882606
1 9 9 0.0
1 10 19 -1.5081754306578885
1 10 11 -0.2501466394405558
1 11 21 -1.3024444497143737
1 11 13 -0.3172707535821952
1 12 23 0.0
1 13 29 -1.450119859390992
1 13 30 -0.26728115923204104
1 14 25 0.0
1 15 33 -0.7366525234749401
1 15 34 -0.6514559050528373
1 16 27 0.0
2 0 0 0.0
2 1 4 0.0
2 3 39 0.0
2 4 37 -3.5732401690680247
2 4 41 -0.3855236511859518
2 4 43 -1.2315467702002145
2 5 3 -0.762189365338878
2 5 47 -0.6285655122866366
2 6 49 -0.487315573427617
2 6 45 -0.9526258130530042
2 7 7 0.0
2 8 16 -1.125073461058057
2 8 15 -0.39249254521919386
2 9 9 0.0
2 10 19 -1.6022485122050003
2 10 11 -0.2249490066713266
2 11 21 -1.294768612691651
2 11 13 -0.3201518883833115
2 12 23 0.0
2 13 29 -1.492501428504866
2 13 30 -0.2546466107188861
2 14 25 0.0
2 15 33 -0.7425010044254212
2 15 34 -0.6461150225743736
2 16 27 0.0
3 0 0 -0.2631201932511544
3 0 2 -1.4638214252081807
3 1 4 -0.8130183957689352
3 1 36 -0.5861192551447483
3 2 38 0.0
3 4 41 -1.2822114263569824
3 4 43 -0.3249314574530564
3 5 47 0.0
3 6 49 -1.259502360168757
3 6 45 -0.33378914616821026
3 7 7 0.0
3 8 16 -0.5288508738083005
3 8 15 -0.8898477979372866
3 9 18 -0.8412832914117786
3 9 9 -0.5641505741633099
3 10 11 0.0
3 11 21 -1.2950466192061179
3 11 13 -0.3200470063337827
3 12 23 0.0
3 13 29 -1.9726720994484812
3 13 30 -0.14975916621508287
3 14 25 0.0
3 15 33 -0.7294592430713542
3 15 34 -0.6581076119674771
3 16 27 0.0
4 0 0 -0.6057289685163946
4 0 2 -0.7889457810092471
4 1 36 0.0
4 2 5 -3.5721454606421013
4 2 40 -0.028497741858810897
4 3 39 -1.259892453139003
4 3 42 -0.33363461441850334
4 5 47 0.0
4 6 49 -0.12591701513934567
4 6 45 -2.134430164902629
4 7 7 0.0
4 8 16 -0.8611251746276024
4 8 15 -0.5493693454598646
4 9 9 0.0
4 10 19 -1.8578239351823727
4 10 11 -0.16961670977288065
4 11 21 -1.2950165308308395
4 11 13 -0.3200583556784058
4 12 23 0.0
4 13 29 -1.6566720723163821
4 13 30 -0.2116755644541182
4 14 25 0.0
4 15 33 -0.7321804247281769
4 15 34 -0.6555804663123297
4 16 27 0.0
5 0 2 0.0
5 1 1 -0.20060008791511685
5 1 36 -1.705065887909247
5 2 5 -0.4333547512911252
5 2 40 -1.0450633367645308
5 3 39 -0.2502627655054345
5 3 42 -1.5077669507005662
5 4 46 0.0
5 6 49 -1.0546054787712569
5 6 45 -0.42821670963644637
5 7 7 0.0
5 8 16 -5.007987112778783
5 8 15 -0.006706784892022588
5 9 9 0.0
5 10 19 -0.5301564205591197
5 10 11 -0.8879776249956514
5 11 21 -0.2913220983725519
5 11 13 -1.3754531132194021
5 12 23 0.0
5 13 29 0.0
5 14 25 -0.5209580584146499
5 14 31 -0.9012820165375335
5 15 33 -0.7015824840631564
5 15 34 -0.6847824366254321
5 16 27 0.0
6 0 0 -0.6607927314133161
6 0 2 -0.7265835423027315
6 1 36 0.0
6 2 5 -3.251756481889764
6 2 38 -0.6113227066117046
6 2 40 -0.8706933062292964
6 3 44 0.0
6 4 48 -0.20561388996696847
6 4 43 -1.682801209997102
6 5 47 0.0
6 7 7 0.0
6 8 16 -0.5121146015064797
6 8 15 -0.9143603751638418
6 9 18 -0.7780269710899662
6 9 9 -0.6149116786653402
6 10 11 0.0
6 11 21 -1.2947385581125332
6 11 13 -0.32016322932125735
6 12 23 0.0
6 13 29 -2.1061220832220755
6 13 30 -0.1297773392912193
6 14 25 0.0
6 15 33 -0.7406462239998064
6 15 34 -0.6478023593635827
6 16 27 0.0
7 0 2 0.0
7 1 1 -0.19946421475733805
7 1 36 -1.7101953411761033
7 2 5 -0.43357159733313555
7 2 40 -1.0446636872493698
7 3 39 -0.2448518569193448
7 3 42 -1.5270310742556648
7 4 46 0.0
7 5 6 0.0
7 6 49 -1.0415466965606626
7 6 45 -0.4352674448531849
7 8 15 0.0
7 9 17 -0.006619048014812699
7 9 9 -5.021111422299572
7 10 19 -0.41624648787497126
7 10 11 -1.0773920999240514
7 11 21 -0.40473253395414893
7 11 13 -1.100079048939216
7 12 23 0.0
7 13 29 0.0
7 14 25 -0.5113939795760897
7 14 31 -0.9154388033785147
7 15 33 -0.7220571362292642
7 15 34 -0.6650495802572713
7 16 27 0.0
8 0 2 0.0
8 1 1 -0.2272817379181899
8 1 36 -1.593054315097119
8 2 5 -0.5227196374285847
8 2 40 -0.8987108286572182
8 3 39 -0.6123999481702836
8 3 42 -1.5512551025300798
8 3 44 -1.402546379209216
8 4 46 0.0
8 5 6 -0.00771131253583073
8 5 8 -4.868920046373696
8 6 49 -0.5975438245958535
8 6 10 -0.7988661393998617
8 7 14 0.0
8 9 17 0.0
8 10 19 0.0
8 11 21 -0.7611371289698523
8 11 13 -0.6294870429892877
8 12 23 0.0
8 13 29 0.0
8 14 25 -0.5049530690497844
8 14 31 -0.925164737607074
8 15 33 -0.6501269560289861
8 15 34 -0.738101668977288
8 16 27 0.0
9 0 2 0.0
9 1 1 -0.22204101069971358
9 1 36 -1.6138602712070536
9 2 5 -0.5011490358645043
9 2 40 -0.9309834797798627
9 3 39 -0.6910081700750925
9 3 42 -2.0378491918100874
9 3 44 -0.9979871543779628
9 4 46 0.0
9 5 8 0.0
9 6 49 -0.6149006838430654
9 6 10 -0.7780399140462135
9 7 7 -5.004468518464317
9 7 14 -0.006730504645744106
9 8 16 0.0
9 10 19 0.0
9 11 21 -0.7789406134397446
9 11 13 -0.6141362008697013
9 12 23 0.0
9 13 29 0.0
9 14 25 -0.5156918233441307
9 14 31 -0.9090355462819355
9 15 33 -0.6085212930091984
9 15 34 -0.7856022643285702
9 16 27 0.0
10 0 2 0.0
10 1 1 -0.9014267758961343
10 1 36 -0.5208591071992479
10 2 5 -1.9447403888214443
10 2 38 -0.8145444124319412
10 2 40 -0.8815641974272835
10 3 44 0.0
10 4 48 -0.5705389785416243
10 4 43 -0.8329167668905769
10 5 8 -0.4197644671535597
10 5 47 -1.0706127426464447
10 6 10 0.0
10 7 7 -0.7951847400615851
10 7 14 -0.6005640202099567
10 8 16 0.0
10 9 18 0.0
10 11 21 -0.0028790615812837677
10 11 13 -5.8517300631795
10 12 23 0.0
10 13 29 0.0
10 14 25 -1.5334276628170285
10 14 31 -0.243084464629091
10 15 33 -0.19254010436119903
10 15 34 -1.7421766878756013
10 16 27 0.0
11 0 0 -0.6610711458120908
11 0 2 -0.7262862803876515
11 1 36 0.0
11 2 5 -2.4546816079424167
11 2 38 -0.7013758514195789
11 2 40 -0.8717789544481572
11 3 44 0.0
11 4 48 -0.5707134462903699
11 4 43 -0.8326900012475976
11 5 8 -0.5310335469768318
11 5 47 -0.8867244856378056
11 6 12 0.0
11 7 7 -0.5048834805868166
11 7 14 -0.9252706802905037
11 8 16 0.0
11 9 18 0.0
11 10 20 -0.0028715693211614204
11 10 11 -5.854332037934841
11 12 23 0.0
11 13 29 -2.45353305781709
11 13 30 -0.08991293977999174
11 14 25 0.0
11 15 33 -1.4327051641459818
11 15 34 -0.27267842836016287
11 16 27 0.0
12 0 2 0.0
12 1 1 -0.901386776446519
12 1 36 -0.5208864466760724
12 2 5 -1.944331736627085
12 2 38 -0.8148785019162905
12 2 40 -0.8813481927808865
12 3 44 0.0
12 4 48 -0.5708123180107085
12 4 43 -0.8325615324390055
12 5 8 -0.419712682196894
12 5 47 -1.0707120305262086
12 6 10 0.0
12 7 7 -0.7955387863108251
12 7 14 -0.6002726821992619
12 8 16 0.0
12 9 18 0.0
12 10 22 0.0
12 11 21 -0.002981040585044648
12 11 13 -5.816972999822424
12 13 29 0.0
12 14 25 -2.443011734242928
12 14 31 -0.09090849658801567
12 15 33 0.0
12 16 35 -0.1093518043051075
12 16 27 -2.2673627411330175
13 0 2 0.0
13 1 1 -1.2087539878323612
13 1 36 -0.35463284251522154
13 2 5 -2.45380255851765
13 2 38 -0.7014906322985864
13 2 40 -0.871823474930403
13 3 44 0.0
13 4 48 -0.5706916762861997
13 4 43 -0.8327182919906952
13 5 8 -0.34730460980582795
13 5 47 -1.2261845393133846
13 6 10 -1.0447350105172537
13 6 12 -0.4335328882024976
13 7 7 -0.8649635358884552
13 7 14 -0.5465683627977209
13 8 16 0.0
13 9 18 0.0
13 10 22 0.0
13 11 21 -2.392802367002159
13 11 24 -0.09582089986815367
13 12 28 0.0
13 14 31 0.0
13 15 33 0.0
13 16 35 -0.5511484987862778
13 16 27 -0.8587002722182628
14 0 0 -0.6610861817757038
14 0 2 -0.7262702314204641
14 1 36 0.0
14 2 5 -2.4546993178915097
14 2 38 -0.7012898717229021
14 2 40 -0.8718772797026466
14 3 44 0.0
14 4 48 -0.5706479982499569
14 4 43 -0.8327750571196215
14 5 8 -0.5310288355161155
14 5 47 -0.8867312097146729
14 6 12 0.0
14 7 7 -0.521640220589101
14 7 14 -0.9002850155339832
14 8 16 0.0
14 9 18 0.0
14 10 20 -0.004255401904783797
14 10 11 -5.461693013143013
14 11 24 0.0
14 12 23 -2.4404647491301885
14 12 28 -0.0911512284823238
14 13 30 0.0
14 15 33 0.0
14 16 35 -0.2291800810205996
14 16 27 -1.585649722497054
15 0 0 -0.6610944121527164
15 0 2 -0.7262614467574178
15 1 36 0.0
15 2 5 -2.4549637491873773
15 2 38 -0.7012785774259178
15 2 40 -0.8718363700735826
15 3 44 0.0
15 4 48 -0.5706206231332691
15 4 43 -0.8328106374506965
15 5 8 -0.5310080400536656
15 5 47 -0.8867608893883404
15 6 12 0.0
15 7 7 -0.5145525200394843
15 7 14 -0.9107263020461922
15 8 16 0.0
15 9 18 0.0
15 10 20 -0.003696639309783752
15 10 11 -5.602178917008561
15 11 24 -1.4211660201721261
15 11 26 -0.27632327880778496
15 12 23 -2.339938590536526
15 12 28 -0.10129496216567574
15 13 30 0.0
15 14 32 0.0
15 16 35 0.0
16 0 0 -0.6610936422022566
16 0 2 -0.7262622685549105
16 1 36 0.0
16 2 5 -2.4550052125922988
16 2 38 -0.701253023992453
16 2 40 -0.8718581626214156
16 3 44 0.0
16 4 48 -0.5705713879545304
16 4 43 -0.832874635654279
16 5 8 -0.5310089526842277
16 5 47 -0.8867595868334716
16 6 12 0.0
16 7 7 -0.5046783364709212
16 7 14 -0.9255831035025623
16 8 16 0.0
16 9 18 0.0
16 10 20 -0.0029510572245966013
16 10 11 -5.827066957362671
16 11 26 0.0
16 12 23 0.0
16 13 29 -2.3393525026658293
16 13 30 -0.10135746115635866
16 14 32 -0.23036644784630717
16 14 25 -1.5810569915640227
16 15 34 0.0
