0 1 1 0.0
0 2 5 0.0
0 3 3 -1.1350539370847388
0 3 7 -0.38773047827745616
0 4 18 -0.9448122671920755
0 4 20 -1.1396394314524116
0 4 15 -1.2333566621906127
0 5 17 0.0
0 6 23 0.0
0 7 33 -1.8560547045731333
0 7 34 -0.16994409621590637
0 8 40 -1.2148008543791289
0 8 25 -1.5097926371157453
0 8 42 -0.7292405806864605
0 9 39 -0.7442773181759103
0 9 44 -0.6445046573634355
0 10 50 0.0
0 11 54 -0.8254044036687938
0 11 27 -1.3087272137158064
0 11 47 -1.231760335646312
0 12 53 0.0
0 13 49 -0.7920024666521623
0 13 57 -0.6031911185658949
0 14 9 -0.6881278165928137
0 14 58 -0.6981918656912804
0 15 11 0.0
0 16 37 -0.9608889141075396
0 16 29 -1.267114641206789
0 16 62 -1.0912269382688886
0 17 64 -0.7913814900647386
0 17 61 -0.603705543548146
0 18 13 -0.4983199470142469
0 18 31 -0.9353474629816383
1 0 0 0.0
1 2 5 0.0
1 3 3 -2.1062949501102457
1 3 7 -0.12975338664724578
1 4 18 -0.9531940952695147
1 4 20 -1.1596019086899958
1 4 15 -1.20103947190812
1 5 17 0.0
1 6 23 0.0
1 7 33 -1.855957677504082
1 7 34 -0.16996207040688768
1 8 40 -1.3880075081480487
1 8 25 -1.8166909827046394
1 8 42 -0.5312577194252163
1 9 39 -0.8084958949360287
1 9 44 -0.5897383976107587
1 10 50 0.0
1 11 54 -0.47024722988948775
1 11 27 -1.7743544618204443
1 11 47 -1.5820205324614232
1 12 53 0.0
1 13 49 -0.7494227595634878
1 13 57 -0.6398705253386934
1 14 9 -0.6024003933834373
1 14 58 -0.7929583492661948
1 15 11 0.0
1 16 37 -0.9888195718147341
1 16 29 -1.3085125639038186
1 16 62 -1.0278852628854587
1 17 64 -0.7312103084532002
1 17 61 -0.6564798868877819
1 18 13 -0.3501955568461238
1 18 31 -1.2192566651240044
2 0 0 0.0
2 1 4 0.0
2 3 3 -0.7691925566403449
2 3 7 -0.6224782565124908
2 4 18 -0.9472125515240956
2 4 20 -1.1379622502674074
2 4 15 -1.2320017898646096
2 5 17 0.0
2 6 23 0.0
2 7 33 -1.8515683173451112
2 7 34 -0.17077736233230414
2 8 40 -0.9788732475240425
2 8 25 -1.1439551072461256
2 8 42 -1.1851210254401945
2 9 39 -0.6225940080814188
2 9 44 -0.7690585303927484
2 10 50 0.0
2 11 54 -1.2651500181839324
2 11 27 -0.9356477772335424
2 11 47 -1.1224806798263218
2 12 53 0.0
2 13 49 -0.8785862448581869
2 13 57 -0.5367756449996973
2 14 9 -0.7785994258235616
2 14 58 -0.6144256395383827
2 15 11 0.0
2 16 37 -0.9408068136690698
2 16 29 -1.2452979219146536
2 16 62 -1.1337254085791175
2 17 64 -0.8869766531872707
2 17 61 -0.5308568937928771
2 18 13 -0.7391748657377665
2 18 31 -0.64914514889001
3 0 0 -0.4672831394220317
3 0 2 -0.9853799144400218
3 1 6 0.0
3 2 5 0.0
3 4 18 -1.1678694555199896
3 4 20 -1.2344264066957988
3 4 15 -0.9213799797661019
3 5 17 0.0
3 6 23 0.0
3 7 33 -1.8559346465267297
3 7 34 -0.16996633718154808
3 8 40 -0.332507570136706
3 8 25 -1.2627439536513227
3 9 39 -0.795438887040361
3 9 44 -0.6003548683924375
3 10 50 -1.4639961505478785
3 10 43 -0.6585571934151248
3 10 46 -1.3819345377103698
3 11 27 0.0
3 12 53 0.0
3 13 49 -0.6666245473971245
3 13 57 -0.7203924741661467
3 14 9 -0.635710737304121
3 14 58 -0.7540846778951616
3 15 55 -0.9748685048738099
3 15 11 -0.4735972076698659
3 16 37 -1.2019441056589262
3 16 29 -1.2568567387928693
3 16 62 -0.8798533484263364
3 17 64 -0.595324258891524
3 17 61 -0.801587424371832
3 18 13 -0.13257283688236488
3 18 31 -2.0861772830625873
4 0 0 -0.7512229686278575
4 0 2 -0.638259863519583
4 1 6 0.0
4 2 5 0.0
4 3 14 0.0
4 5 17 -1.2864819019403013
4 5 21 -0.32329670193499227
4 6 23 0.0
4 7 33 -1.8561127646706883
4 7 34 -0.16993334161533377
4 8 25 0.0
4 9 39 -0.7576370121371181
4 9 44 -0.632565522089146
4 10 43 -1.1067236542086138
4 10 46 -0.40143396550137134
4 11 19 -0.22999899890005168
4 11 27 -1.5824766454861086
4 12 53 0.0
4 13 49 -0.714884904996793
4 13 57 -0.6718719490665097
4 14 9 -0.8292181303877177
4 14 58 -0.5733933829322604
4 15 51 -1.274729443313783
4 15 55 -0.7390876060847827
4 15 11 -1.414924357563682
4 16 37 -1.1081942853548195
4 16 29 -1.260359042349718
4 16 62 -0.9511585841331781
4 17 64 -0.7335168017634129
4 17 61 -0.6543442244885675
4 18 41 -1.3483984117423773
4 18 13 -0.8379802417566898
4 18 31 -1.1784322422182714
5 0 0 -0.4802359788357445
5 0 2 -0.9640046222132548
5 1 6 0.0
5 2 5 0.0
5 3 16 0.0
5 4 18 -1.0649144775899166
5 4 20 -0.8569881839816795
5 4 15 -1.4661856675097418
5 6 23 0.0
5 7 33 -1.855934863639265
5 7 34 -0.16996629695820997
5 8 25 0.0
5 9 39 -0.8401860121073216
5 9 44 -0.5649830641752359
5 10 43 -0.4094219084495219
5 10 46 -1.090745349298358
5 11 27 0.0
5 12 53 0.0
5 13 49 -0.6679578060233996
5 13 57 -0.7189874916781948
5 14 9 -0.878447695686495
5 14 58 -0.5368740934626252
5 15 51 -1.572870214467067
5 15 55 -0.39653015244665507
5 15 11 -2.121088030582615
5 16 37 -1.2933436116324069
5 16 29 -1.100464686553766
5 16 62 -0.9341196273482738
5 17 64 -0.5489649576948075
5 17 61 -0.8616777603318237
5 18 41 -2.708652877440659
5 18 13 -2.6969673665880722
5 18 31 -0.1439120942979602
6 0 0 -0.6931540778897267
6 0 2 -0.6931402832777366
6 1 6 0.0
6 2 5 0.0
6 3 16 0.0
6 4 18 -1.0986393816648814
6 4 20 -1.0985693563565644
6 4 15 -1.0986281293969642
6 5 22 0.0
6 7 33 0.0
6 8 25 0.0
6 9 39 -0.6931032171583257
6 9 44 -0.6931911458944306
6 10 43 -0.6931516493129816
6 10 46 -0.6931427118268787
6 11 27 0.0
6 12 53 0.0
6 13 49 -0.6931500354018553
6 13 57 -0.6931443257261853
6 14 9 -0.6930714662399455
6 14 58 -0.6932229006130375
6 15 51 -1.0986357503181414
6 15 55 -1.0986039371233436
6 15 11 -1.098597178987092
6 16 37 -1.314586006346682
6 16 29 -1.3145210642499856
6 16 62 -0.7704352816028244
6 17 64 -0.5352984925732555
6 17 61 -0.880669031393869
6 18 35 -0.4419924123259796
6 18 41 -2.1279357402569166
6 18 13 -2.127990634561078
6 18 31 -2.127906772957826
7 0 0 -0.6931566076509946
7 0 2 -0.693137753557765
7 1 6 0.0
7 2 5 0.0
7 3 12 0.0
7 4 18 -1.1957999034443343
7 4 20 -1.3187777442414481
7 4 15 -0.8437931703815269
7 5 17 -0.781736795972282
7 5 22 -2.467720827514644
7 5 30 -0.7817345047052747
7 6 32 0.0
7 8 40 -0.48361901114323375
7 8 25 -0.9585409727014117
7 9 39 -0.6931284300787169
7 9 44 -0.6931659313927607
7 10 43 0.0
7 11 27 -0.8217904653908997
7 11 47 -0.5791825946428963
7 12 53 -0.7548613405594818
7 12 56 -0.6350212839030153
7 13 49 0.0
7 14 9 -0.6015435317143493
7 14 58 -0.7939960697305297
7 15 51 -1.146968965408989
7 15 55 -1.2667365484089015
7 15 11 -0.9146609646730608
7 16 37 -1.1138693767281023
7 16 29 -1.3565131200985345
7 16 62 -0.8815114093446573
7 17 64 -0.5839607845010061
7 17 61 -0.8157332428338547
7 18 35 0.0
8 0 0 -0.472547660055969
8 0 2 -0.9766035314521168
8 1 6 -0.9615615197484566
8 1 10 -0.4817450228048199
8 2 5 0.0
8 3 16 -1.2203109043701417
8 3 12 -0.3497537973433545
8 4 18 -0.9143313623191572
8 4 20 -1.0936373444598895
8 4 15 -1.3309743101126676
8 5 24 0.0
8 6 23 0.0
8 7 33 -1.8559215014479156
8 7 34 -0.16996877252290613
8 9 39 -0.9850437047074918
8 9 44 -0.4674834575336675
8 10 43 0.0
8 11 27 -1.7318326913650206
8 11 47 -0.19475023370024291
8 12 53 -0.7913438876707725
8 12 56 -0.6037367126150275
8 13 49 0.0
8 14 9 -0.9793963523999705
8 14 58 -0.4708643561875256
8 15 51 -0.2877291669522257
8 15 55 -1.386153090924446
8 16 37 -0.8897914569560393
8 16 29 -1.4229185561880573
8 16 62 -1.0548375105367995
8 17 64 -0.5759985169625561
8 17 61 -0.825863542842203
8 18 41 -0.16962371763419973
8 18 31 -1.8577860250913372
9 0 0 -0.9218432087997341
9 0 2 -0.5071410266278887
9 1 10 0.0
9 2 5 0.0
9 3 16 -1.377587166927581
9 3 7 -0.9829824692783122
9 3 12 -0.9845152796898595
9 4 18 -1.0925747452771668
9 4 20 -1.2818789854353183
9 4 15 -0.9489877462507383
9 5 24 0.0
9 6 23 0.0
9 7 33 -1.8559386089975642
9 7 34 -0.16996560307630593
9 8 38 0.0
9 10 43 -0.9646066412626328
9 10 45 -0.4798650411906586
9 11 27 -0.999097532521346
9 11 47 -0.4592007356027685
9 12 53 -0.7407200250643581
9 12 56 -0.6477351065560853
9 13 49 0.0
9 14 9 -0.6403061656257909
9 14 58 -0.7489369054706442
9 15 51 -0.5771381277025133
9 15 55 -0.8244023525993038
9 16 37 -1.1746916632114328
9 16 29 -1.1527309330099254
9 16 62 -0.9799961331097363
9 17 64 -0.7861251804006577
9 17 61 -0.6080834503457879
9 18 41 -0.6730610750992947
9 18 31 -0.7136450219509214
10 0 0 -0.3465258758816842
10 0 2 -1.228062379430715
10 1 10 0.0
10 2 5 0.0
10 3 16 -1.505172816800779
10 3 7 -1.6643486329132335
10 3 12 -0.5298264337908293
10 4 18 -0.7600753849282785
10 4 20 -1.2633254859381917
10 4 15 -1.3876692220860387
10 5 24 -0.4670032519324738
10 5 26 -0.985849974015034
10 6 23 0.0
10 7 33 -1.8559235931517124
10 7 34 -0.16996838499794653
10 8 42 0.0
10 9 39 -1.0994343315585253
10 9 44 -0.4050543399321027
10 11 47 0.0
10 12 53 -0.7121877655392903
10 12 56 -0.6744623757423455
10 13 49 0.0
10 14 9 -0.8736221131293156
10 14 58 -0.5403176089298735
10 15 51 -0.3475018472874434
10 15 55 -1.2257097114325624
10 16 37 -0.8569472259085829
10 16 29 -1.5052394651690315
10 16 62 -1.0396455368391528
10 17 64 -0.606186350348237
10 17 61 -0.7883967076031408
10 18 41 -0.15605714757275382
10 18 31 -1.9345470448136675
11 0 0 -0.3636635575231123
11 0 2 -1.1878535044161929
11 1 10 0.0
11 2 5 0.0
11 3 16 -0.48881035645815235
11 3 7 -0.9502499616788914
11 4 18 -0.6404956644091498
11 4 20 -1.2926742908563376
11 4 15 -1.617302462786214
11 5 26 0.0
11 6 23 0.0
11 7 33 -1.8559560850405805
11 7 34 -0.16996236542678583
11 8 25 -1.9795077408252737
11 8 42 -0.14865920879858804
11 9 39 -0.8959122386148239
11 9 44 -0.5246457178146446
11 10 46 0.0
11 12 53 0.0
11 13 49 -0.7025954567642839
11 13 57 -0.6837873393721
11 14 9 -0.8302307839693132
11 14 58 -0.5726100116754188
11 15 51 -2.6656551588472914
11 15 55 -0.07209099052861043
11 16 37 -1.0305074822959193
11 16 29 -1.2621500343975847
11 16 62 -1.0212919997174221
11 17 64 -0.6753346449606803
11 17 61 -0.711282765609897
11 18 41 -1.1888963414968843
11 18 13 -1.9612934019002535
11 18 31 -0.589208078926702
12 0 0 -0.8832535862450128
12 0 2 -0.5334727665138033
12 1 10 0.0
12 2 5 0.0
12 3 16 -0.9081443166659926
12 3 7 -0.5162936713515326
12 4 18 -1.2098805939550017
12 4 20 -1.1843835873852961
12 4 15 -0.9267643681967993
12 5 26 0.0
12 6 23 0.0
12 7 33 -1.85574387059565
12 7 34 -0.17000168527147896
12 8 25 -0.974844939882854
12 8 42 -0.4736114826704919
12 9 39 -0.712653205073683
12 9 44 -0.6740143726728466
12 10 48 -0.5482100011224237
12 10 46 -0.8627108063443889
12 11 52 0.0
12 13 57 0.0
12 14 9 -0.637463493320731
12 14 58 -0.7521153303924093
12 15 51 -0.82425791565024
12 15 55 -0.5772509379828594
12 16 37 -1.086195723156443
12 16 29 -1.3343017920934792
12 16 62 -0.9183928625545623
12 17 64 -0.7679754857183569
12 17 61 -0.6235304399096359
12 18 41 -1.0804269822339567
12 18 13 -0.9333625494925157
12 18 31 -1.3193080410147406
13 0 0 -1.0413415355687348
13 0 2 -0.43537935253716864
13 1 10 0.0
13 2 5 0.0
13 3 16 -1.347513909712061
13 3 7 -1.061265458697401
13 3 12 -0.9311587634005936
13 4 18 -1.1788395354546202
13 4 20 -1.2017560982752529
13 4 15 -0.9372623089146844
13 5 24 -0.7364431035175938
13 5 26 -0.6516482606775489
13 6 23 0.0
13 7 33 -1.855911510431938
13 7 34 -0.16997062354779371
13 8 42 0.0
13 9 39 -0.6390434053728499
13 9 44 -0.750346450358812
13 10 48 0.0
13 11 52 -0.5881751632386905
13 11 47 -0.810444805446121
13 12 56 0.0
13 14 9 -0.636226455807582
13 14 58 -0.7535044696659601
13 15 51 -0.6356665851970946
13 15 55 -0.7541343807075208
13 16 37 -1.1882481821596875
13 16 29 -1.1431931180062718
13 16 62 -0.9769809393507335
13 17 64 -0.800376098809338
13 17 61 -0.5963109000284731
13 18 41 -0.7047868793129375
13 18 31 -0.6816414070392911
14 0 0 0.0
14 1 8 0.0
14 2 5 0.0
14 3 3 -0.5861331574338586
14 3 7 -0.81300095279411
14 4 18 -1.0894092857234903
14 4 20 -1.0580924186934992
14 4 15 -1.1505347092497196
14 5 17 -1.082117284346077
14 5 24 -1.2166595609787911
14 5 26 -1.0081190013947965
14 6 23 0.0
14 7 33 -1.8560127688832042
14 7 34 -0.16995186451704158
14 8 42 0.0
14 9 39 -0.6368540819597157
14 9 44 -0.7527992169082385
14 10 50 0.0
14 11 54 -0.5731364332548388
14 11 47 -0.8295500854004726
14 12 53 0.0
14 13 49 -0.8243697646372211
14 13 57 -0.5771635774991667
14 15 11 -1.1391707769429023
14 15 59 -0.3857865077812621
14 16 37 -1.2367741385018325
14 16 29 -1.11261671040179
14 16 62 -0.9650004367699524
14 17 64 -0.7793675586787909
14 17 61 -0.6137742686665925
14 18 41 -1.1690801358925333
14 18 13 -1.0940680371906415
14 18 31 -1.0370584951989843
15 0 0 0.0
15 1 10 0.0
15 2 5 0.0
15 3 3 -1.1854002209369445
15 3 7 -0.36474144508431994
15 4 18 -0.7554093985358423
15 4 20 -1.2270482101881985
15 4 15 -1.4395891140400352
15 5 17 -2.005759100642054
15 5 24 -1.3149589948280218
15 5 26 -0.515910942219968
15 6 23 0.0
15 7 33 -1.8559588504692268
15 7 34 -0.16996185310364048
15 8 42 0.0
15 9 39 -0.7686003880450306
15 9 44 -0.6229899004730316
15 10 50 0.0
15 11 54 -0.08751672618093108
15 11 47 -2.479364598600143
15 12 53 0.0
15 13 49 -0.7138408404617915
15 13 57 -0.6728730806547486
15 14 9 -1.0024576570277395
15 14 58 -0.4572476217936842
15 16 37 -1.082938320690846
15 16 29 -1.2396832905445965
15 16 62 -0.9890631461565631
15 17 64 -0.6982829395249087
15 17 61 -0.6880376629034762
15 18 41 -0.6412276320105287
15 18 13 -1.5879300575608868
15 18 31 -1.3130203433304268
16 0 0 -0.9135255277058817
16 0 2 -0.5126733503429839
16 1 6 -0.5275916249289472
16 1 10 -0.8916572908374596
16 2 5 0.0
16 3 16 -1.275857361769979
16 3 12 -0.32738177678520525
16 4 18 -1.0565831578431075
16 4 20 -1.2434698974904281
16 4 15 -1.0106658209226629
16 5 28 0.0
16 6 23 0.0
16 7 33 -1.8560684620082437
16 7 34 -0.16994154782879925
16 8 36 -0.3729391944908378
16 8 25 -1.1670210375075254
16 9 39 -0.8141732534308841
16 9 44 -0.5851997863599498
16 10 43 0.0
16 11 27 -0.5939871008822573
16 11 47 -0.8032333470746724
16 12 53 -0.7342231174062608
16 12 56 -0.6536921163286198
16 13 49 0.0
16 14 9 -0.7213643105307499
16 14 58 -0.6657044554990249
16 15 51 -0.7509102121067259
16 15 55 -0.6385392952453222
16 17 61 0.0
16 18 65 -1.112245940414649
16 18 41 -2.124083520307062
16 18 31 -1.8599655171408682
16 18 63 -0.9264423270972347
17 0 0 -0.7485232332244218
17 0 2 -0.6406774007796593
17 1 6 0.0
17 2 5 0.0
17 3 12 0.0
17 4 18 -0.9927391365045578
17 4 20 -1.1675615221174638
17 4 15 -1.1447137328109103
17 5 17 -1.4850237796144106
17 5 28 -0.864585255357987
17 5 30 -1.043337970203997
17 6 32 -0.16993725916423344
17 6 23 -1.8560916148153246
17 7 34 0.0
17 8 36 -1.0142430285654462
17 8 40 -1.137813317322872
17 8 25 -1.1494719666101856
17 9 39 -0.7819575959078638
17 9 44 -0.6115847335334306
17 10 43 0.0
17 11 27 -0.663808124821593
17 11 47 -0.7233731018234454
17 12 53 -0.7345582262462984
17 12 56 -0.6533830356682702
17 13 49 0.0
17 14 9 -0.8930449290893628
17 14 58 -0.5266285632029466
17 15 51 -1.1574585035883858
17 15 55 -0.8479171502504667
17 15 11 -1.357085208255514
17 16 60 0.0
17 18 65 -0.40843354182178127
17 18 63 -1.0927017259678073
18 0 0 -0.5026785849357187
18 0 2 -0.9286371100923181
18 1 6 0.0
18 2 5 0.0
18 3 12 0.0
18 4 18 -1.1464048893513628
18 4 20 -0.9666747822193628
18 4 15 -1.1977350733269663
18 5 17 -2.8911168411253025
18 5 30 -0.057114602698285076
18 6 32 -0.16997254694029684
18 6 23 -1.8559011289328302
18 7 34 0.0
18 8 40 -0.1064325931983536
18 8 25 -2.292987767374149
18 9 39 -0.9370554412829062
18 9 44 -0.49721822095589857
18 10 43 0.0
18 11 27 -0.45484872400979737
18 11 47 -1.006609258603587
18 12 53 -0.7441815284558174
18 12 56 -0.6445913591039121
18 13 49 0.0
18 14 9 -0.7624015597883748
18 14 58 -0.6283798962332727
18 15 51 -0.9659779622019702
18 15 55 -0.9676555188442699
18 15 11 -1.4295511026026446
18 16 37 -1.2706246250755349
18 16 29 -1.2505156171036922
18 16 62 -0.8370484296168218
18 17 64 -0.4850336609880484
18 17 61 -0.9562705606392875
