0 1 1 0.0
0 2 5 0.0
0 3 3 -1.2639526838192972
0 3 7 -0.33203117542111416
0 4 18 -0.8448805252190935
0 4 20 -2.043340983307373
0 4 15 -0.8191724026839182
0 5 17 0.0
0 6 23 0.0
0 7 33 -1.0236646934965425
0 7 34 -0.4451563182637604
0 8 40 -0.8062838651658439
0 8 25 -2.0255426503696605
0 8 42 -0.8637849324896705
0 9 39 -0.21397367563230893
0 9 44 -1.6469821504958229
0 10 50 0.0
0 11 54 -0.4713248721050185
0 11 27 -1.2642808664572762
0 11 47 -2.3710470916548285
0 12 53 0.0
0 13 49 -1.3124756002300555
0 13 57 -0.31355102841780047
0 14 9 -0.0012100928702721305
0 14 58 -6.7176631554494115
0 15 11 0.0
0 16 37 -1.6960708838588263
0 16 29 -1.1854467297779931
0 16 62 -0.6714098473758354
0 17 64 -0.556289443214957
0 17 61 -0.8517502685209679
0 18 13 -0.4026870987955227
0 18 31 -1.1041915670487108
1 0 0 0.0
1 2 5 0.0
1 3 3 -1.263978519772217
1 3 7 -0.3320210015016289
1 4 18 -0.8428718616087848
1 4 20 -2.048304196442604
1 4 15 -0.8196766003977335
1 5 17 0.0
1 6 23 0.0
1 7 33 -1.0157031381452373
1 7 34 -0.4496485278081693
1 8 40 -0.8062167492761464
1 8 25 -2.0259588974199985
1 8 42 -0.86372579342881
1 9 39 -0.21381143907898953
1 9 44 -1.647662417370704
1 10 50 0.0
1 11 54 -0.47089911163184006
1 11 27 -1.265018305008408
1 11 47 -2.3716640805378923
1 12 53 0.0
1 13 49 -1.3133373596072557
1 13 57 -0.3132338507531045
1 14 9 -4.192016709339536E-4
1 14 58 -7.777368032472427
1 15 11 0.0
1 16 37 -1.69493215849708
1 16 29 -1.1852032357278923
1 16 62 -0.6719645889177799
1 17 64 -0.5590948505421215
1 17 61 -0.84799286598732
1 18 13 -0.40238448353938006
1 18 31 -1.1048021555665266
2 0 0 0.0
2 1 4 0.0
2 3 3 -1.2638702171845604
2 3 7 -0.3320636523432093
2 4 18 -0.8508367993758822
2 4 20 -2.016648566155173
2 4 15 -0.8213402029467531
2 5 17 0.0
2 6 23 0.0
2 7 33 -1.0377451360383376
2 7 34 -0.43734683216857734
2 8 40 -0.8066832538749987
2 8 25 -2.0231025648166705
2 8 42 -0.8641265703323643
2 9 39 -0.21503896500074224
2 9 44 -1.6425295192818294
2 10 50 0.0
2 11 54 -0.4725055882401014
2 11 27 -1.2628394467468111
2 11 47 -2.3675288010092084
2 12 53 0.0
2 13 49 -1.3089496702474246
2 13 57 -0.31485267998272
2 14 9 -0.0062380298299758085
2 14 58 -5.080208272370291
2 15 11 0.0
2 16 37 -1.6989171634849858
2 16 29 -1.1833393730902309
2 16 62 -0.6716514368535936
2 17 64 -0.5522593530657343
2 17 61 -0.8571913868664702
2 18 13 -0.4037127609081769
2 18 31 -1.1021262222225812
3 0 0 -0.3320625684483436
3 0 2 -1.2638729692986985
3 1 6 0.0
3 2 5 0.0
3 4 18 -9.128768024047215
3 4 20 -4.350530933449681
3 4 15 -0.013093811937929155
3 5 17 0.0
3 6 23 0.0
3 7 33 -0.80524156733248
3 7 34 -0.592360999212551
3 8 40 -0.3786965244113659
3 8 25 -1.1544000482857537
3 9 39 -0.7189785500742428
3 9 44 -0.6679663028607647
3 10 50 -2.458461697590547
3 10 43 -0.31127583127857583
3 10 46 -1.7041787681029668
3 11 27 0.0
3 12 53 0.0
3 13 49 -0.15480843361711633
3 13 57 -1.9419726859438378
3 14 9 -0.3208844515130706
3 14 58 -1.2928298012140798
3 15 55 -0.8738473622212855
3 15 11 -0.540156237447383
3 16 37 -8.667873908744937
3 16 29 -1.1505850619999818
3 16 62 -0.38070946707629055
3 17 64 -0.44742006580448085
3 17 61 -1.0196402547286316
3 18 13 -0.21240268259262507
3 18 31 -1.6535936198139864
4 0 0 -0.3322530680765239
4 0 2 -1.2633894343388428
4 1 6 0.0
4 2 5 0.0
4 3 14 0.0
4 5 17 -4.303151313635084
4 5 21 -0.013618175383411982
4 6 23 0.0
4 7 33 -0.4925943868821683
4 7 34 -0.9442763626890434
4 8 25 0.0
4 9 39 -1.1286790596391543
4 9 44 -0.39076406892988697
4 10 43 -1.1544086353205754
4 10 46 -0.37869257113896115
4 11 19 -3.0134000261357657E-5
4 11 27 -10.409871513876539
4 12 53 0.0
4 13 49 -7.001215612363188
4 13 57 -9.111891508153257E-4
4 14 9 -2.862544129845955
4 14 58 -0.05881970084449142
4 15 51 -8.645327267478438
4 15 55 -0.004792145099795351
4 15 11 -5.380670372459301
4 16 37 -7.786768926849374
4 16 29 -0.3031348602373368
4 16 62 -1.3429080579149637
4 17 64 -0.5890051904026998
4 17 61 -0.8094091443830578
4 18 41 -10.366377286119961
4 18 13 -2.101927302225027
4 18 31 -0.13039587703133762
5 0 0 -0.3131678101387357
5 0 2 -1.313516917239753
5 1 6 0.0
5 2 5 0.0
5 3 16 0.0
5 4 18 -9.38430759059387
5 4 20 -0.016508559880276982
5 4 15 -4.117264758777945
5 6 23 0.0
5 7 33 -0.325927133014779
5 7 34 -1.2796227317647557
5 8 25 0.0
5 9 39 -1.34910739702491
5 9 44 -0.30039151308855383
5 10 43 -0.4780407959190721
5 10 46 -0.9675758766174658
5 11 27 0.0
5 12 53 0.0
5 13 49 -0.7101416404275633
5 13 57 -0.6764367127869687
5 14 9 -0.3100402710505206
5 14 58 -1.3220712152313263
5 15 51 -0.7110335732149119
5 15 55 -1.4299183065215229
5 15 11 -1.3110562208166037
5 16 37 -9.83360025692737
5 16 29 -0.2961292108717546
5 16 62 -1.361582034274888
5 17 64 -0.5154915169106316
5 17 61 -0.9093324597349524
5 18 41 -11.789980523670282
5 18 13 -5.68423786893082
5 18 31 -0.0034125189927262777
6 0 0 -0.3980193903453619
6 0 2 -1.1136721330913233
6 1 6 0.0
6 2 5 0.0
6 3 16 0.0
6 4 18 -6.043425668250252
6 4 20 -0.19570005806004262
6 4 15 -1.7408700360289042
6 5 22 0.0
6 7 33 0.0
6 8 25 0.0
6 9 39 -0.501081961668567
6 9 44 -0.9310865817954326
6 10 43 -0.2765664591905511
6 10 46 -1.420402344813552
6 11 27 0.0
6 12 53 0.0
6 13 49 -1.455135860221241
6 13 57 -0.26574924013792983
6 14 9 -1.0601128627682286
6 14 58 -0.42528530273798487
6 15 51 -2.4620971635482256
6 15 55 -0.3485268982312503
6 15 11 -1.5653392103120753
6 16 37 -6.710699141371536
6 16 29 -0.7169916586371097
6 16 62 -0.6722404377333356
6 17 64 -0.6377598530712599
6 17 61 -0.751783072445076
6 18 35 -0.2117477603192396
6 18 41 -9.412141614169103
6 18 13 -5.015612533392474
6 18 31 -1.6921896629634483
7 0 0 -0.39702919793437086
7 0 2 -1.1157006520862516
7 1 6 0.0
7 2 5 0.0
7 3 12 0.0
7 4 18 -6.276331136662251
7 4 20 -0.30271153015699515
7 4 15 -1.3497405746676194
7 5 17 -5.472204340412148
7 5 22 -0.30448638945780165
7 5 30 -1.3536491630589613
7 6 32 0.0
7 8 40 -0.3523925250329293
7 8 25 -1.2140370160180458
7 9 39 -0.693192624763685
7 9 44 -0.6931017384212875
7 10 43 0.0
7 11 27 -0.20737950797391
7 11 47 -1.6751032606731018
7 12 53 -1.6148419036975188
7 12 56 -0.2217971041887684
7 13 49 0.0
7 14 9 -1.061475834249106
7 14 58 -0.42456364376686406
7 15 51 -1.0300648585952923
7 15 55 -0.8426548282475849
7 15 11 -1.5490473533663607
7 16 37 -6.556139240866646
7 16 29 -0.7171423860257324
7 16 62 -0.672495027883296
7 17 64 -0.5781982776646042
7 17 61 -0.823046451106866
7 18 35 0.0
8 0 0 -0.1778386893518481
8 0 2 -1.8144802960013595
8 1 6 -0.731795362007755
8 1 10 -0.6559372669562258
8 2 5 0.0
8 3 16 -1.7433778412049818
8 3 12 -0.19228525491734558
8 4 18 -1.07885876011426
8 4 20 -1.6783808840778764
8 4 15 -0.7479398292339248
8 5 24 0.0
8 6 23 0.0
8 7 33 -1.8993614981736175
8 7 34 -0.1621238893647314
8 9 39 -0.7688678989476613
8 9 44 -0.6227586964635424
8 10 43 0.0
8 11 27 -1.6464432537846305
8 11 47 -0.21410229394681382
8 12 53 -8.426996732013217
8 12 56 -2.1890181038285142E-4
8 13 49 0.0
8 14 9 -1.5658225029521569
8 14 58 -0.23435125915297086
8 15 51 -0.20742081735866966
8 15 55 -1.6749240247065145
8 16 37 -0.5932548790927608
8 16 29 -3.1355333350510537
8 16 62 -0.9063466130964022
8 17 64 -1.1225145752873757
8 17 61 -0.39372485072180496
8 18 41 -0.18455215508939674
8 18 31 -1.7806805064117859
9 0 0 -0.6099308979937602
9 0 2 -0.7839221772864956
9 1 10 0.0
9 2 5 0.0
9 3 16 -1.8941639288138694
9 3 7 -2.3945241256666883
9 3 12 -0.27662363025272946
9 4 18 -0.9219597204819261
9 4 20 -1.5207127701161791
9 4 15 -0.9578809149015587
9 5 24 0.0
9 6 23 0.0
9 7 33 -2.0921350382740753
9 7 34 -0.13173111781205776
9 8 38 0.0
9 10 43 -0.8457864467300861
9 10 45 -0.5607508491875822
9 11 27 -1.6457117321604227
9 11 47 -0.21427702343011584
9 12 53 -6.847813728261165
9 12 56 -0.0010623385666271548
9 13 49 0.0
9 14 9 -1.240516170287303
9 14 58 -0.3414132623360742
9 15 51 -0.3449758969072446
9 15 55 -1.2318149032582688
9 16 37 -0.5452860483323483
9 16 29 -3.1648555175331974
9 16 62 -0.9725864801776679
9 17 64 -1.1708102676672911
9 17 61 -0.3712311777706785
9 18 41 -0.21695382918488385
9 18 31 -1.634587193264818
10 0 0 -0.5663759622366256
10 0 2 -0.8383548013802476
10 1 10 0.0
10 2 5 0.0
10 3 16 -1.2834705764266015
10 3 7 -2.7756144838597026
10 3 12 -0.4145843608789043
10 4 18 -1.0564181159568615
10 4 20 -1.0241966501224913
10 4 15 -1.2268451274503531
10 5 24 -0.4780387403990175
10 5 26 -0.9675792303256996
10 6 23 0.0
10 7 33 -1.9744275054583562
10 7 34 -0.1494758614319796
10 8 42 0.0
10 9 39 -0.7790756797623857
10 9 44 -0.6140216708778674
10 11 47 0.0
10 12 53 -8.514214185670795
10 12 56 -2.0061681168550793E-4
10 13 49 0.0
10 14 9 -1.332499718868659
10 14 58 -0.3062765065463942
10 15 51 -0.3455557329697124
10 15 55 -1.2304087805106978
10 16 37 -0.42291973992436027
10 16 29 -3.327445917251442
10 16 62 -1.1744653054941268
10 17 64 -1.2163013910731826
10 17 61 -0.3514374403204022
10 18 41 -0.4096373586060317
10 18 31 -1.0903196503292618
11 0 0 -0.17498902166496005
11 0 2 -1.8292509950476397
11 1 10 0.0
11 2 5 0.0
11 3 16 -0.8274386992886695
11 3 7 -0.5747733349138514
11 4 18 -2.0210477556790706E-4
11 4 20 -9.284574053620208
11 4 15 -9.121973484708686
11 5 26 0.0
11 6 23 0.0
11 7 33 -0.5661063516156156
11 7 34 -0.8387087916446593
11 8 25 -1.5780232306396058
11 8 42 -0.2311538812253515
11 9 39 -0.5200389904383524
11 9 44 -0.9026279142154928
11 10 46 0.0
11 12 53 0.0
11 13 49 -8.424154973821393
11 13 57 -2.195248294958402E-4
11 14 9 -3.879661400505363
11 14 58 -0.0208741762989191
11 15 51 -8.472245593069816
11 15 55 -2.092164937954742E-4
11 16 37 -1.1203864639619456
11 16 29 -1.0208497677381625
11 16 62 -1.1597721143881337
11 17 64 -0.7666409650616054
11 17 61 -0.6246869103432695
11 18 41 -1.161376909956508
11 18 13 -1.1724506881024894
11 18 31 -0.9746141948663564
12 0 0 -0.176438466201428
12 0 2 -1.8217055607314825
12 1 10 0.0
12 2 5 0.0
12 3 16 -0.7805666868468534
12 3 7 -0.6127592627657948
12 4 18 -0.0015205512568749972
12 4 20 -7.202587211593793
12 4 15 -7.162984262632169
12 5 26 0.0
12 6 23 0.0
12 7 33 -0.9513076711311848
12 7 34 -0.4881441767719351
12 8 25 -9.959366703484624
12 8 42 -4.7283788375827865E-5
12 9 39 -1.166922016354223
12 9 44 -0.37298395487853536
12 10 48 -1.5708131192575107E-4
12 10 46 -8.75882551595835
12 11 52 0.0
12 13 57 0.0
12 14 9 -3.7154639049861933
12 14 58 -0.024645362459581363
12 15 51 -4.263921389094366
12 15 55 -0.014166910267671756
12 16 37 -0.6191150579432135
12 16 29 -1.908744181416154
12 16 62 -1.160553109840098
12 17 64 -1.101190282631428
12 17 61 -0.4041785991205399
12 18 41 -0.3395048659242158
12 18 13 -2.085259375343446
12 18 31 -1.8103168812607404
13 0 0 -0.24806126783176868
13 0 2 -1.5155475299784518
13 1 10 0.0
13 2 5 0.0
13 3 16 -1.6647933752156348
13 3 7 -2.2802159041840424
13 3 12 -0.34459375768836725
13 4 18 -0.0017050583539212774
13 4 20 -7.248148046151334
13 4 15 -6.915671781868289
13 5 24 -0.8754260466775662
13 5 26 -0.5390269951887764
13 6 23 0.0
13 7 33 -1.5813542703230792
13 7 34 -0.2302894488334202
13 8 42 0.0
13 9 39 -0.7205360634520789
13 9 44 -0.6664884937468603
13 10 48 0.0
13 11 52 -1.5234311086527146E-4
13 11 47 -8.78945144327489
13 12 56 0.0
13 14 9 -3.6981667188313683
13 14 58 -0.025080803475293543
13 15 51 -2.4400607663603253
13 15 55 -0.09118979097018622
13 16 37 -0.777736052879927
13 16 29 -2.0441222614137655
13 16 62 -0.889013160116004
13 17 64 -1.2129197165879348
13 17 61 -0.3528649222671463
13 18 41 -0.48021351520555366
13 18 31 -0.9640410632550416
14 0 0 0.0
14 1 8 0.0
14 2 5 0.0
14 3 3 -0.6962176351700973
14 3 7 -0.6900861247899553
14 4 18 -0.031055015146625002
14 4 20 -6.3468041893581555
14 4 15 -3.5464975396003315
14 5 17 -0.3610225414265774
14 5 24 -2.923047764758426
14 5 26 -1.3892300584221295
14 6 23 0.0
14 7 33 -0.9644195007148803
14 7 34 -0.4799803103065253
14 8 42 0.0
14 9 39 -0.6933362658386997
14 9 44 -0.6929581310276745
14 10 50 0.0
14 11 54 -1.6976837316943702E-4
14 11 47 -8.681160443729079
14 12 53 0.0
14 13 49 -2.2343835147099704
14 13 57 -0.11323377218583942
14 15 11 -8.277292991704956
14 15 59 -2.542567776391679E-4
14 16 37 -1.1476162663580474
14 16 29 -1.0882783638550257
14 16 62 -1.0618608200931146
14 17 64 -0.8709761669491141
14 17 61 -0.5422178817624999
14 18 41 -1.3019340412904856
14 18 13 -0.8067420672267795
14 18 31 -1.2669657188283023
15 0 0 0.0
15 1 10 0.0
15 2 5 0.0
15 3 3 -1.3365575319581215
15 3 7 -0.3048263556975046
15 4 18 -0.006717395724255279
15 4 20 -7.992118806418647
15 4 15 -5.058235279899369
15 5 17 -1.2758515571742075
15 5 24 -1.1885124866181669
15 5 26 -0.8767509640261285
15 6 23 0.0
15 7 33 -0.8478827001243264
15 7 34 -0.5591773824853634
15 8 42 0.0
15 9 39 -0.6940247867171204
15 9 44 -0.6922703439200534
15 10 50 0.0
15 11 54 -9.874853514755436E-5
15 11 47 -9.222983362102747
15 12 53 0.0
15 13 49 -2.3878998689624518
15 13 57 -0.09631523717917641
15 14 9 -7.815104743856042
15 14 58 -4.036740092033894E-4
15 16 37 -1.128832179275572
15 16 29 -1.147795979755519
15 16 62 -1.0237259943733321
15 17 64 -0.7640211942524617
15 17 61 -0.626965557832735
15 18 41 -0.8116759850077542
15 18 13 -1.8170740058772294
15 18 31 -0.9329630630135622
16 0 0 -0.25749178301763975
16 0 2 -1.482752302180491
16 1 6 -0.4904092330789223
16 1 10 -0.9477188067312041
16 2 5 0.0
16 3 16 -0.8851157436325703
16 3 12 -0.5321623190528497
16 4 18 -7.866743203779819
16 4 20 -0.08885308891705859
16 4 15 -2.469386886756814
16 5 28 0.0
16 6 23 0.0
16 7 33 -0.8972275070442693
16 7 34 -0.5237393739609103
16 8 36 -0.12789508389588236
16 8 25 -2.1198110950336333
16 9 39 -0.6950219788371155
16 9 44 -0.6912758905750406
16 10 43 0.0
16 11 27 -0.4865852050384838
16 11 47 -0.953790032977523
16 12 53 -1.9738289260441229
16 12 56 -0.14957240121040608
16 13 49 0.0
16 14 9 -0.7008839990162334
16 14 58 -0.6854697611974957
16 15 51 -0.5701675040098607
16 15 55 -0.8333998967092269
16 17 61 0.0
16 18 65 -1.0526386644084211
16 18 41 -10.191044981137098
16 18 31 -3.5747950975576317
16 18 63 -0.4733279799047781
17 0 0 -0.31291672440216184
17 0 2 -1.314199996317908
17 1 6 0.0
17 2 5 0.0
17 3 12 0.0
17 4 18 -7.220262512998364
17 4 20 -0.2170263935255611
17 4 15 -1.6380448929594518
17 5 17 -4.9938861003787105
17 5 28 -0.9260437355217012
17 5 30 -0.515665700360251
17 6 32 -0.5027200944351086
17 6 23 -0.9285735600097261
17 7 34 0.0
17 8 36 -0.6284216183044725
17 8 40 -1.0588597437840697
17 8 25 -2.1226345277898173
17 9 39 -0.695610588238468
17 9 44 -0.6906898263497064
17 10 43 0.0
17 11 27 -0.662058080152393
17 11 47 -0.7252339114951498
17 12 53 -2.210560629904739
17 12 56 -0.11612846503752468
17 13 49 0.0
17 14 9 -0.6944861511983705
17 14 58 -0.6918100003668043
17 15 51 -0.7150539621770666
17 15 55 -0.9257037444673456
17 15 11 -2.166466083170976
17 16 60 0.0
17 18 65 -0.28992144478983317
17 18 63 -1.3796061765290704
18 0 0 -0.3133934166153482
18 0 2 -1.3129036983765194
18 1 6 0.0
18 2 5 0.0
18 3 12 0.0
18 4 18 -9.265034467720497
18 4 20 -0.12889091866634167
18 4 15 -2.113325393375339
18 5 17 -5.60324270837269
18 5 30 -0.0036927016819502923
18 6 32 -0.21639104604387976
18 6 23 -1.6369133483142957
18 7 34 0.0
18 8 40 -0.3786773096094757
18 8 25 -1.1544417864080148
18 9 39 -0.6938797086360989
18 9 44 -0.692415188688413
18 10 43 0.0
18 11 27 -0.6595011740746193
18 11 47 -0.727964774400304
18 12 53 -0.842636037581065
18 12 56 -0.5631264726895088
18 13 49 0.0
18 14 9 -0.49070596484000806
18 14 58 -0.9472502039457414
18 15 51 -0.885527351604484
18 15 55 -0.9756641921924979
18 15 11 -1.5579774771056418
18 16 37 -9.310641948315205
18 16 29 -2.894158860915942
18 16 62 -0.05703184980585607
18 17 64 -0.29150331303874655
18 17 61 -1.3749174771751558
