0 1 1 0.0
0 2 5 0.0
0 3 3 -1.248495664143317
0 3 7 -0.338184270218859
0 4 18 -0.8157288561254386
0 4 20 -3.2876244050620724
0 4 15 -0.6532714496224663
0 5 17 0.0
0 6 23 0.0
0 7 33 -1.5556875036602686
0 7 34 -0.23704502950098533
0 8 40 -1.0502774751145556
0 8 25 -1.5483680230129169
0 8 42 -0.8265307075428983
0 9 39 -0.1662584283732388
0 9 44 -1.8761896387474166
0 10 50 0.0
0 11 54 -0.4142763255768229
0 11 27 -1.5827422599437624
0 11 47 -2.011628585348382
0 12 53 0.0
0 13 49 -1.1869382571778686
0 13 57 -0.36406524034660626
0 14 9 -0.0012741415223015038
0 14 58 -6.66611964611062
0 15 11 0.0
0 16 37 -0.7192531187281024
0 16 29 -1.642868702555887
0 16 62 -1.1411241682424884
0 17 64 -1.1248610502394376
0 17 61 -0.39259466011120586
0 18 13 -0.2947282674677487
0 18 31 -1.3654488598042436
1 0 0 0.0
1 2 5 0.0
1 3 3 -1.2485526380121423
1 3 7 -0.3381613449125898
1 4 18 -0.8157746380763746
1 4 20 -3.2915510798534173
1 4 15 -0.6529513378987556
1 5 17 0.0
1 6 23 0.0
1 7 33 -1.5544325542538435
1 7 34 -0.2373809933562423
1 8 40 -1.0501608411148937
1 8 25 -1.548632981835491
1 8 42 -0.8264952490301994
1 9 39 -0.16599143730668106
1 9 44 -1.877667008367814
1 10 50 0.0
1 11 54 -0.41416900169580767
1 11 27 -1.5833499276622913
1 11 47 -2.0112260492993967
1 12 53 0.0
1 13 49 -1.1856009641662155
1 13 57 -0.36465310240744736
1 14 9 -4.6694338661224536E-4
1 14 58 -7.669535998063695
1 15 11 0.0
1 16 37 -0.7183198800491475
1 16 29 -1.6423013188965574
1 16 62 -1.1428930426508035
1 17 64 -1.1233021192291137
1 17 61 -0.3933450883156277
1 18 13 -0.29453917212749486
1 18 31 -1.3660007463023218
2 0 0 0.0
2 1 4 0.0
2 3 3 -1.248535393781615
2 3 7 -0.3381682835014786
2 4 18 -0.8157171763009624
2 4 20 -3.261278780094211
2 4 15 -0.6551990649028844
2 5 17 0.0
2 6 23 0.0
2 7 33 -1.5550351221730703
2 7 34 -0.2372196125437923
2 8 40 -1.050950210051929
2 8 25 -1.5468142176052477
2 8 42 -0.8267485655263611
2 9 39 -0.16775281950686646
2 9 44 -1.8679678380638103
2 10 50 0.0
2 11 54 -0.4150435117734676
2 11 27 -1.5792552408009095
2 11 47 -2.0132052571484556
2 12 53 0.0
2 13 49 -1.1926163622367245
2 13 57 -0.3615817503374021
2 14 9 -0.00636651314031016
2 14 58 -5.059884914692818
2 15 11 0.0
2 16 37 -0.7229964499863138
2 16 29 -1.6443569938527143
2 16 62 -1.1345481807787172
2 17 64 -1.1301301422763015
2 17 61 -0.39007103551059963
2 18 13 -0.295089142016983
2 18 31 -1.3643967587448687
3 0 0 -0.33819592194810194
3 0 2 -1.248466709062483
3 1 6 0.0
3 2 5 0.0
3 4 18 -9.321487953026635
3 4 20 -7.180016453372138
3 4 15 -8.514984004052541E-4
3 5 17 0.0
3 6 23 0.0
3 7 33 -1.4145072455102123
3 7 34 -0.278451929098866
3 8 40 -0.4293628622840539
3 8 25 -1.0524647292920777
3 9 39 -0.9441782705591009
3 9 44 -0.49265683308504493
3 10 50 -1.6903900303826145
3 10 43 -0.3576522662624134
3 10 46 -2.1521307652009494
3 11 27 0.0
3 12 53 0.0
3 13 49 -0.13393075603177396
3 13 57 -2.076650454683412
3 14 9 -0.4294153028487439
3 14 58 -1.0523669505507853
3 15 55 -1.0169891520360173
3 15 11 -0.44891911456889716
3 16 37 -3.8745295595122946
3 16 29 -1.5338093522279856
3 16 62 -0.26981134882553887
3 17 64 -0.4376635112639518
3 17 61 -1.0371681371159613
3 18 13 -0.16739701085055697
3 18 31 -1.8699181820628181
4 0 0 -0.338270781345325
4 0 2 -1.2482807080706573
4 1 6 0.0
4 2 5 0.0
4 3 14 0.0
4 5 17 -2.163784609630743
4 5 21 -0.12204276645952325
4 6 23 0.0
4 7 33 -0.274779927955426
4 7 34 -1.4260307043818121
4 8 25 0.0
4 9 39 -1.2198428718387826
4 9 44 -0.3499498361712525
4 10 43 -0.6670573602503773
4 10 46 -0.7199359559124932
4 11 19 -0.008658418648340323
4 11 27 -4.753549262850247
4 12 53 0.0
4 13 49 -3.4906260331602543
4 13 57 -0.030956014985994762
4 14 9 -1.2356632729781882
4 14 58 -0.3433948354968038
4 15 51 -1.9672832299110552
4 15 55 -0.4433180708091688
4 15 11 -1.522064818843928
4 16 37 -4.108210337298094
4 16 29 -0.7564474958342206
4 16 62 -0.6650806245232276
4 17 64 -0.9488562006141156
4 17 61 -0.48968994857294446
4 18 41 -4.864557779686055
4 18 13 -0.9064584303102856
4 18 31 -0.5304631137295044
5 0 0 -0.3380745294977403
5 0 2 -1.2487684325610946
5 1 6 0.0
5 2 5 0.0
5 3 16 0.0
5 4 18 -4.052962047731346
5 4 20 -0.11964462204612951
5 4 15 -2.3497451492893906
5 6 23 0.0
5 7 33 -0.00150300624064681
5 7 34 -6.501039425087189
5 8 25 0.0
5 9 39 -1.4365478153544928
5 9 44 -0.27147687610743076
5 10 43 -0.4151977870181328
5 10 46 -1.0794265777587067
5 11 27 0.0
5 12 53 0.0
5 13 49 -0.5049951488131399
5 13 57 -0.9251006836667254
5 14 9 -0.6899991372925044
5 14 58 -0.6963051653082479
5 15 51 -0.7869062988805541
5 15 55 -1.3435977031697242
5 15 11 -1.2593317124827461
5 16 37 -3.9773253371321204
5 16 29 -0.47042124385025824
5 16 62 -1.0313501563248102
5 17 64 -1.334230036668806
5 17 61 -0.30565716156671163
5 18 41 -4.011250508493173
5 18 13 -2.1539664906688425
5 18 31 -0.14402485464751136
6 0 0 -0.3386651855031781
6 0 2 -1.2473015439456787
6 1 6 0.0
6 2 5 0.0
6 3 16 0.0
6 4 18 -4.418311668628121
6 4 20 -0.19688326042203683
6 4 15 -1.791805899751921
6 5 22 0.0
6 7 33 0.0
6 8 25 0.0
6 9 39 -1.4589264152555972
6 9 44 -0.2645982119870119
6 10 43 -0.4150769518421704
6 10 46 -1.079661401231727
6 11 27 0.0
6 12 53 0.0
6 13 49 -0.39222070037748125
6 13 57 -1.1256392557028487
6 14 9 -0.7850539249636136
6 14 58 -0.6089808750031148
6 15 51 -0.7875013924676415
6 15 55 -1.3425168167145902
6 15 11 -1.2593716124114362
6 16 37 -8.076634811939275
6 16 29 -1.4822420918872894
6 16 62 -0.258043778740335
6 17 64 -0.27964912526984115
6 17 61 -1.4107877844936039
6 18 35 -4.093872795276109E-4
6 18 41 -10.056135069810194
6 18 13 -9.290127787036813
6 18 31 -8.202197729038634
7 0 0 -0.3388362724364729
7 0 2 -1.2468772143705737
7 1 6 0.0
7 2 5 0.0
7 3 12 0.0
7 4 18 -4.4653492449112235
7 4 20 -0.19233987181787235
7 4 15 -1.811108027837197
7 5 17 -9.032509656454986
7 5 22 -9.523763138315203E-4
7 5 30 -7.0911246163272414
7 6 32 0.0
7 8 40 -0.42936561491533115
7 8 25 -1.052459596472125
7 9 39 -0.69376315408855
7 9 44 -0.6925315862211695
7 10 43 0.0
7 11 27 -0.5654507812839579
7 11 47 -0.8395704567073727
7 12 53 -1.3211601168802962
7 12 56 -0.3103716429048511
7 13 49 0.0
7 14 9 -1.0008395663925935
7 14 58 -0.45818686158473776
7 15 51 -0.7622651952614173
7 15 55 -0.8829994289202823
7 15 11 -2.1215054230479673
7 16 37 -6.850621301802307
7 16 29 -1.5015828451337003
7 16 62 -0.25339151395219867
7 17 64 -0.24867610648248928
7 17 61 -1.5133667276338105
7 18 35 0.0
8 0 0 -0.1081273371240667
8 0 2 -2.2780222682493045
8 1 6 -0.8394238162717756
8 1 10 -0.5655622777579995
8 2 5 0.0
8 3 16 -1.3938698448655684
8 3 12 -0.28516961063274576
8 4 18 -1.018864701622207
8 4 20 -1.1762666669015334
8 4 15 -1.1069447434771738
8 5 24 0.0
8 6 23 0.0
8 7 33 -1.4355526936309353
8 7 34 -0.2717874578148427
8 9 39 -0.5847928581019328
8 9 44 -0.8146851229574422
8 10 43 0.0
8 11 27 -1.4764513079446997
8 11 47 -0.25934983375939974
8 12 53 -8.088694077938602
8 12 56 -3.070375322079641E-4
8 13 49 0.0
8 14 9 -2.1254791006278593
8 14 58 -0.1271242611262896
8 15 51 -0.26181014458662083
8 15 55 -1.4681863557832222
8 16 37 -0.6379394452164087
8 16 29 -2.0711331185331305
8 16 62 -1.0625396168995946
8 17 64 -1.6344829145672766
8 17 61 -0.21697909616749148
8 18 41 -0.15759819751753518
8 18 31 -1.9254709685719644
9 0 0 -0.6777370100826953
9 0 2 -0.7087985460960745
9 1 10 0.0
9 2 5 0.0
9 3 16 -1.5200079343553612
9 3 7 -1.5669371965710803
9 3 12 -0.557556556107509
9 4 18 -0.9639557257737336
9 4 20 -1.0794590168487934
9 4 15 -1.2771191082608644
9 5 24 0.0
9 6 23 0.0
9 7 33 -1.7155052491242135
9 7 34 -0.19829584973518893
9 8 38 0.0
9 10 43 -0.7148371612888677
9 10 45 -0.6719176848532392
9 11 27 -1.4764622235712797
9 11 47 -0.25934660180560054
9 12 53 -7.073962781187608
9 12 56 -8.47229285858582E-4
9 13 49 0.0
9 14 9 -1.309856986990402
9 14 58 -0.31451712923154745
9 15 51 -0.26176710213099486
9 15 55 -1.468330189317244
9 16 37 -0.638605823117011
9 16 29 -2.408566098077372
9 16 62 -0.9622620262072451
9 17 64 -1.545563679547342
9 17 61 -0.23977059969900985
9 18 41 -0.22987168190580473
9 18 31 -1.5829691322245836
10 0 0 -0.677951044839088
10 0 2 -0.7085778067526907
10 1 10 0.0
10 2 5 0.0
10 3 16 -0.9243687206463499
10 3 7 -1.5653525905488754
10 3 12 -0.9308870515175712
10 4 18 -1.101209786067509
10 4 20 -0.853574983893678
10 4 15 -1.4202991576379342
10 5 24 -0.41520018008818577
10 5 26 -1.0794219280603317
10 6 23 0.0
10 7 33 -1.6483926068279742
10 7 34 -0.21363744852964325
10 8 42 0.0
10 9 39 -0.6580263105853579
10 9 44 -0.7295465647677855
10 11 47 0.0
10 12 53 -8.285419273650536
10 12 56 -2.521987282839482E-4
10 13 49 0.0
10 14 9 -1.3970777872690054
10 14 58 -0.2841132836826608
10 15 51 -0.24571770484695657
10 15 55 -1.5239163439595895
10 16 37 -0.6442582315919558
10 16 29 -3.143109144799191
10 16 62 -0.8397934533123188
10 17 64 -1.3470928543714669
10 17 61 -0.3010983446751926
10 18 41 -0.42358046399643756
10 18 31 -1.0633373128513908
11 0 0 -0.267121552288109
11 0 2 -1.4506409339938118
11 1 10 0.0
11 2 5 0.0
11 3 16 -0.7389070575629212
11 3 7 -0.6493899625998483
11 4 18 -0.029012485883811237
11 4 20 -4.870973427786539
11 4 15 -3.866582970701908
11 5 26 0.0
11 6 23 0.0
11 7 33 -1.3784015790938746
11 7 34 -0.2903269043181805
11 8 25 -1.4764461613585549
11 8 42 -0.2593513576024576
11 9 39 -0.4200819221075106
11 9 44 -1.0700044103325328
11 10 46 0.0
11 12 53 0.0
11 13 49 -8.409719648585265
11 13 57 -2.2271707987164786E-4
11 14 9 -1.9516940671202274
11 14 58 -0.1531899375857255
11 15 51 -2.6790192727774795
11 15 55 -0.07109911902305553
11 16 37 -1.0667303018808574
11 16 29 -1.0634692687531913
11 16 62 -1.1692101926249931
11 17 64 -0.78660215797386
11 17 61 -0.6076844390400035
11 18 41 -0.7696233743109339
11 18 13 -1.6238855774466048
11 18 31 -1.079747524873299
12 0 0 -0.2438564505042123
12 0 2 -1.530627247677945
12 1 10 0.0
12 2 5 0.0
12 3 16 -0.7388948227550968
12 3 7 -0.6494011499043176
12 4 18 -0.03161771356093952
12 4 20 -4.792043852794512
12 4 15 -3.779784295369042
12 5 26 0.0
12 6 23 0.0
12 7 33 -1.4847162308064035
12 7 34 -0.2569157460768207
12 8 25 -9.349956887564504
12 8 42 -8.697295050370265E-5
12 9 39 -0.9268965569020242
12 9 44 -0.503817053558646
12 10 48 -2.115278824545003E-4
12 10 46 -8.461259498307973
12 11 52 0.0
12 13 57 0.0
12 14 9 -3.3348278367691675
12 14 58 -0.03627061596420164
12 15 51 -0.9445098177109504
12 15 55 -0.4924458079359348
12 16 37 -0.6397832017456349
12 16 29 -1.3820518890173514
12 16 62 -1.507195559146179
12 17 64 -1.1793103825437643
12 17 61 -0.3674336351861224
12 18 41 -0.4960950645031058
12 18 13 -2.3848362094410156
12 18 31 -1.207337850778399
13 0 0 -0.41220348550335606
13 0 2 -1.085270240083235
13 1 10 0.0
13 2 5 0.0
13 3 16 -0.7416142375214928
13 3 7 -1.5645861962667382
13 3 12 -1.1568313448812668
13 4 18 -0.04656039007430762
13 4 20 -3.924248920834195
13 4 15 -3.659860076359581
13 5 24 -0.76280259968508
13 5 26 -0.6280292901124735
13 6 23 0.0
13 7 33 -1.3145785039614604
13 7 34 -0.3127776937773691
13 8 42 0.0
13 9 39 -0.6053865849537413
13 9 44 -0.7893571642875649
13 10 48 0.0
13 11 52 -1.9977396260951804E-4
13 11 47 -8.518423902830211
13 12 56 0.0
13 14 9 -3.984640440444765
13 14 58 -0.018774269465444034
13 15 51 -0.5169649544104529
13 15 55 -0.9071518339135286
13 16 37 -0.6411609591064134
13 16 29 -2.247271909294695
13 16 62 -1.0006722157737036
13 17 64 -1.2136465976786714
13 17 61 -0.3525575096178785
13 18 41 -0.7633487661928356
13 18 31 -0.6275522316866359
14 0 0 0.0
14 1 8 0.0
14 2 5 0.0
14 3 3 -1.248631543080429
14 3 7 -0.3381295978931919
14 4 18 -0.7786277013597551
14 4 20 -2.9184930371013094
14 4 15 -0.7195949348399078
14 5 17 -0.48796366610297925
14 5 24 -1.8466195507134515
14 5 26 -1.476852858586103
14 6 23 0.0
14 7 33 -1.3181062562495567
14 7 34 -0.3114853589607564
14 8 42 0.0
14 9 39 -0.6917273033496905
14 9 44 -0.6945690766884481
14 10 50 0.0
14 11 54 -0.07096008720200012
14 11 47 -2.6809079589137035
14 12 53 0.0
14 13 49 -0.8192717961473241
14 13 57 -0.5811631405588
14 15 11 -5.8292743378863845
14 15 59 -0.0029445407132547047
14 16 37 -1.1597508125262783
14 16 29 -1.040000564415234
14 16 62 -1.0996692167479778
14 17 64 -1.0262239008168594
14 17 61 -0.44372414408909433
14 18 41 -1.3969507951618918
14 18 13 -1.3792943783758527
14 18 31 -0.6913611187618651
15 0 0 0.0
15 1 10 0.0
15 2 5 0.0
15 3 3 -1.6333260341048603
15 3 7 -0.21725963084552474
15 4 18 -0.3488303237850908
15 4 20 -3.1609487101313056
15 4 15 -1.377922857335877
15 5 17 -1.2619682818140008
15 5 24 -1.1996269980769327
15 5 26 -0.8780388615083033
15 6 23 0.0
15 7 33 -0.630584992167908
15 7 34 -0.7598861584477242
15 8 42 0.0
15 9 39 -0.6929745687468536
15 9 44 -0.6933198221730191
15 10 50 0.0
15 11 54 -0.07096474152608734
15 11 47 -2.680844669973178
15 12 53 0.0
15 13 49 -0.723298675272629
15 13 57 -0.6638782526743621
15 14 9 -5.866763979467482
15 14 58 -0.0028360407709126186
15 16 37 -1.3704990405547557
15 16 29 -0.8364214048651558
15 16 62 -1.162314007177573
15 17 64 -0.744753682323228
15 17 61 -0.6440737227935038
15 18 41 -1.1597305207746091
15 18 13 -2.148678515134418
15 18 31 -0.5624854096168214
16 0 0 -0.24234098534823204
16 0 2 -1.5361341553312482
16 1 6 -0.7439355978851185
16 1 10 -0.6448140296694995
16 2 5 0.0
16 3 16 -1.1092551751913833
16 3 12 -0.40018584228969883
16 4 18 -3.7219824250285725
16 4 20 -0.5280311522678485
16 4 15 -0.9517908663430625
16 5 28 0.0
16 6 23 0.0
16 7 33 -1.2480703369139916
16 7 34 -0.3383554724851254
16 8 36 -0.19526438203065496
16 8 25 -1.729444854773793
16 9 39 -0.6928484201047507
16 9 44 -0.6934460302996248
16 10 43 0.0
16 11 27 -0.7767242269882063
16 11 47 -0.6160196857584191
16 12 53 -2.011455176376856
16 12 56 -0.14363233790751742
16 13 49 0.0
16 14 9 -0.41873503987655963
16 14 58 -1.072589294329507
16 15 51 -0.28701240146423634
16 15 55 -1.3883060690497502
16 17 61 0.0
16 18 65 -0.4941230464106392
16 18 41 -6.217557341489585
16 18 31 -4.610661028478956
16 18 63 -0.9729802952409095
17 0 0 -0.3372730713005547
17 0 2 -1.2507636831567872
17 1 6 0.0
17 2 5 0.0
17 3 12 0.0
17 4 18 -4.600878952040279
17 4 20 -0.22504863774822298
17 4 15 -1.6529739314737824
17 5 17 -2.9869843415935
17 5 28 -0.7460171925552511
17 5 30 -0.7437900856692148
17 6 32 -0.0014254777837730214
17 6 23 -6.553960888825091
17 7 34 0.0
17 8 36 -0.8321279132248569
17 8 40 -0.9479653206046044
17 8 25 -1.7296363922587792
17 9 39 -0.6928996031781366
17 9 44 -0.6933948192514932
17 10 43 0.0
17 11 27 -0.669396442529793
17 11 47 -0.7174757683285494
17 12 53 -2.218249163218831
17 12 56 -0.1151857727036571
17 13 49 0.0
17 14 9 -0.882958225453674
17 14 58 -0.533681001797219
17 15 51 -0.7709466616642683
17 15 55 -0.7156110970057535
17 15 11 -3.0255364024038265
17 16 60 0.0
17 18 65 -0.2711529187575444
17 18 63 -1.4375871795246733
18 0 0 -0.3381282999824613
18 0 2 -1.2486347691354935
18 1 6 0.0
18 2 5 0.0
18 3 12 0.0
18 4 18 -4.640667612150815
18 4 20 -0.421769638095892
18 4 15 -1.0952271201772301
18 5 17 -2.14382861468751
18 5 30 -0.12466255066586042
18 6 32 -3.362138358085198E-4
18 6 23 -7.997931286539407
18 7 34 0.0
18 8 40 -0.4293524198324695
18 8 25 -1.0524842016556069
18 9 39 -0.6930137624838423
18 9 44 -0.6932806164388068
18 10 43 0.0
18 11 27 -0.6049933939847463
18 11 47 -0.7898299768321395
18 12 53 -1.244202792246788
18 12 56 -0.33991693050257765
18 13 49 0.0
18 14 9 -0.9259257151834093
18 14 58 -0.5044534919404549
18 15 51 -0.7738164486347079
18 15 55 -0.7691509896961943
18 15 11 -2.585687116424634
18 16 37 -5.506259870766079
18 16 29 -4.614561575228498
18 16 62 -0.01406626203660355
18 17 64 -0.028281228113545283
18 17 61 -3.579664300085845
