0 1 1 0.0
0 2 5 0.0
0 3 3 -1.1430114491092134
0 3 7 -0.383983526111444
0 4 18 -1.062031748558764
0 4 20 -3.400643916493855
0 4 15 -0.4765923289219439
0 5 17 0.0
0 6 23 0.0
0 7 33 -1.8085967701310173
0 7 34 -0.17898785061999475
0 8 40 -1.7941590177786124
0 8 25 -1.3056687357745909
0 8 42 -0.5749348579246518
0 9 39 -0.08095406482369584
0 9 44 -2.5540773684120044
0 10 50 0.0
0 11 54 -0.6113248355181424
0 11 27 -1.2491890936485668
0 11 47 -1.7682502774963045
0 12 53 0.0
0 13 49 -1.6241463520970558
0 13 57 -0.21949999738762077
0 14 9 -1.4474044189209898E-4
0 14 58 -8.840640844872958
0 15 11 0.0
0 16 37 -0.7227880699406892
0 16 29 -1.8106426773665956
0 16 62 -1.046815336552983
0 17 64 -1.3505438376934291
0 17 61 -0.2998886901313215
0 18 13 -0.23605826039489072
0 18 31 -1.5593850331545887
1 0 0 0.0
1 2 5 0.0
1 3 3 -1.1519418449895147
1 3 7 -0.3798302660671016
1 4 18 -1.0601679643468165
1 4 20 -3.3765355107468005
1 4 15 -0.47894466437501143
1 5 17 0.0
1 6 23 0.0
1 7 33 -1.774100264487486
1 7 34 -0.185891130226028
1 8 40 -1.8015634239195029
1 8 25 -1.3108513646766435
1 8 42 -0.5702768348422222
1 9 39 -0.07743531868593698
1 9 44 -2.5967801176626994
1 10 50 0.0
1 11 54 -0.6148379292985109
1 11 27 -1.2566636065440497
1 11 47 -1.7448597359664784
1 12 53 0.0
1 13 49 -1.6384728138874336
1 13 57 -0.2160146626347809
1 14 9 -1.3769686104405862E-4
1 14 58 -8.890524795742378
1 15 11 0.0
1 16 37 -0.71475618137894
1 16 29 -1.7787932405628595
1 16 62 -1.0733925260773851
1 17 64 -1.3161813235608328
1 17 61 -0.31218975459573073
1 18 13 -0.23455308420135673
1 18 31 -1.565058639075219
2 0 0 0.0
2 1 4 0.0
2 3 3 -1.1518862117245283
2 3 7 -0.3798559717066138
2 4 18 -1.059552707770373
2 4 20 -3.38476661508553
2 4 15 -0.4788367051035514
2 5 17 0.0
2 6 23 0.0
2 7 33 -1.7666429423778331
2 7 34 -0.18742146006702814
2 8 40 -1.8006490624375293
2 8 25 -1.3106763690058594
2 8 42 -0.5706273880019359
2 9 39 -0.07785137924537222
2 9 44 -2.591626831646307
2 10 50 0.0
2 11 54 -0.6148235523559425
2 11 27 -1.255306426508254
2 11 47 -1.7471196506882232
2 12 53 0.0
2 13 49 -1.6327636194441324
2 13 57 -0.21739615785795208
2 14 9 -2.745961972677899E-4
2 14 58 -8.200346207943133
2 15 11 0.0
2 16 37 -0.715835014760644
2 16 29 -1.769851272519676
2 16 62 -1.0762896732251783
2 17 64 -1.3210806907148986
2 17 61 -0.3104005501871474
2 18 13 -0.23184055275422344
2 18 31 -1.575387109798173
3 0 0 -0.383863539920425
3 0 2 -1.1432678116856254
3 1 6 0.0
3 2 5 0.0
3 4 18 -3.3839480307193104
3 4 20 -2.3141300107273106
3 4 15 -0.1424458038958647
3 5 17 0.0
3 6 23 0.0
3 7 33 -1.6950304754302776
3 7 34 -0.20284305024180982
3 8 40 -0.5568450297260984
3 8 25 -0.8510041874162549
3 9 39 -1.4271929559820282
3 9 44 -0.27441265733909537
3 10 50 -1.4780341604389335
3 10 43 -0.37828106833245545
3 10 46 -2.4432683863076234
3 11 27 0.0
3 12 53 0.0
3 13 49 -0.05922261729438924
3 13 57 -2.855916935814164
3 14 9 -0.3576747059503873
3 14 58 -1.2016439060117918
3 15 55 -1.1923251788779174
3 15 11 -0.36170861585173664
3 16 37 -3.1719903231706996
3 16 29 -1.278306362078848
3 16 62 -0.38629308293311465
3 17 64 -0.6103973511379671
3 17 61 -0.783367360350328
3 18 13 -0.13365187837635384
3 18 31 -2.078598547643172
4 0 0 -0.38551247872680455
4 0 2 -1.139753112348098
4 1 6 0.0
4 2 5 0.0
4 3 14 0.0
4 5 17 -2.5826605331840295
4 5 21 -0.07858083883120694
4 6 23 0.0
4 7 33 -0.3026613089577237
4 7 34 -1.3426576269408779
4 8 25 0.0
4 9 39 -2.1973180619270045
4 9 44 -0.11777135069699832
4 10 43 -0.6390450653195869
4 10 46 -0.7503445949838657
4 11 19 -0.09068649132441248
4 11 27 -2.4453474717645065
4 12 53 0.0
4 13 49 -1.4901750070143671
4 13 57 -0.2553222997580174
4 14 9 -1.410364562582834
4 14 58 -0.2797857226694411
4 15 51 -1.3423666576713595
4 15 55 -0.5771982337983046
4 15 11 -1.7298893518908005
4 16 37 -4.664474479414172
4 16 29 -0.6205795986968252
4 16 62 -0.7919888469888434
4 17 64 -1.2257590080619263
4 17 61 -0.3474813639252818
4 18 41 -5.19269295710317
4 18 13 -0.9573828435218388
4 18 31 -0.4934005114618336
5 0 0 -0.2871243924859247
5 0 2 -1.3879692694908536
5 1 6 0.0
5 2 5 0.0
5 3 16 0.0
5 4 18 -3.3582820096921773
5 4 20 -0.11691974886737411
5 4 15 -2.5829813888925086
5 6 23 0.0
5 7 33 -0.0018949038141426071
5 7 34 -6.269534501740602
5 8 25 0.0
5 9 39 -1.7302345083873996
5 9 44 -0.19509418887289334
5 10 43 -0.380746896021028
5 10 46 -1.149960826307953
5 11 27 0.0
5 12 53 0.0
5 13 49 -0.6402323258509691
5 13 57 -0.7490192248341881
5 14 9 -1.258782185236263
5 14 58 -0.33407465809175063
5 15 51 -0.7083498125654449
5 15 55 -1.3691918601951616
5 15 11 -1.3734514605955657
5 16 37 -4.267770979282357
5 16 29 -0.5566342492920934
5 16 62 -0.8846657011860801
5 17 64 -1.7666043368054283
5 17 61 -0.1874294182318913
5 18 41 -4.274805654135126
5 18 13 -1.542343332504192
5 18 31 -0.2585040237240006
6 0 0 -0.2727199747854537
6 0 2 -1.4325726418126814
6 1 6 0.0
6 2 5 0.0
6 3 16 0.0
6 4 18 -3.3611484859066305
6 4 20 -0.11703419609383435
6 4 15 -2.5803189762933423
6 5 22 0.0
6 7 33 0.0
6 8 25 0.0
6 9 39 -1.680259983557017
6 9 44 -0.20619490472027385
6 10 43 -0.3810342239793152
6 10 46 -1.1493410338773151
6 11 27 0.0
6 12 53 0.0
6 13 49 -0.6353040198510725
6 13 57 -0.7545427034760701
6 14 9 -1.259578047309153
6 14 58 -0.3337591568212253
6 15 51 -0.7079299854281682
6 15 55 -1.3700284619731455
6 15 11 -1.3734282435223575
6 16 37 -6.673493493474123
6 16 29 -0.7185825737384931
6 16 62 -0.6708117946362027
6 17 64 -0.6597777005888478
6 17 61 -0.7276687375245374
6 18 35 -2.423417105899827E-4
6 18 41 -9.973280591206965
6 18 13 -9.752211401546829
6 18 31 -8.891762179606596
7 0 0 -0.37295565565298044
7 0 2 -1.1669846196516536
7 1 6 0.0
7 2 5 0.0
7 3 12 0.0
7 4 18 -5.552427798339834
7 4 20 -0.2679843201103322
7 4 15 -1.4644626508587624
7 5 17 -8.035664084077599
7 5 22 -0.016712277856530507
7 5 30 -4.119681264547103
7 6 32 0.0
7 8 40 -0.5325209676425561
7 8 25 -0.8846055134154287
7 9 39 -0.6780652809722691
7 9 44 -0.7084600314722209
7 10 43 0.0
7 11 27 -0.5313952537614477
7 11 47 -0.8862084963623069
7 12 53 -0.5760941558693061
7 12 56 -0.8257407700374629
7 13 49 0.0
7 14 9 -1.9075896267463919
7 14 58 -0.16068267070111192
7 15 51 -0.6110526425381841
7 15 55 -1.0205856819967964
7 15 11 -2.3347263721550147
7 16 37 -6.038940126503947
7 16 29 -1.0164971706827524
7 16 62 -0.4529409748463247
7 17 64 -0.039679021748328915
7 17 61 -3.246706561092193
7 18 35 0.0
8 0 0 -0.022666480794314485
8 0 2 -3.7981798961910833
8 1 6 -0.945105884402345
8 1 10 -0.49206670757498955
8 2 5 0.0
8 3 16 -1.3591245209776013
8 3 12 -0.29690524406080865
8 4 18 -0.5698587345112818
8 4 20 -1.1096359632340882
8 4 15 -2.2565061061115244
8 5 24 0.0
8 6 23 0.0
8 7 33 -1.4338506699914104
8 7 34 -0.27231960768375
8 9 39 -0.5019698757408947
8 9 44 -0.9297231585889854
8 10 43 0.0
8 11 27 -1.6635394815597038
8 11 47 -0.21006344054820744
8 12 53 -2.037841545458424
8 12 56 -0.13961807903732204
8 13 49 0.0
8 14 9 -1.355871712134023
8 14 58 -0.2980321658767158
8 15 51 -0.3091114589059649
8 15 55 -1.3246310078229746
8 16 37 -0.5107468321074891
8 16 29 -2.247179469653462
8 16 62 -1.2233058313240786
8 17 64 -1.7647034340631733
8 17 61 -0.1878217296712392
8 18 41 -0.26017305905251786
8 18 31 -1.4736759588900805
9 0 0 -0.3817818452307759
9 0 2 -1.1477309776392355
9 1 10 0.0
9 2 5 0.0
9 3 16 -1.2284460065524263
9 3 7 -1.022785883529352
9 3 12 -1.056527165206097
9 4 18 -0.5687895565460194
9 4 20 -1.213303779840114
9 4 15 -1.990874896578267
9 5 24 0.0
9 6 23 0.0
9 7 33 -1.4332015081447445
9 7 34 -0.2725228862402361
9 8 38 0.0
9 10 43 -1.1945561953830037
9 10 45 -0.3607379373143169
9 11 27 -1.843950064022393
9 11 47 -0.17220251679564763
9 12 53 -1.9657798517936784
9 12 56 -0.15087711027935913
9 13 49 0.0
9 14 9 -1.3392783999935578
9 14 58 -0.3038584535961929
9 15 51 -0.29409297729465744
9 15 55 -1.3673046165650182
9 16 37 -0.5107563546595327
9 16 29 -2.2438871361750006
9 16 62 -1.2244716501236068
9 17 64 -1.7631226488578984
9 17 61 -0.1881486606980056
9 18 41 -0.2600839723276952
9 18 31 -1.4739758164915115
10 0 0 -0.38182992633578317
10 0 2 -1.1476275613323978
10 1 10 0.0
10 2 5 0.0
10 3 16 -0.7751451788794381
10 3 7 -1.6317561377360037
10 3 12 -1.067761209597135
10 4 18 -1.4113424945773514
10 4 20 -0.6869560339987573
10 4 15 -1.374053260800095
10 5 24 -0.3807608525767275
10 5 26 -1.1499307077587895
10 6 23 0.0
10 7 33 -1.3304249799276464
10 7 34 -0.3070210544553388
10 8 42 0.0
10 9 39 -0.8828871119026594
10 9 44 -0.5337311539439089
10 11 47 0.0
10 12 53 -2.0417404969722757
10 12 56 -0.1390351886316656
10 13 49 0.0
10 14 9 -1.2854303974088954
10 14 58 -0.3236983268913165
10 15 51 -0.24300482273697838
10 15 55 -1.533717137542897
10 16 37 -0.5096918191052722
10 16 29 -2.9895745926305293
10 16 62 -1.0526532784837366
10 17 64 -1.7623203081919891
10 17 61 -0.18831483605257898
10 18 41 -0.36449379053413583
10 18 31 -1.185963119181513
11 0 0 -0.3816163583670124
11 0 2 -1.1480870385168525
11 1 10 0.0
11 2 5 0.0
11 3 16 -0.7468187243942176
11 3 7 -0.6422101297735933
11 4 18 -0.0971819626251757
11 4 20 -2.521800962106463
11 4 15 -4.398620542046424
11 5 26 0.0
11 6 23 0.0
11 7 33 -1.5886832781981648
11 7 34 -0.2284002207854995
11 8 25 -1.4721474317644685
11 8 42 -0.260627718499217
11 9 39 -0.3379441378678582
11 9 44 -1.2490926659755253
11 10 46 0.0
11 12 53 0.0
11 13 49 -2.0419171957937063
11 13 57 -0.1390088341095996
11 14 9 -1.299383583534204
11 14 58 -0.3184160089510274
11 15 51 -1.9968144006458988
11 15 55 -0.14591298012886317
11 16 37 -1.1040788054093167
11 16 29 -1.2939188548886271
11 16 62 -0.9306693107013564
11 17 64 -0.678273826288233
11 17 61 -0.7082450956740862
11 18 41 -0.629715447291603
11 18 13 -1.8337684027649888
11 18 31 -1.1794544359530093
12 0 0 -0.36127491993260735
12 0 2 -1.1933211068949012
12 1 10 0.0
12 2 5 0.0
12 3 16 -0.7469318750409832
12 3 7 -0.6421082285479959
12 4 18 -0.09720315855893688
12 4 20 -2.523036532902723
12 4 15 -4.389035633372005
12 5 26 0.0
12 6 23 0.0
12 7 33 -1.303253962988755
12 7 34 -0.3169686700124276
12 8 25 -4.891346937233515
12 8 42 -0.007539650274789204
12 9 39 -0.8665882314693822
12 9 44 -0.5453883527075197
12 10 48 -0.13899384296969294
12 10 46 -2.042017722705831
12 11 52 0.0
12 13 57 0.0
12 14 9 -1.4103310672967009
12 14 58 -0.27979653673908716
12 15 51 -1.8992875578280275
12 15 55 -0.1621369038696218
12 16 37 -0.603169321655232
12 16 29 -1.0903439237693475
12 16 62 -2.1470859766294974
12 17 64 -1.2494437995421488
12 17 61 -0.3378029950852239
12 18 41 -0.6314045999560873
12 18 13 -2.025960666101591
12 18 31 -1.0897854097822668
13 0 0 -0.3615090842964375
13 0 2 -1.1927832011118251
13 1 10 0.0
13 2 5 0.0
13 3 16 -0.6997851894276376
13 3 7 -1.5393420018919166
13 3 12 -1.2420700325498248
13 4 18 -0.14106066966341224
13 4 20 -2.102093454744541
13 4 15 -4.670985442100751
13 5 24 -1.020404691843439
13 5 26 -0.44698897367342294
13 6 23 0.0
13 7 33 -0.609560078464931
13 7 34 -0.784363648546356
13 8 42 0.0
13 9 39 -0.6421267016169658
13 9 44 -0.7469113608253163
13 10 48 0.0
13 11 52 -0.1389720345461766
13 11 47 -2.042163985389664
13 12 56 0.0
13 14 9 -1.7474166689891124
13 14 58 -0.1914310498224165
13 15 51 -0.5410032102998311
13 15 55 -0.8726660919758042
13 16 37 -0.5855999264273613
13 16 29 -1.2122805963682712
13 16 62 -1.926135054919968
13 17 64 -1.1696102302597784
13 17 61 -0.37177108587016133
13 18 41 -0.453227935093917
13 18 31 -1.009429701545856
14 0 0 0.0
14 1 8 0.0
14 2 5 0.0
14 3 3 -1.151691595906656
14 3 7 -0.3799459114105427
14 4 18 -0.7992113963696229
14 4 20 -1.919907717504066
14 4 15 -0.9070930067694845
14 5 17 -0.7419585467380245
14 5 24 -1.4221133518428244
14 5 26 -1.2636665811376915
14 6 23 0.0
14 7 33 -0.7564808221690831
14 7 34 -0.6335868946722657
14 8 42 0.0
14 9 39 -0.6888421562674911
14 9 44 -0.6974708182465436
14 10 50 0.0
14 11 54 -0.1270416890295114
14 11 47 -2.126088438304481
14 12 53 0.0
14 13 49 -0.7445176095283962
14 13 57 -0.6442872330865677
14 15 11 -2.3693279063127513
14 15 59 -0.09821231966339612
14 16 37 -0.985502351738063
14 16 29 -0.7754980020223026
14 16 62 -1.7941187475835965
14 17 64 -1.2139665235979307
14 17 61 -0.3524223072309882
14 18 41 -1.3786482619253209
14 18 13 -1.2953053543855158
14 18 31 -0.7459850197731301
15 0 0 0.0
15 1 10 0.0
15 2 5 0.0
15 3 3 -2.3168501172085394
15 3 7 -0.10378800150248434
15 4 18 -0.6292198487780769
15 4 20 -1.0974616612173185
15 4 15 -2.015337328561512
15 5 17 -1.3736296231082825
15 5 24 -1.0889012701824583
15 5 26 -0.8910432163681379
15 6 23 0.0
15 7 33 -0.6107742835476713
15 7 34 -0.782919436399512
15 8 42 0.0
15 9 39 -0.6931731637437104
15 9 44 -0.6931211980512886
15 10 50 0.0
15 11 54 -0.14590621757238484
15 11 47 -1.9968574491430884
15 12 53 0.0
15 13 49 -0.829154870392462
15 13 57 -0.573442366481761
15 14 9 -2.498814682684064
15 14 58 -0.08575654979364164
15 16 37 -1.4698880459105996
15 16 29 -0.5528333571077828
15 16 62 -1.6361343468311156
15 17 64 -1.219059881604493
15 17 61 -0.35027808857315323
15 18 41 -0.9814555501989093
15 18 13 -2.055563688009236
15 18 31 -0.6987344877597919
16 0 0 -0.381096834369979
16 0 2 -1.1492060521707101
16 1 6 -0.7492213542957578
16 1 10 -0.6400510663343512
16 2 5 0.0
16 3 16 -1.2197451548863794
16 3 12 -0.3499907820578127
16 4 18 -1.6886370737652536
16 4 20 -1.1544340852061739
16 4 15 -0.6931613107273492
16 5 28 0.0
16 6 23 0.0
16 7 33 -0.8588017720368376
16 7 34 -0.5510738781438131
16 8 36 -0.20235029937561602
16 8 25 -1.6972245911252934
16 9 39 -0.6931292228653548
16 9 44 -0.6931651385770204
16 10 43 0.0
16 11 27 -0.7148263687327744
16 11 47 -0.6719280241074033
16 12 53 -1.300375067058667
16 12 56 -0.31804450730344913
16 13 49 0.0
16 14 9 -0.4544434196452222
16 14 58 -1.0073133819416744
16 15 51 -0.3162708642169158
16 15 55 -1.3051273655451134
16 17 61 0.0
16 18 65 -1.2073642481155673
16 18 41 -3.3319849236331742
16 18 31 -3.6134708497460366
16 18 63 -0.44889132798802034
17 0 0 -0.38459236330546887
17 0 2 -1.1417120922858452
17 1 6 0.0
17 2 5 0.0
17 3 12 0.0
17 4 18 -2.3063048365744874
17 4 20 -0.4863485048871396
17 4 15 -1.253499947892224
17 5 17 -2.500006245100629
17 5 28 -0.5679234499159274
17 5 30 -1.0463580932673053
17 6 32 -4.018815936314345E-4
17 6 23 -7.8195539900041755
17 7 34 0.0
17 8 36 -0.6965855352594041
17 8 40 -1.1395578834221265
17 8 25 -1.705091389790875
17 9 39 -0.6855777262483876
17 9 44 -0.7007743688021933
17 10 43 0.0
17 11 27 -0.6732925498958052
17 11 47 -0.7134040167042013
17 12 53 -1.193541716901894
17 12 56 -0.36117893492720143
17 13 49 0.0
17 14 9 -2.022307999067211
17 14 58 -0.14196646740873073
17 15 51 -0.5897503276698992
17 15 55 -1.04416249427289
17 15 11 -2.369282624340499
17 16 60 0.0
17 18 65 -0.1165361092446138
17 18 63 -2.2072563610202702
18 0 0 -0.3868905455199939
18 0 2 -1.1368296424536002
18 1 6 0.0
18 2 5 0.0
18 3 12 0.0
18 4 18 -2.6799288632907703
18 4 20 -0.3078926850137936
18 4 15 -1.6274095459242361
18 5 17 -1.5382395428812228
18 5 30 -0.24176440145339415
18 6 32 -9.059434910447593E-5
18 6 23 -9.30916401560865
18 7 34 0.0
18 8 40 -0.4872361639211327
18 8 25 -0.9527522863595852
18 9 39 -0.7001010940948239
18 9 44 -0.6862412901818217
18 10 43 0.0
18 11 27 -0.6822108950084815
18 11 47 -0.7042043921533704
18 12 53 -0.950936634380868
18 12 56 -0.48837773698665404
18 13 49 0.0
18 14 9 -1.9959337945657858
18 14 58 -0.1460513898827447
18 15 51 -0.5629756675425442
18 15 55 -0.983924509365584
18 15 11 -2.8709151086346165
18 16 37 -2.8426831921183586
18 16 29 -1.409087711513394
18 16 62 -0.36044665174547935
18 17 64 -0.0015773480950004662
18 17 61 -6.4527988333351765
