0 1 1 0.0
0 2 5 0.0
0 3 3 -1.268576327838507
0 3 7 -0.3302162523087545
0 4 18 -1.3576353940547985
0 4 20 -1.9093409112056043
0 4 15 -0.5199444299058718
0 5 17 0.0
0 6 23 0.0
0 7 33 -1.2901747113129083
0 7 34 -0.32189083596153406
0 8 40 -1.1121701106795927
0 8 25 -1.4331544745436888
0 8 42 -0.837941244979513
0 9 39 -0.14323998741501226
0 9 44 -2.0139990576269766
0 10 50 0.0
0 11 54 -0.3454863107596864
0 11 27 -1.379800628569096
0 11 47 -3.2065702909394087
0 12 53 0.0
0 13 49 -1.4729796683253362
0 13 57 -0.26038005843598616
0 14 9 -7.725243319005E-4
0 14 58 -7.1662332893820775
0 15 11 0.0
0 16 37 -2.9371937534475405
0 16 29 -0.9833009605296715
0 16 62 -0.5570241040513015
0 17 64 -0.4294718754773451
0 17 61 -1.0522614837833904
0 18 13 -0.3795680780200993
0 18 31 -1.1525095423689362
1 0 0 0.0
1 2 5 0.0
1 3 3 -1.2687213308877983
1 3 7 -0.3301595228386439
1 4 18 -1.3593641454265943
1 4 20 -1.9126125797301299
1 4 15 -0.5183841970855232
1 5 17 0.0
1 6 23 0.0
1 7 33 -1.2904741598109553
1 7 34 -0.3217771486267623
1 8 40 -1.1121962812363655
1 8 25 -1.4331337205961179
1 8 42 -0.8379327962940312
1 9 39 -0.1424930279960054
1 9 44 -2.018862852953503
1 10 50 0.0
1 11 54 -0.3455360979906471
1 11 27 -1.3797141025517905
1 11 47 -3.2062377409839162
1 12 53 0.0
1 13 49 -1.4744285170686586
1 13 57 -0.2599495420709229
1 14 9 -2.633975685675027E-4
1 14 58 -8.24197769554264
1 15 11 0.0
1 16 37 -2.9425845317524737
1 16 29 -0.9825312165440102
1 16 62 -0.5570293978903911
1 17 64 -0.42753679120569527
1 17 61 -1.0558787417355244
1 18 13 -0.3796151562108375
1 18 31 -1.1524075725586236
2 0 0 0.0
2 1 4 0.0
2 3 3 -1.2679751304275775
2 3 7 -0.33045158060662405
2 4 18 -1.3366710370991508
2 4 20 -1.8899431487174045
2 4 15 -0.5340928745561268
2 5 17 0.0
2 6 23 0.0
2 7 33 -1.2873062060565807
2 7 34 -0.3229822645418525
2 8 40 -1.1119026314742557
2 8 25 -1.433287058159658
2 8 42 -0.8380714994155389
2 9 39 -0.14730647983030268
2 9 44 -1.9879892358384048
2 10 50 0.0
2 11 54 -0.34524918276519617
2 11 27 -1.3802125805346845
2 11 47 -3.2081578973032445
2 12 53 0.0
2 13 49 -1.466266652974341
2 13 57 -0.2623853901801387
2 14 9 -0.004121354990662864
2 14 58 -5.493633258224902
2 15 11 0.0
2 16 37 -2.8909073333810094
2 16 29 -0.9879142075395707
2 16 62 -0.5584036197475676
2 17 64 -0.4433418982432942
2 17 61 -1.0269086805527181
2 18 13 -0.37931601985308167
2 18 31 -1.1530557507046404
3 0 0 -0.36154289969763326
3 0 2 -1.192705557075684
3 1 6 0.0
3 2 5 0.0
3 4 18 -9.11889781023801
3 4 20 -7.500820936647551
3 4 15 -6.624252480757214E-4
3 5 17 0.0
3 6 23 0.0
3 7 33 -1.9709134305716132
3 7 34 -0.15004357745374447
3 8 40 -0.29232125171449497
3 8 25 -1.3725045741077662
3 9 39 -0.46267703853044645
3 9 44 -0.9931608013927372
3 10 50 -2.5925810156745754
3 10 43 -0.20357141106981472
3 10 46 -2.21309734056341
3 11 27 0.0
3 12 53 0.0
3 13 49 -0.40170244800046856
3 13 57 -1.1061803499360738
3 14 9 -0.11242653916024352
3 14 58 -2.2411419256303287
3 15 55 -0.618917342393719
3 15 11 -0.773332084021037
3 16 37 -8.866574767606634
3 16 29 -1.4289761475145017
3 16 62 -0.2740357282076959
3 17 64 -0.30960763286151294
3 17 61 -1.323262448746008
3 18 13 -0.10450916391877754
3 18 31 -2.3102800515704276
4 0 0 -0.3616743003047558
4 0 2 -1.1924039283529593
4 1 6 0.0
4 2 5 0.0
4 3 14 0.0
4 5 17 -9.210146310477715
4 5 21 -1.0002441030749161E-4
4 6 23 0.0
4 7 33 -0.6122457651792402
4 7 34 -0.7811743455173882
4 8 25 0.0
4 9 39 -1.8291568904753253
4 9 44 -0.17500701858641665
4 10 43 -2.4634238557418584
4 10 46 -0.08898743816779871
4 11 19 -2.966010797495192E-5
4 11 27 -10.425722410857892
4 12 53 0.0
4 13 49 -6.4397467928084575
4 13 57 -0.0015980872148682723
4 14 9 -5.237550045479594
4 14 58 -0.005327423699034375
4 15 51 -9.587355133119432
4 15 55 -1.349421380407864E-4
4 15 11 -9.620680762179482
4 16 37 -7.765551851039419
4 16 29 -0.2829135184816214
4 16 62 -1.4024605393790408
4 17 64 -0.702543236260816
4 17 61 -0.6838385895363275
4 18 41 -10.52219571326494
4 18 13 -7.909867166715499
4 18 31 -3.941129844402234E-4
5 0 0 -0.33015323683706993
5 0 2 -1.2687373999878162
5 1 6 0.0
5 2 5 0.0
5 3 16 0.0
5 4 18 -9.274221569682533
5 4 20 -5.092199032347525E-4
5 4 15 -7.786560869150929
5 6 23 0.0
5 7 33 -0.7630430494461139
5 7 34 -0.6278192050312248
5 8 25 0.0
5 9 39 -0.8569097802297959
5 9 44 -0.5524669967978214
5 10 43 -0.29326391355113857
5 10 46 -1.3697333796294833
5 11 27 0.0
5 12 53 0.0
5 13 49 -1.208054544423372
5 13 57 -0.3549307140843719
5 14 9 -0.25565730321262503
5 14 58 -1.4890241633458094
5 15 51 -1.210816718804619
5 15 55 -0.5514838024017041
5 15 11 -2.0718559944991704
5 16 37 -9.830894957746574
5 16 29 -0.1521920859185357
5 16 62 -1.958123865317932
5 17 64 -0.38161969269359874
5 17 61 -1.1480798625596491
5 18 41 -12.291473375766413
5 18 13 -10.36041896097784
5 18 31 -3.625256714779791E-5
6 0 0 -0.5289437230849672
6 0 2 -0.8897145966535273
6 1 6 0.0
6 2 5 0.0
6 3 16 0.0
6 4 18 -6.229856816633344
6 4 20 -0.011838634417609135
6 4 15 -4.6254647754573215
6 5 22 0.0
6 7 33 0.0
6 8 25 0.0
6 9 39 -0.4963677359297187
6 9 44 -0.9383772153626162
6 10 43 -0.28256779253786596
6 10 46 -1.4017960341044269
6 11 27 0.0
6 12 53 0.0
6 13 49 -1.6071616164544724
6 13 57 -0.22371343584461142
6 14 9 -0.7936173674613604
6 14 58 -0.6018560438798417
6 15 51 -3.0092110109458616
6 15 55 -0.15963969219040788
6 15 11 -2.320560314123674
6 16 37 -6.988296433064433
6 16 29 -0.787092407845324
6 16 62 -0.6089695161975334
6 17 64 -0.6413549951424677
6 17 61 -0.7477690172639921
6 18 35 -0.3141839108138359
6 18 41 -10.039447052340577
6 18 13 -8.191713311071505
6 18 31 -1.3119488599652218
7 0 0 -0.5287087505650532
7 0 2 -0.8900517458334355
7 1 6 0.0
7 2 5 0.0
7 3 12 0.0
7 4 18 -6.516299707085302
7 4 20 -0.014652708344823536
7 4 15 -4.337684625839878
7 5 17 -8.788496677910883
7 5 22 -0.6170403239640844
7 5 30 -0.7758581759543388
7 6 32 0.0
7 8 40 -0.05177791118805366
7 8 25 -2.9865688973553413
7 9 39 -0.6954504935215422
7 9 44 -0.6908491606597051
7 10 43 0.0
7 11 27 -0.2010460788936551
7 11 47 -1.70306060841266
7 12 53 -1.6247793100264607
7 12 56 -0.21934469664851686
7 13 49 0.0
7 14 9 -0.6369035132641865
7 14 58 -0.7527437117152405
7 15 51 -1.2809642462211166
7 15 55 -0.5404699545969385
7 15 11 -1.9678556938521843
7 16 37 -6.789680183036228
7 16 29 -0.6259259041362131
7 16 62 -0.7676366716764644
7 17 64 -0.6565118952554723
7 17 61 -0.7311758175873545
7 18 35 0.0
8 0 0 -0.1527776768978926
8 0 2 -1.9541879916293268
8 1 6 -0.7444921893513641
8 1 10 -0.6443102294723082
8 2 5 0.0
8 3 16 -1.6526000327240424
8 3 12 -0.21263795528850274
8 4 18 -0.5074963425158819
8 4 20 -1.922514695943555
8 4 15 -1.3792776401267648
8 5 24 0.0
8 6 23 0.0
8 7 33 -1.9187561568776528
8 7 34 -0.1587489057411773
8 9 39 -1.1666396704969624
8 9 44 -0.3731116186100647
8 10 43 0.0
8 11 27 -4.156645464760287
8 11 47 -0.015783915123119645
8 12 53 -8.531041159567184
8 12 56 -1.9726895101874372E-4
8 13 49 0.0
8 14 9 -2.4969088124865952
8 14 58 -0.08592738072256256
8 15 51 -0.23562510114004317
8 15 55 -1.5610136119251672
8 16 37 -0.20282043212515546
8 16 29 -3.5923957549909034
8 16 62 -1.8576244547561735
8 17 64 -2.1833081755810055
8 17 61 -0.119536282399486
8 18 41 -0.2548846535764853
8 18 31 -1.4916810413995405
9 0 0 -0.7921261151469922
9 0 2 -0.6030887562672225
9 1 10 0.0
9 2 5 0.0
9 3 16 -1.741926051066359
9 3 7 -2.7358653025215554
9 3 12 -0.274463876538737
9 4 18 -0.42367270727189466
9 4 20 -1.7640127678523059
9 4 15 -1.7486653606794054
9 5 24 0.0
9 6 23 0.0
9 7 33 -1.8367911600129818
9 7 34 -0.17355354559590133
9 8 38 0.0
9 10 43 -1.258606439319715
9 10 45 -0.33414437581062534
9 11 27 -4.041682301935753
9 11 47 -0.017724039958620416
9 12 53 -6.219278072799104
9 12 56 -0.0019926658665635933
9 13 49 0.0
9 14 9 -2.6557725634255203
9 14 58 -0.07283368367980785
9 15 51 -0.3193027822030672
9 15 55 -1.2970223659403564
9 16 37 -0.19374583041362145
9 16 29 -3.702763429172416
9 16 62 -1.887318699693807
9 17 64 -2.1632758523357416
9 17 61 -0.12210882336998863
9 18 41 -0.27310888052502147
9 18 31 -1.4313332507488281
10 0 0 -0.7623401966936443
10 0 2 -0.6284335657104219
10 1 10 0.0
10 2 5 0.0
10 3 16 -1.4621538578138136
10 3 7 -2.966708235189627
10 3 12 -0.3329710794204101
10 4 18 -0.16586566553091608
10 4 20 -2.527163053429053
10 4 15 -2.6179173853499185
10 5 24 -0.3191171273177255
10 5 26 -1.297516076163695
10 6 23 0.0
10 7 33 -1.9415973279509418
10 7 34 -0.15487129519178555
10 8 42 0.0
10 9 39 -1.5810883208083473
10 9 44 -0.2303583318114367
10 11 47 0.0
10 12 53 -8.441175034608168
10 12 56 -2.158197203708435E-4
10 13 49 0.0
10 14 9 -2.85928339190895
10 14 58 -0.05901759140168304
10 15 51 -0.4346656969430599
10 15 55 -1.0426510008858931
10 16 37 -0.21062072615408803
10 16 29 -3.7979297765317073
10 16 62 -1.7867622774981027
10 17 64 -1.9899975432732162
10 17 61 -0.14698811383640326
10 18 41 -0.39727468255911846
10 18 31 -1.115197178483167
11 0 0 -0.1603399314457219
11 0 2 -1.909558137147251
11 1 10 0.0
11 2 5 0.0
11 3 16 -0.5532405253902741
11 3 7 -0.8558619312950956
11 4 18 -2.1341904621513535E-4
11 4 20 -9.119749462690585
11 4 15 -9.171945280909313
11 5 26 0.0
11 6 23 0.0
11 7 33 -0.2714727139004406
11 7 34 -1.4365611601325667
11 8 25 -4.158420847972406
11 8 42 -0.01575569576069501
11 9 39 -1.0197423369792158
11 9 44 -0.4473624683232497
11 10 46 0.0
11 12 53 0.0
11 13 49 -7.952195027256317
11 13 57 -3.519508379628823E-4
11 14 9 -7.964472788862817
11 14 58 -3.476553417498024E-4
11 15 51 -11.350737770228612
11 15 55 -1.1760878807017658E-5
11 16 37 -1.2469354869168314
11 16 29 -0.8269041113607701
11 16 62 -1.2902044106007582
11 17 64 -0.8646639364488917
11 17 61 -0.5467863224554214
11 18 41 -1.1170751990827203
11 18 13 -1.73767242053165
11 18 31 -0.69949711704055
12 0 0 -0.15250675951409173
12 0 2 -1.9558308304309515
12 1 10 0.0
12 2 5 0.0
12 3 16 -0.5567504815475175
12 3 7 -0.8511310848828904
12 4 18 -0.0019904678948192305
12 4 20 -6.907289365579755
12 4 15 -6.919805385420009
12 5 26 0.0
12 6 23 0.0
12 7 33 -0.6669595477235382
12 7 34 -0.720039090181732
12 8 25 -10.220672979477808
12 8 42 -3.6410448627466345E-5
12 9 39 -1.1241870601154011
12 9 44 -0.3929188885066688
12 10 48 -1.54741964307535E-4
12 10 46 -8.773828944662796
12 11 52 0.0
12 13 57 0.0
12 14 9 -5.858284396909958
12 14 58 -0.0028602260329766006
12 15 51 -8.134935787151365
12 15 55 -2.9316082453902765E-4
12 16 37 -0.4417234774126897
12 16 29 -1.6424033019785949
12 16 62 -1.8105864146518735
12 17 64 -1.7020423858379987
12 17 61 -0.20127295903702488
12 18 41 -0.41010955467465204
12 18 13 -2.2796537990878156
12 18 31 -1.451994823666021
13 0 0 -0.35974990732179973
13 0 2 -1.1968344485606415
13 1 10 0.0
13 2 5 0.0
13 3 16 -1.1698469499234811
13 3 7 -2.5389101162509737
13 3 12 -0.4932589067398854
13 4 18 -0.0017654273010060395
13 4 20 -7.089504033190756
13 4 15 -6.980262484232179
13 5 24 -0.9717357616423903
13 5 26 -0.47549968257928593
13 6 23 0.0
13 7 33 -1.3789200574500158
13 7 34 -0.2901523079082783
13 8 42 0.0
13 9 39 -0.6862623475268761
13 9 44 -0.7000797433199508
13 10 48 0.0
13 11 52 -1.5995822897319715E-4
13 11 47 -8.740677823780501
13 12 56 0.0
13 14 9 -5.750800518207537
13 14 58 -0.003185301633180073
13 15 51 -6.595269929590392
13 15 55 -0.0013677528639539545
13 16 37 -0.4268403177294525
13 16 29 -2.236094006611982
13 16 62 -1.424797758861295
13 17 64 -1.636805248846177
13 17 61 -0.21641716330942903
13 18 41 -0.609300092224466
13 18 31 -0.784673383560191
14 0 0 0.0
14 1 8 0.0
14 2 5 0.0
14 3 3 -1.1244230041985859
14 3 7 -0.39280534887773183
14 4 18 -0.004720980490434111
14 4 20 -6.502330045353296
14 4 15 -5.741511137063415
14 5 17 -0.46071620578006367
14 5 24 -2.5540178775126727
14 5 26 -1.233059247330434
14 6 23 0.0
14 7 33 -1.304762844323027
14 7 34 -0.3164065006953741
14 8 42 0.0
14 9 39 -0.6928778696805172
14 9 44 -0.6934165639872616
14 10 50 0.0
14 11 54 -1.0881444581576778E-4
14 11 47 -9.125920865043929
14 12 53 0.0
14 13 49 -4.545479906738939
14 13 57 -0.01067181908225295
14 15 11 -9.642226189749854
14 15 59 -6.493045884571882E-5
14 16 37 -0.8780038361207879
14 16 29 -1.59354270201445
14 16 62 -0.96447348884931
14 17 64 -0.7055085025432498
14 17 61 -0.6809367969583743
14 18 41 -1.6355632272305214
14 18 13 -0.38812728291261017
14 18 31 -2.064896619306073
15 0 0 0.0
15 1 10 0.0
15 2 5 0.0
15 3 3 -1.2617455793299523
15 3 7 -0.33290166362573637
15 4 18 -4.5742066884117943E-4
15 4 20 -8.82721785876788
15 4 15 -8.076907114640466
15 5 17 -2.110735032746218
15 5 24 -1.5016358243720274
15 5 26 -0.42146392245221614
15 6 23 0.0
15 7 33 -0.551119397450832
15 7 34 -0.858739854048466
15 8 42 0.0
15 9 39 -0.6943169298957761
15 9 44 -0.6919787979390646
15 10 50 0.0
15 11 54 -9.283733741510514E-6
15 11 47 -11.587251391108945
15 12 53 0.0
15 13 49 -5.950545597514973
15 13 57 -0.0026078165657891983
15 14 9 -8.273946701409006
15 14 58 -2.5510912847306866E-4
15 16 37 -0.8558519957854861
15 16 29 -1.2646382006976065
15 16 62 -1.2284787522260339
15 17 64 -0.867235200060638
15 17 61 -0.5449193821881038
15 18 41 -1.1150526289003382
15 18 13 -1.9469985558239538
15 18 31 -0.6360105401804989
16 0 0 -0.7370576271725144
16 0 2 -0.6510840299804349
16 1 6 -0.1716954794577639
16 1 10 -1.8466525751674496
16 2 5 0.0
16 3 16 -1.0128354487031024
16 3 12 -0.4512803576934121
16 4 18 -7.547081619125081
16 4 20 -0.002525790925603371
16 4 15 -6.217133263895734
16 5 28 0.0
16 6 23 0.0
16 7 33 -0.8996933569751083
16 7 34 -0.5220455837802447
16 8 36 -0.0856824029447922
16 8 25 -2.4996431330890436
16 9 39 -0.6961913018947382
16 9 44 -0.6901122977836729
16 10 43 0.0
16 11 27 -0.4482061074466539
16 11 47 -1.0182487497879322
16 12 53 -2.063271883119976
16 12 56 -0.1358628361796287
16 13 49 0.0
16 14 9 -1.0650694939829863
16 14 58 -0.4226680830351803
16 15 51 -0.591398112917864
16 15 55 -0.8064341703691288
16 17 61 0.0
16 18 65 -1.3589607859580255
16 18 41 -10.852077797873086
16 18 31 -2.9286657301688286
16 18 63 -0.37166580054484133
17 0 0 -0.3303615347288842
17 0 2 -1.2682051128438978
17 1 6 0.0
17 2 5 0.0
17 3 12 0.0
17 4 18 -6.861093928019033
17 4 20 -0.007716984746096668
17 4 15 -5.0147158871686415
17 5 17 -8.895815362157888
17 5 28 -0.9417144172479015
17 5 30 -0.49445317159796237
17 6 32 -0.558570438113883
17 6 23 -0.8486933621671642
17 7 34 0.0
17 8 36 -0.31903582758265897
17 8 40 -1.6550158705896556
17 8 25 -2.5002866852913423
17 9 39 -0.6966773006215689
17 9 44 -0.68962947842206
17 10 43 0.0
17 11 27 -0.5074513832263488
17 11 47 -0.9213735370166996
17 12 53 -2.479935398092841
17 12 56 -0.08746453682089105
17 13 49 0.0
17 14 9 -0.2541171385321604
17 14 58 -1.4943293119777838
17 15 51 -0.8797613300883663
17 15 55 -0.7787977264004511
17 15 11 -2.0701995161471567
17 16 60 0.0
17 18 65 -0.1626114431932295
17 18 63 -1.8965959022160945
18 0 0 -0.3301746332719823
18 0 2 -1.2686827050898186
18 1 6 0.0
18 2 5 0.0
18 3 12 0.0
18 4 18 -8.958371768343591
18 4 20 -0.0010730525021801298
18 4 15 -6.965573580405208
18 5 17 -10.575406548299632
18 5 30 -2.5536703698199288E-5
18 6 32 -0.3381337731402505
18 6 23 -1.2486211652877799
18 7 34 0.0
18 8 40 -0.27315750663457566
18 8 25 -1.4311784276348698
18 9 39 -0.6939167828036279
18 9 44 -0.69237817014843
18 10 43 0.0
18 11 27 -0.46630153659110096
18 11 47 -0.9870300279150173
18 12 53 -0.9024289364010447
18 12 56 -0.5201747345757884
18 13 49 0.0
18 14 9 -0.1685150528919855
18 14 58 -1.8638047830380997
18 15 51 -0.8809789129797168
18 15 55 -0.7777053959685271
18 15 11 -2.0701738460636583
18 16 37 -9.3306554462218
18 16 29 -2.6393641810102535
18 16 62 -0.07417985882427648
18 17 64 -0.10327757428615299
18 17 61 -2.3215294187418354
