0 1 1 0.0
0 2 5 0.0
0 3 3 -1.2483104157408993
0 3 7 -0.33825882365622933
0 4 18 -0.7671020253023929
0 4 20 -2.878782472511447
0 4 15 -0.7351364491482685
0 5 17 0.0
0 6 23 0.0
0 7 33 -1.640489728183478
0 7 34 -0.21552895117580192
0 8 40 -0.8816156404238613
0 8 25 -1.741139397922664
0 8 42 -0.8902181928695755
0 9 39 -0.17279338268856229
0 9 44 -1.8408116539963408
0 10 50 0.0
0 11 54 -0.49846271275200527
0 11 27 -1.337161420208057
0 11 47 -2.0406346290465196
0 12 53 0.0
0 13 49 -1.310447621592279
0 13 57 -0.3142989202382804
0 14 9 -0.001517899192755262
0 14 58 -6.491186863743978
0 15 11 0.0
0 16 37 -1.0310718780729493
0 16 29 -1.5172394713237656
0 16 62 -0.85788263332909
0 17 64 -0.935463441032792
0 17 61 -0.4982450377178929
0 18 13 -0.2942141299271012
0 18 31 -1.3669503586911396
1 0 0 0.0
1 2 5 0.0
1 3 3 -1.248324438950419
1 3 7 -0.3382531793214181
1 4 18 -0.7669993152101794
1 4 20 -2.8843375064918964
1 4 15 -0.734586691561323
1 5 17 0.0
1 6 23 0.0
1 7 33 -1.6399808274310235
1 7 34 -0.21565138955970642
1 8 40 -0.8814123693715537
1 8 25 -1.7417242119196648
1 8 42 -0.8901735868791738
1 9 39 -0.17253935137560034
1 9 44 -1.8421595183855688
1 10 50 0.0
1 11 54 -0.49819532195273736
1 11 27 -1.3370654738608272
1 11 47 -2.0420797139892746
1 12 53 0.0
1 13 49 -1.3107367070294555
1 13 57 -0.31419218240573066
1 14 9 -5.74361696581456E-4
1 14 58 -7.4625383937811876
1 15 11 0.0
1 16 37 -1.0316007382770382
1 16 29 -1.5188438014210897
1 16 62 -0.856609732957826
1 17 64 -0.9346446161075236
1 17 61 -0.4987742162735528
1 18 13 -0.29454870438554276
1 18 31 -1.3659729160254694
2 0 0 0.0
2 1 4 0.0
2 3 3 -1.248368263447799
2 3 7 -0.3382355406986911
2 4 18 -0.7682828332589207
2 4 20 -2.8497258306283957
2 4 15 -0.7374523262315382
2 5 17 0.0
2 6 23 0.0
2 7 33 -1.6441665307444133
2 7 34 -0.21464662749397123
2 8 40 -0.8828205906977072
2 8 25 -1.7376686960777201
2 8 42 -0.8904882393820241
2 9 39 -0.17395315877751882
2 9 44 -1.8346852947134478
2 10 50 0.0
2 11 54 -0.4993843091653784
2 11 27 -1.3372695236288275
2 11 47 -2.0361201634526873
2 12 53 0.0
2 13 49 -1.309445979377722
2 13 57 -0.31466907951182893
2 14 9 -0.007531811605902035
2 14 58 -4.892383223122782
2 15 11 0.0
2 16 37 -1.0308094016614535
2 16 29 -1.5154660962260937
2 16 62 -0.8590220228593783
2 17 64 -0.9402850581695239
2 17 61 -0.495143401095235
2 18 13 -0.2935410448105282
2 18 31 -1.3689206359691735
3 0 0 -0.3382427283998421
3 0 2 -1.248350404733386
3 1 6 0.0
3 2 5 0.0
3 4 18 -9.441866647357992
3 4 20 -7.924980475281924
3 4 15 -4.410263326963115E-4
3 5 17 0.0
3 6 23 0.0
3 7 33 -1.4419481621466368
3 7 34 -0.2697984543084825
3 8 40 -0.41140134149065966
3 8 25 -1.0868445039262826
3 9 39 -0.868562127821701
3 9 44 -0.5439591623672067
3 10 50 -1.7277295304328273
3 10 43 -0.3520296042279083
3 10 46 -2.1281838891021883
3 11 27 0.0
3 12 53 0.0
3 13 49 -0.09162958109425287
3 13 57 -2.43546610423997
3 14 9 -0.3653633964454443
3 14 58 -1.1839885860472006
3 15 55 -0.9152851470748409
3 15 11 -0.5114965758501582
3 16 37 -5.0521899554293315
3 16 29 -1.5772998005647232
3 16 62 -0.2394347047950402
3 17 64 -0.670905669704882
3 17 61 -0.7158946508539517
3 18 13 -0.23049408881456732
3 18 31 -1.580564438684414
4 0 0 -0.3383275543500844
4 0 2 -1.2481396781643994
4 1 6 0.0
4 2 5 0.0
4 3 14 0.0
4 5 17 -2.4782312555890718
4 5 21 -0.08762044646229351
4 6 23 0.0
4 7 33 -0.19010742546591144
4 7 34 -1.7537142673593689
4 8 25 0.0
4 9 39 -1.3637603722103215
4 9 44 -0.29530767260467355
4 10 43 -0.6442695598873284
4 10 46 -0.7445371462979122
4 11 19 -4.776248210100252E-4
4 11 27 -7.646923829852546
4 12 53 0.0
4 13 49 -6.397870086244573
4 13 57 -0.0016664878382191678
4 14 9 -1.4188020358953932
4 14 58 -0.27707684734439497
4 15 51 -2.634355732208676
4 15 55 -0.3559973925176355
4 15 11 -1.4794612432231107
4 16 37 -3.7810651260521784
4 16 29 -0.7986932447003109
4 16 62 -0.6400139018612379
4 17 64 -0.7644708322308317
4 17 61 -0.6265736736393935
4 18 41 -5.275516017943159
4 18 13 -0.9699797163967685
4 18 31 -0.4848428580630736
5 0 0 -0.33819428352230274
5 0 2 -1.2484707805545945
5 1 6 0.0
5 2 5 0.0
5 3 16 0.0
5 4 18 -5.04890134935709
5 4 20 -0.08590671871924664
5 4 15 -2.578288642095328
5 6 23 0.0
5 7 33 -0.001626795817230946
5 7 34 -6.421956242737405
5 8 25 0.0
5 9 39 -1.3965590731441788
5 9 44 -0.28428378329541365
5 10 43 -0.4416197016137733
5 10 46 -1.0300030228002937
5 11 27 0.0
5 12 53 0.0
5 13 49 -0.4809411948090095
5 13 57 -0.9628616942487168
5 14 9 -0.5950193155706245
5 14 58 -0.8019623505035366
5 15 51 -0.7968644977389782
5 15 55 -1.403939339899444
5 15 11 -1.1919371665264924
5 16 37 -4.476691287840441
5 16 29 -0.45218499571341586
5 16 62 -1.0430094750450865
5 17 64 -1.1891103427431304
5 17 61 -0.36311281858530936
5 18 41 -5.055526178788502
5 18 13 -2.5795327357143436
5 18 31 -0.08575772400499762
6 0 0 -0.33931537902727704
6 0 2 -1.2456902777819479
6 1 6 0.0
6 2 5 0.0
6 3 16 0.0
6 4 18 -6.303551558756226
6 4 20 -0.1657514893143178
6 4 15 -1.8910488183568794
6 5 22 0.0
6 7 33 0.0
6 8 25 0.0
6 9 39 -1.395060826728071
6 9 44 -0.28477691245593717
6 10 43 -0.43783550389598325
6 10 46 -1.0368549772902032
6 11 27 0.0
6 12 53 0.0
6 13 49 -0.3541661519725132
6 13 57 -1.2098512456650194
6 14 9 -0.9105761318864883
6 14 58 -0.5146535806946819
6 15 51 -0.7917941772115028
6 15 55 -1.4148696748646534
6 15 11 -1.190689822240036
6 16 37 -8.125605566848941
6 16 29 -1.4199280431412558
6 16 62 -0.2771078781740812
6 17 64 -0.1484222398010285
6 17 61 -1.9809875022125032
6 18 35 -9.765172053439333E-4
6 18 41 -9.871714219502008
6 18 13 -8.495689647548335
6 18 31 -7.236149476126236
7 0 0 -0.3392754823103006
7 0 2 -1.2457890422858782
7 1 6 0.0
7 2 5 0.0
7 3 12 0.0
7 4 18 -4.644337707869398
7 4 20 -0.14804570233475484
7 4 15 -2.0557843669075604
7 5 17 -8.921346537475488
7 5 22 -0.0011890734595647354
7 5 30 -6.854348699127875
7 6 32 0.0
7 8 40 -0.41126727561185783
7 8 25 -1.087107982814634
7 9 39 -0.6937016336653755
7 9 44 -0.6925930347024147
7 10 43 0.0
7 11 27 -0.7117199536984562
7 11 47 -0.6749130748870207
7 12 53 -1.0006028984542343
7 12 56 -0.45832443978360826
7 13 49 0.0
7 14 9 -0.934577621631098
7 14 58 -0.4988175440941195
7 15 51 -0.7757166395785351
7 15 55 -1.0033030812380905
7 15 11 -1.7546952190274965
7 16 37 -7.271404960441635
7 16 29 -1.9562988069408542
7 16 62 -0.15323960507111312
7 17 64 -0.18364697916475572
7 17 61 -1.785158581171607
7 18 35 0.0
8 0 0 -0.13066879950575494
8 0 2 -2.0997124755651897
8 1 6 -0.7656537381841992
8 1 10 -0.6255442791152734
8 2 5 0.0
8 3 16 -1.4437909260503043
8 3 12 -0.2692284374852384
8 4 18 -1.199559612613033
8 4 20 -0.9905262477821838
8 4 15 -1.1169027977815216
8 5 24 0.0
8 6 23 0.0
8 7 33 -1.4686155608312141
8 7 34 -0.26168172797497896
8 9 39 -0.5732594825187335
8 9 44 -0.8293910928378024
8 10 43 0.0
8 11 27 -1.6028535815418137
8 11 47 -0.22479643037973215
8 12 53 -8.327670262901231
8 12 56 -2.4176378985900902E-4
8 13 49 0.0
8 14 9 -1.926781925886057
8 14 58 -0.15737459434230958
8 15 51 -0.2675008850122423
8 15 55 -1.4494030924433179
8 16 37 -0.6192321636339647
8 16 29 -2.0603040832231687
8 16 62 -1.0959344832581388
8 17 64 -1.7706752614194476
8 17 61 -0.1865922733614065
8 18 41 -0.1496082873018399
8 18 31 -1.9736065261302744
9 0 0 -0.7776266611596748
9 0 2 -0.6152518651768489
9 1 10 0.0
9 2 5 0.0
9 3 16 -1.3989334516361118
9 3 7 -1.6556612154735857
9 3 12 -0.575943612816901
9 4 18 -1.1903730913158963
9 4 20 -0.8982455146597383
9 4 15 -1.2426837969662365
9 5 24 0.0
9 6 23 0.0
9 7 33 -1.8352452925128093
9 7 34 -0.17384679473753037
9 8 38 0.0
9 10 43 -0.6796165801014697
9 10 45 -0.7068633721975509
9 11 27 -1.6028878724072
9 11 47 -0.22478778694203588
9 12 53 -7.175627005599035
9 12 56 -7.652986710434763E-4
9 13 49 0.0
9 14 9 -1.1551370716230207
9 14 58 -0.37835739628998843
9 15 51 -0.2673400143204512
9 15 55 -1.4499278025189315
9 16 37 -0.6200983125779467
9 16 29 -2.5674595493242314
9 16 62 -0.9535300395888191
9 17 64 -1.6753117352746394
9 17 61 -0.20733147127823695
9 18 41 -0.23750465273988614
9 18 31 -1.5539711429256855
10 0 0 -0.7255664242887598
10 0 2 -0.6617460249129705
10 1 10 0.0
10 2 5 0.0
10 3 16 -1.0575854229300439
10 3 7 -1.6527841767002884
10 3 12 -0.7739436918960187
10 4 18 -1.2649017217236482
10 4 20 -0.8018849361667243
10 4 15 -1.3121143721388349
10 5 24 -0.44161750182248966
10 5 26 -1.0300069848000508
10 6 23 0.0
10 7 33 -1.2624389942687446
10 7 34 -0.3326278901361178
10 8 42 0.0
10 9 39 -0.6225363305267955
10 9 44 -0.7691253098059376
10 11 47 0.0
10 12 53 -8.476976200312334
10 12 56 -2.0822900723036473E-4
10 13 49 0.0
10 14 9 -1.2012292781863314
10 14 58 -0.35785304893978653
10 15 51 -0.2566848776211151
10 15 55 -1.485504751182734
10 16 37 -0.6246069287627947
10 16 29 -3.1189358178361166
10 16 62 -0.8667295565575273
10 17 64 -1.6604746671000459
10 17 61 -0.21078121683026974
10 18 41 -0.4093524817063119
10 18 31 -1.0908825848649686
11 0 0 -0.24500264946867856
11 0 2 -1.5264877332173699
11 1 10 0.0
11 2 5 0.0
11 3 16 -0.7470470607659586
11 3 7 -0.6420045170765633
11 4 18 -9.747849372932355E-4
11 4 20 -8.088606687289035
11 4 15 -7.312281690022107
11 5 26 0.0
11 6 23 0.0
11 7 33 -1.3465731607077256
11 7 34 -0.30128099914118284
11 8 25 -1.6028394466575326
11 8 42 -0.2247999933605474
11 9 39 -0.44636099915353245
11 9 44 -1.0215198894134685
11 10 46 0.0
11 12 53 0.0
11 13 49 -8.595301195658932
11 13 57 -1.8499001596904767E-4
11 14 9 -1.8179000962601295
11 14 58 -0.1771744422224595
11 15 51 -3.3225023712594615
11 15 55 -0.036728796684083895
11 16 37 -1.284713896166519
11 16 29 -0.8806302642929063
11 16 62 -1.1752276564311364
11 17 64 -0.7701060532832138
11 17 61 -0.6216900859030052
11 18 41 -0.8083186815572365
11 18 13 -1.755916064347859
11 18 31 -0.9632658998433081
12 0 0 -0.22740005525852638
12 0 2 -1.5925907939591124
12 1 10 0.0
12 2 5 0.0
12 3 16 -0.7470799858811329
12 3 7 -0.6419748759763507
12 4 18 -0.002152361343011327
12 4 20 -7.127197213410527
12 4 15 -6.609816071332821
12 5 26 0.0
12 6 23 0.0
12 7 33 -1.5969183768477353
12 7 34 -0.226298079873649
12 8 25 -9.669905906384498
12 8 42 -6.315779202331676E-5
12 9 39 -1.0410787054424893
12 9 44 -0.43552276844534404
12 10 48 -1.71822029465029E-4
12 10 46 -8.669137239033052
12 11 52 0.0
12 13 57 0.0
12 14 9 -2.5356296912303686
12 14 58 -0.08252526327940157
12 15 51 -1.1891359071841794
12 15 55 -0.36310162672828933
12 16 37 -0.6188009581933749
12 16 29 -1.7213611253153382
12 16 62 -1.263766774896524
12 17 64 -1.1474242984286647
12 17 61 -0.3819244501205148
12 18 41 -0.36141991528606193
12 18 13 -2.563344917931396
12 18 31 -1.486039482354059
13 0 0 -0.30750768668260436
13 0 2 -1.3290720974560348
13 1 10 0.0
13 2 5 0.0
13 3 16 -1.0461755911644832
13 3 7 -1.6574787213642455
13 3 12 -0.7806625277412879
13 4 18 -0.0030394927387258817
13 4 20 -6.592131945800192
13 4 15 -6.398672501968128
13 5 24 -0.6875619316376175
13 5 26 -0.6987637997807309
13 6 23 0.0
13 7 33 -1.44349017158985
13 7 34 -0.2693213751081495
13 8 42 0.0
13 9 39 -0.6175635016615195
13 9 44 -0.7749143030073794
13 10 48 0.0
13 11 52 -1.6143645684096208E-4
13 11 47 -8.73147966596064
13 12 56 0.0
13 14 9 -2.564126985799863
13 14 58 -0.08011126918231987
13 15 51 -0.6560506250561501
13 15 55 -0.7316730846228058
13 16 37 -0.6209612142343712
13 16 29 -2.398888981511353
13 16 62 -0.9895240226718767
13 17 64 -1.108014472206025
13 17 61 -0.4007969602782405
13 18 41 -0.6608277992904305
13 18 31 -0.7265460910529713
14 0 0 0.0
14 1 8 0.0
14 2 5 0.0
14 3 3 -1.2485179986396144
14 3 7 -0.33817528298286664
14 4 18 -0.9028311666298404
14 4 20 -4.005490312953574
14 4 15 -0.5510151395668836
14 5 17 -0.3746858947725587
14 5 24 -2.111071293016721
14 5 26 -1.6534595434961914
14 6 23 0.0
14 7 33 -1.0256732759889151
14 7 34 -0.4440318003355383
14 8 42 0.0
14 9 39 -0.6919711602827432
14 9 44 -0.6943245854893786
14 10 50 0.0
14 11 54 -0.03655899963056132
14 11 47 -3.327051705589764
14 12 53 0.0
14 13 49 -0.8673563300128156
14 13 57 -0.5448316364143547
14 15 11 -6.548802980968979
14 15 59 -0.001432854544835076
14 16 37 -0.8898187101292533
14 16 29 -1.029875185148951
14 16 62 -1.4600775321508501
14 17 64 -1.0028380001856896
14 17 61 -0.45702719547652726
14 18 41 -1.3192386135658574
14 18 13 -1.2094301346373535
14 18 31 -0.8340336303277248
15 0 0 0.0
15 1 10 0.0
15 2 5 0.0
15 3 3 -1.5285658832267488
15 3 7 -0.24442646879828864
15 4 18 -0.3633207554148619
15 4 20 -3.7443426715731656
15 4 15 -1.2694523073850377
15 5 17 -1.180769228379549
15 5 24 -1.2375922971190496
15 5 26 -0.9091271282984783
15 6 23 0.0
15 7 33 -0.8333332964989874
15 7 34 -0.5702186934998082
15 8 42 0.0
15 9 39 -0.6923574890428045
15 9 44 -0.6939374961826614
15 10 50 0.0
15 11 54 -0.0367339230373774
15 11 47 -3.322365355349517
15 12 53 0.0
15 13 49 -0.8897634316578561
15 13 57 -0.5289096797236531
15 14 9 -7.426912854830805
15 14 58 -5.951986930615127E-4
15 16 37 -1.3936702343368979
15 16 29 -0.8680475411604386
15 16 62 -1.1024189731363787
15 17 64 -0.728984515577311
15 17 61 -0.6585498497891463
15 18 41 -1.1825657897424888
15 18 13 -2.1216026600620554
15 18 31 -0.5557022669200044
16 0 0 -0.22726981000612337
16 0 2 -1.5931010589668513
16 1 6 -0.6810187578742484
16 1 10 -0.7054245097310055
16 2 5 0.0
16 3 16 -1.1707874964909493
16 3 12 -0.3712414139962434
16 4 18 -3.949908021598694
16 4 20 -0.5581224924735386
16 4 15 -0.8953588244036872
16 5 28 0.0
16 6 23 0.0
16 7 33 -2.4216646872025747
16 7 34 -0.0929640195056929
16 8 36 -0.19194985068039316
16 8 25 -1.7449613341599421
16 9 39 -0.6925276291148245
16 9 44 -0.69376711608703
16 10 43 0.0
16 11 27 -0.5839913928154076
16 11 47 -0.8156946522022164
16 12 53 -1.853026920787582
16 12 56 -0.17050596637772641
16 13 49 0.0
16 14 9 -0.38585979040689505
16 14 58 -1.139015129517903
16 15 51 -0.40341506978238983
16 15 55 -1.1027250165331512
16 17 61 0.0
16 18 65 -0.6842911206302967
16 18 41 -9.22770871516473
16 18 31 -7.232981278593526
16 18 63 -0.7037397596978375
17 0 0 -0.33754988313799317
17 0 2 -1.2500739220628942
17 1 6 0.0
17 2 5 0.0
17 3 12 0.0
17 4 18 -5.069127741916147
17 4 20 -0.1587607873874033
17 4 15 -1.9624647565539357
17 5 17 -3.659313805461419
17 5 28 -0.7930870163412886
17 5 30 -0.6504634428168153
17 6 32 -0.0023511242574087233
17 6 23 -6.054036989622789
17 7 34 0.0
17 8 36 -0.7791600482149104
17 8 40 -1.0033359930407637
17 8 25 -1.7455180055753814
17 9 39 -0.6927073818851769
17 9 44 -0.693587172742696
17 10 43 0.0
17 11 27 -0.5839586216454047
17 11 47 -0.8157359698398157
17 12 53 -2.2891480440800875
17 12 56 -0.10686472772559259
17 13 49 0.0
17 14 9 -0.7902555913703384
17 14 58 -0.6046397439280012
17 15 51 -0.7343564878357749
17 15 55 -0.8178277155460254
17 15 11 -2.5408875005154057
17 16 60 0.0
17 18 65 -0.3491877184126059
17 18 63 -1.2216641352020075
18 0 0 -0.3382096316878726
18 0 2 -1.2484326412367945
18 1 6 0.0
18 2 5 0.0
18 3 12 0.0
18 4 18 -4.894008757955742
18 4 20 -0.5577447995542983
18 4 15 -0.8674768530059866
18 5 17 -2.563603722176727
18 5 30 -0.08015492572459669
18 6 32 -0.0010456666785462598
18 6 23 -6.863623414861099
18 7 34 0.0
18 8 40 -0.4113757995168634
18 8 25 -1.0868946933418007
18 9 39 -0.6922673979010374
18 9 44 -0.694027737917997
18 10 43 0.0
18 11 27 -0.583931650466892
18 11 47 -0.81576997718958
18 12 53 -1.3120382270539437
18 12 56 -0.3137121503567727
18 13 49 0.0
18 14 9 -0.7949644972812129
18 14 58 -0.6007453487549406
18 15 51 -0.7408909865524399
18 15 55 -0.820807008231274
18 15 11 -2.486091775901416
18 16 37 -8.798031458550634
18 16 29 -7.202706197971027
18 16 62 -8.959995100770568E-4
18 17 64 -0.17873923607717895
18 17 61 -1.8098661344534215
