0 1 1 0.0
0 2 5 0.0
0 3 3 -1.2446254055161627
0 3 7 -0.33974589437204633
0 4 18 -0.7738294555537755
0 4 20 -2.189907831324666
0 4 15 -0.8513704913532998
0 5 17 0.0
0 6 23 0.0
0 7 33 -1.091805017746044
0 7 34 -0.4088861999020533
0 8 40 -0.8438124596146268
0 8 25 -1.8680872154999797
0 8 42 -0.8782402397717196
0 9 39 -0.1960593692962407
0 9 44 -1.725766321916471
0 10 50 0.0
0 11 54 -0.4733553721351002
0 11 27 -1.3589422248348537
0 11 47 -2.118940057749196
0 12 53 0.0
0 13 49 -1.2804253534101624
0 13 57 -0.32561804316984344
0 14 9 -0.0066734878313711695
0 14 58 -5.012947530750103
0 15 11 0.0
0 16 37 -1.4268658623726163
0 16 29 -1.2400418840311933
0 16 62 -0.7538152783221143
0 17 64 -0.7036197314575462
0 17 61 -0.6827831682900494
0 18 13 -0.350429624769942
0 18 31 -1.2186987111737135
1 0 0 0.0
1 2 5 0.0
1 3 3 -1.2447764720732293
1 3 7 -0.3396847807422716
1 4 18 -0.7729010719450597
1 4 20 -2.196501064255485
1 4 15 -0.850651202593904
1 5 17 0.0
1 6 23 0.0
1 7 33 -1.083803429214582
1 7 34 -0.41295259646470767
1 8 40 -0.8435118640719097
1 8 25 -1.8693032764821742
1 8 42 -0.878099766598993
1 9 39 -0.19529056649069979
1 9 44 -1.7293234326894882
1 10 50 0.0
1 11 54 -0.47322220313486263
1 11 27 -1.3600428628826287
1 11 47 -2.1172796679753754
1 12 53 0.0
1 13 49 -1.2830107877819306
1 13 57 -0.32462472367580214
1 14 9 -0.0023394781248917067
1 14 58 -6.058996909050712
1 15 11 0.0
1 16 37 -1.4288622278404708
1 16 29 -1.2411715699094954
1 16 62 -0.7521050122949398
1 17 64 -0.7007360334055731
1 17 61 -0.6856154849164771
1 18 13 -0.3509414911712092
1 18 31 -1.217480099579169
2 0 0 0.0
2 1 4 0.0
2 3 3 -1.2439034573427827
2 3 7 -0.3400381360009156
2 4 18 -0.7791812870252682
2 4 20 -2.1466906271178163
2 4 15 -0.8572008254462997
2 5 17 0.0
2 6 23 0.0
2 7 33 -1.1114934536424717
2 7 34 -0.39908621763819163
2 8 40 -0.8455684394777909
2 8 25 -1.86122386639286
2 8 42 -0.8789840479705168
2 9 39 -0.20045872271692383
2 9 44 -1.7057025260241467
2 10 50 0.0
2 11 54 -0.47443131249708104
2 11 27 -1.353485917650065
2 11 47 -2.125083123578149
2 12 53 0.0
2 13 49 -1.271758943655732
2 13 57 -0.32897374524580875
2 14 9 -0.03136007854081031
2 14 58 -3.477858641347246
2 15 11 0.0
2 16 37 -1.4125475031496386
2 16 29 -1.239891822303631
2 16 62 -0.7612925044581088
2 17 64 -0.7126254065447867
2 17 61 -0.6740411183147772
2 18 13 -0.3502485029597213
2 18 31 -1.2191304173820399
3 0 0 -0.33977217460654074
3 0 2 -1.2445604533553585
3 1 6 0.0
3 2 5 0.0
3 4 18 -7.893363640744741
3 4 20 -5.0500652773051895
3 4 15 -0.00680523032858103
3 5 17 0.0
3 6 23 0.0
3 7 33 -0.9813146860631772
3 7 34 -0.46971248248433345
3 8 40 -0.4079384658628192
3 8 25 -1.0936838503452242
3 9 39 -0.7953119954805321
3 9 44 -0.6004592824687026
3 10 50 -2.148589282511205
3 10 43 -0.3072752553364969
3 10 46 -1.9111968472705934
3 11 27 0.0
3 12 53 0.0
3 13 49 -0.15889719887998308
3 13 57 -1.9178946411610214
3 14 9 -0.34844585749552254
3 14 58 -1.2234415188702543
3 15 55 -0.8886867190278939
3 15 11 -0.5296609218967296
3 16 37 -6.438878121544962
3 16 29 -1.332946088562489
3 16 62 -0.30828953263098435
3 17 64 -0.5247749547253692
3 17 61 -0.8957249303968019
3 18 13 -0.28178742995248335
3 18 31 -1.4041896817621426
4 0 0 -0.34028876654848916
4 0 2 -1.2432848871708453
4 1 6 0.0
4 2 5 0.0
4 3 14 0.0
4 5 17 -2.924143665359554
4 5 21 -0.055206907357962624
4 6 23 0.0
4 7 33 -0.44554544363780224
4 7 34 -1.0229711121037448
4 8 25 0.0
4 9 39 -1.0464894930945041
4 9 44 -0.4325820208621008
4 10 43 -0.9910239004271317
4 10 46 -0.46393635753698087
4 11 19 -1.3201158951041202E-4
4 11 27 -8.932686844979957
4 12 53 0.0
4 13 49 -5.712185196263253
4 13 57 -0.0033109166490122013
4 14 9 -1.1041394354255343
4 14 58 -0.402712948683257
4 15 51 -5.269233790640928
4 15 55 -0.09518277302381944
4 15 11 -2.4575361895185415
4 16 37 -6.095989889507877
4 16 29 -0.2942175997675525
4 16 62 -1.3758143369938485
4 17 64 -0.7632381467931504
4 17 61 -0.6276488146675357
4 18 41 -8.039882668169064
4 18 13 -1.6811442856812417
4 18 31 -0.20638867608721762
5 0 0 -0.3395250240083418
5 0 2 -1.245171525627574
5 1 6 0.0
5 2 5 0.0
5 3 16 0.0
5 4 18 -7.933713751131019
5 4 20 -0.03823548311920339
5 4 15 -3.292649328665218
5 6 23 0.0
5 7 33 -0.09496193961467611
5 7 34 -2.40138436091631
5 8 25 0.0
5 9 39 -1.3756748956425529
5 9 44 -0.2912471036740952
5 10 43 -0.479973602447245
5 10 46 -0.9644303894399276
5 11 27 0.0
5 12 53 0.0
5 13 49 -0.6767049934126835
5 13 57 -0.7098642390066957
5 14 9 -0.4136028846016311
5 14 58 -1.0825327512691894
5 15 51 -0.7794839979861925
5 15 55 -1.4423533166985931
5 15 11 -1.1874876310516997
5 16 37 -8.169870215898893
5 16 29 -0.23412496483194079
5 16 62 -1.568036810883582
5 17 64 -0.7820548116724528
5 17 61 -0.6115027539342769
5 18 41 -9.823324112450994
5 18 13 -5.036681301886771
5 18 31 -0.0065709833327350494
6 0 0 -0.3448632063532956
6 0 2 -1.232088506149245
6 1 6 0.0
6 2 5 0.0
6 3 16 0.0
6 4 18 -4.460839715940272
6 4 20 -0.19119459212621237
6 4 15 -1.817228077237708
6 5 22 0.0
6 7 33 0.0
6 8 25 0.0
6 9 39 -1.1928814600296096
6 9 44 -0.36146629613883113
6 10 43 -0.2781676287378384
6 10 46 -1.415393205424177
6 11 27 0.0
6 12 53 0.0
6 13 49 -0.8145424140293311
6 13 57 -0.5849062718801483
6 14 9 -0.9560113396232824
6 14 58 -0.48519550851134374
6 15 51 -1.9010516706381897
6 15 55 -0.4879350588723896
6 15 11 -1.440979268385257
6 16 37 -6.469446998619067
6 16 29 -0.7901871916926354
6 16 62 -0.6075383248886382
6 17 64 -0.5584230079327136
6 17 61 -0.8488904500821394
6 18 35 -0.06875456111553656
6 18 41 -8.107626284504768
6 18 13 -5.674558901889894
6 18 31 -2.7692215732956815
7 0 0 -0.34393319755345814
7 0 2 -1.2343505299695048
7 1 6 0.0
7 2 5 0.0
7 3 12 0.0
7 4 18 -4.904720541497818
7 4 20 -0.1947364003035727
7 4 15 -1.7746846744745497
7 5 17 -5.952964889272357
7 5 22 -0.06704859300440116
7 5 30 -2.7765627591266364
7 6 32 0.0
7 8 40 -0.40742699376136127
7 8 25 -1.0947000267277291
7 9 39 -0.6937193195846512
7 9 44 -0.6925753686911331
7 10 43 0.0
7 11 27 -0.48600106118766206
7 11 47 -0.9547227580740617
7 12 53 -0.9741446829328776
7 12 56 -0.4740359250437352
7 13 49 0.0
7 14 9 -0.9562200987933974
7 14 58 -0.48506516206095174
7 15 51 -0.9116607331475222
7 15 55 -1.021536940427462
7 15 11 -1.435053800651531
7 16 37 -5.690304484346412
7 16 29 -0.7569694024419092
7 16 62 -0.6395390218778786
7 17 64 -0.49541583034696945
7 17 61 -0.9398600230183414
7 18 35 0.0
8 0 0 -0.1842859542993425
8 0 2 -1.7819949509866027
8 1 6 -0.7496985003082133
8 1 10 -0.6396234613275237
8 2 5 0.0
8 3 16 -1.5893255381668547
8 3 12 -0.2282354909747454
8 4 18 -1.1655147161034642
8 4 20 -1.2927343190607448
8 4 15 -0.8825689678678517
8 5 24 0.0
8 6 23 0.0
8 7 33 -1.6191507895952861
8 7 34 -0.2207300013908668
8 9 39 -0.5813779681894518
8 9 44 -0.8189992791545982
8 10 43 0.0
8 11 27 -1.55307015120215
8 11 47 -0.23774632945548863
8 12 53 -7.039709824209398
8 12 56 -8.767650760587324E-4
8 13 49 0.0
8 14 9 -1.5331608744944238
8 14 58 -0.24315789094924928
8 15 51 -0.1980466408188507
8 15 55 -1.716642300916689
8 16 37 -0.6526005106849415
8 16 29 -2.7756464740605766
8 16 62 -0.8746669881582276
8 17 64 -1.6743970236060088
8 17 61 -0.20754233065572697
8 18 41 -0.18408459322745666
8 18 31 -1.7829906122893828
9 0 0 -0.7647032953094631
9 0 2 -0.6263711985661841
9 1 10 0.0
9 2 5 0.0
9 3 16 -1.7223521240180453
9 3 7 -2.039909795238166
9 3 12 -0.36916099654708806
9 4 18 -1.1175066806785057
9 4 20 -1.180406941156117
9 4 15 -1.0057999049613704
9 5 24 0.0
9 6 23 0.0
9 7 33 -1.7997432948032683
9 7 34 -0.1807324122557512
9 8 38 0.0
9 10 43 -0.7860235219423743
9 10 45 -0.6081685370162181
9 11 27 -1.5532452734368514
9 11 47 -0.23769933407380955
9 12 53 -5.546682563819712
9 12 56 -0.003908001349446554
9 13 49 0.0
9 14 9 -1.1020496014109105
9 14 58 -0.4037508722772169
9 15 51 -0.2611332993264933
9 15 55 -1.470451264132299
9 16 37 -0.6509498221647989
9 16 29 -2.889877904681623
9 16 62 -0.8606979488874487
9 17 64 -1.5772716939428453
9 17 61 -0.23134941326393968
9 18 41 -0.22534040673332545
9 18 31 -1.6006984367530437
10 0 0 -0.6507742505144845
10 0 2 -0.7373953271903935
10 1 10 0.0
10 2 5 0.0
10 3 16 -1.3365482005824594
10 3 7 -2.2667558000144385
10 3 12 -0.45633579510323585
10 4 18 -1.1694003481831476
10 4 20 -1.0020750211494203
10 4 15 -1.1321793644094422
10 5 24 -0.4799653381406315
10 5 26 -0.9644438049762227
10 6 23 0.0
10 7 33 -1.4564836598004822
10 7 34 -0.2653393196582422
10 8 42 0.0
10 9 39 -0.5896975036864389
10 9 44 -0.8085467909645117
10 11 47 0.0
10 12 53 -7.137818356996732
10 12 56 -7.947992557470135E-4
10 13 49 0.0
10 14 9 -1.158522350705261
10 14 58 -0.376804397271211
10 15 51 -0.31946855921451706
10 15 55 -1.2965818000627223
10 16 37 -0.6530937697464285
10 16 29 -2.793583942663251
10 16 62 -0.8714002112394917
10 17 64 -1.761774441173309
10 17 61 -0.18842798436279545
10 18 41 -0.40173208131695215
10 18 31 -1.106120410635038
11 0 0 -0.18282798729396257
11 0 2 -1.7892311566769499
11 1 10 0.0
11 2 5 0.0
11 3 16 -0.8881662665646789
11 3 7 -0.5300245438727845
11 4 18 -8.08759306408838E-4
11 4 20 -8.012904255427994
11 4 15 -7.647426501854786
11 5 26 0.0
11 6 23 0.0
11 7 33 -1.4582346910773591
11 7 34 -0.2648078347981165
11 8 25 -1.5530403591279218
11 8 42 -0.23775432542389116
11 9 39 -0.4691220092843383
11 9 44 -0.9823003490472682
11 10 46 0.0
11 12 53 0.0
11 13 49 -7.167127763197161
11 13 57 -7.718333714450245E-4
11 14 9 -2.487100137220141
11 14 58 -0.0868122074164267
11 15 51 -5.283741208586449
11 15 55 -0.005086328003922877
11 16 37 -1.1076319402656762
11 16 29 -1.0052443434185365
11 16 62 -1.1917001104599905
11 17 64 -0.7678579994999687
11 17 61 -0.6236321356666645
11 18 41 -0.8472499943532565
11 18 13 -1.3188629363844522
11 18 31 -1.1908301079372534
12 0 0 -0.18352126096674637
12 0 2 -1.7857824432121365
12 1 10 0.0
12 2 5 0.0
12 3 16 -0.7603259403221448
12 3 7 -0.6301987113284646
12 4 18 -0.00538220999154174
12 4 20 -5.968074381256598
12 4 15 -5.87507369889161
12 5 26 0.0
12 6 23 0.0
12 7 33 -1.3167091041519925
12 7 34 -0.3119964381342515
12 8 25 -8.394932142320025
12 8 42 -2.2603535637953146E-4
12 9 39 -1.0760313389797977
12 9 44 -0.4169497191218755
12 10 48 -5.583124546244882E-4
12 10 46 -7.490870941014141
12 11 52 0.0
12 13 57 0.0
12 14 9 -2.4916486039260675
12 14 58 -0.08640072001001305
12 15 51 -1.820449354657949
12 15 55 -0.17668104673851276
12 16 37 -0.5800422976889898
12 16 29 -2.078823350574383
12 16 62 -1.155030215067115
12 17 64 -1.5669380740139343
12 17 61 -0.23405685734329856
12 18 41 -0.2875872167036141
12 18 13 -2.339893876762681
12 18 31 -1.8734620964401503
13 0 0 -0.19153965269904635
13 0 2 -1.7469020782480091
13 1 10 0.0
13 2 5 0.0
13 3 16 -1.5279285038468047
13 3 7 -2.282262249675687
13 3 12 -0.38424842351104677
13 4 18 -0.006259074157184867
13 4 20 -5.949318856092472
13 4 15 -5.617996355764011
13 5 24 -0.7103201900856125
13 5 26 -0.6762641111512248
13 6 23 0.0
13 7 33 -1.5148257158878857
13 7 34 -0.24826458027693923
13 8 42 0.0
13 9 39 -0.687708741484021
13 9 44 -0.6986153580597563
13 10 48 0.0
13 11 52 -5.876670469464143E-4
13 11 47 -7.439643836267563
13 12 56 0.0
13 14 9 -2.51809754180765
13 14 58 -0.08404794337483566
13 15 51 -0.8914841224556218
13 15 55 -0.5277119678709554
13 16 37 -0.6582819922255386
13 16 29 -2.3589891833122287
13 16 62 -0.947409345592655
13 17 64 -1.1837296616245503
13 17 61 -0.36547761315420296
13 18 41 -0.49527973151860943
13 18 31 -0.9400723228746459
14 0 0 0.0
14 1 8 0.0
14 2 5 0.0
14 3 3 -0.864044865778529
14 3 7 -0.5472370561693904
14 4 18 -0.5298779534077364
14 4 20 -4.423589357387901
14 4 15 -0.9179619421833675
14 5 17 -0.3927471208097583
14 5 24 -2.568807846962198
14 5 26 -1.3936264223473922
14 6 23 0.0
14 7 33 -0.5833254765948795
14 7 34 -0.8165348355724162
14 8 42 0.0
14 9 39 -0.6927627082824166
14 9 44 -0.6935318007132619
14 10 50 0.0
14 11 54 -0.0036617608108868486
14 11 47 -5.611641473105995
14 12 53 0.0
14 13 49 -0.6867672605849873
14 13 57 -0.6995680654062336
14 15 11 -5.913872435622586
14 15 59 -0.002705360617882354
14 16 37 -1.0081738652767387
14 16 29 -1.0205417783574813
14 16 62 -1.292018646045915
14 17 64 -0.9591425081220767
14 17 61 -0.4832450784806803
14 18 41 -1.5603648982021736
14 18 13 -0.8516565532904812
14 18 31 -1.0127104728000875
15 0 0 0.0
15 1 10 0.0
15 2 5 0.0
15 3 3 -1.4392232708020638
15 3 7 -0.27064386248027256
15 4 18 -0.08176396539802665
15 4 20 -5.6682520432528465
15 4 15 -2.589511899894959
15 5 17 -1.1868432488342324
15 5 24 -1.2597539828924604
15 5 26 -0.8889356937954882
15 6 23 0.0
15 7 33 -0.9033425336713857
15 7 34 -0.5195518461412113
15 8 42 0.0
15 9 39 -0.691643975898139
15 9 44 -0.6946526482482257
15 10 50 0.0
15 11 54 -0.003511334272709564
15 11 47 -5.653514332470692
15 12 53 0.0
15 13 49 -0.6917352837856808
15 13 57 -0.6945610736055717
15 14 9 -6.079334779548051
15 14 58 -0.002292324670970382
15 16 37 -1.3024671989387704
15 16 29 -0.9427502886170975
15 16 62 -1.0829807120908845
15 17 64 -0.7776396085574864
15 17 61 -0.6152408584341931
15 18 41 -0.869868841014322
15 18 13 -2.1670972726766258
15 18 31 -0.7625316151195829
16 0 0 -0.2299280272586002
16 0 2 -1.5827511398580352
16 1 6 -0.542648446068403
16 1 10 -0.8703783164278655
16 2 5 0.0
16 3 16 -0.9897732926877769
16 3 12 -0.4646753533128391
16 4 18 -6.417547326366232
16 4 20 -0.12367664613944311
16 4 15 -2.1654194489681258
16 5 28 0.0
16 6 23 0.0
16 7 33 -1.0298574300088785
16 7 34 -0.44170054740464726
16 8 36 -0.1544850931204641
16 8 25 -1.9439060143756346
16 9 39 -0.692973978976056
16 9 44 -0.6933204121478199
16 10 43 0.0
16 11 27 -0.5906350538898932
16 11 47 -0.8073811015603064
16 12 53 -1.825585335784117
16 12 56 -0.17569155028378713
16 13 49 0.0
16 14 9 -0.3561450703402757
16 14 58 -1.2052102690176034
16 15 51 -0.5316894752979531
16 15 55 -0.8857891113236176
16 17 61 0.0
16 18 65 -0.9818701753620082
16 18 41 -8.647187837417876
16 18 31 -4.5639829624664685
16 18 63 -0.48646794378735836
17 0 0 -0.3384738660097112
17 0 2 -1.2477763536904298
17 1 6 0.0
17 2 5 0.0
17 3 12 0.0
17 4 18 -5.87660846232211
17 4 20 -0.21696145208747517
17 4 15 -1.649038144544612
17 5 17 -5.033084370030014
17 5 28 -0.7459093260327724
17 5 30 -0.6555074885347313
17 6 32 -0.3456898330884011
17 6 23 -1.2300839802960692
17 7 34 0.0
17 8 36 -0.6979361403151441
17 8 40 -1.0226238045108766
17 8 25 -1.9467395523373203
17 9 39 -0.6947883010694534
17 9 44 -0.6915087489148162
17 10 43 0.0
17 11 27 -0.7330492497497291
17 11 47 -0.6547763810269973
17 12 53 -2.3176353110546817
17 12 56 -0.10370216597276699
17 13 49 0.0
17 14 9 -1.0611682809003564
17 14 58 -0.4247263540976719
17 15 51 -0.589982849224694
17 15 55 -1.0473568989847282
17 15 11 -2.3559930986192206
17 16 60 0.0
17 18 65 -0.26574174054688693
17 18 63 -1.4551604972656325
18 0 0 -0.33942048133349106
18 0 2 -1.2454301620881771
18 1 6 0.0
18 2 5 0.0
18 3 12 0.0
18 4 18 -7.375122452936876
18 4 20 -0.23262862754268754
18 4 15 -1.5753962708896077
18 5 17 -5.0341309770888065
18 5 30 -0.006533149230006571
18 6 32 -0.08730127337732492
18 6 23 -2.481723323860893
18 7 34 0.0
18 8 40 -0.40790718150440375
18 8 25 -1.093745960551217
18 9 39 -0.6918000130379739
18 9 44 -0.694496165390744
18 10 43 0.0
18 11 27 -0.6013177092054969
18 11 47 -0.7942698844543662
18 12 53 -1.0120823080835242
18 12 56 -0.45171014409492005
18 13 49 0.0
18 14 9 -0.892566614112274
18 14 58 -0.52696027221485
18 15 51 -0.7839673916177872
18 15 55 -1.0040103838617174
18 15 11 -1.7315942236169206
18 16 37 -7.861268988578266
18 16 29 -4.096580784916489
18 16 62 -0.017161237730153787
18 17 64 -0.37267964011685945
18 17 61 -1.1675955173809591
