0 1 1 0.0
0 2 5 0.0
0 3 3 -1.2393153532533248
0 3 7 -0.34190232936323445
0 4 18 -0.7766861489286941
0 4 20 -2.4940837229449606
0 4 15 -0.7819777297764335
0 5 17 0.0
0 6 23 0.0
0 7 33 -1.2734516083372476
0 7 34 -0.3283151569639936
0 8 40 -0.8478242020963718
0 8 25 -1.8158737604068576
0 8 42 -0.8941418447936846
0 9 39 -0.1691081934989647
0 9 44 -1.8605793853867767
0 10 50 0.0
0 11 54 -0.4393451047105842
0 11 27 -1.4154382490417012
0 11 47 -2.182826325917207
0 12 53 0.0
0 13 49 -1.2912638777982903
0 13 57 -0.32147755281927737
0 14 9 -0.0015881045803387926
0 14 58 -6.4460080088928375
0 15 11 0.0
0 16 37 -1.1760567208901718
0 16 29 -1.3838506757231197
0 16 62 -0.8189473590227169
0 17 64 -0.8853790138957117
0 17 61 -0.5319773842038699
0 18 13 -0.33934446428965087
0 18 31 -1.2456182857130924
1 0 0 0.0
1 2 5 0.0
1 3 3 -1.23934234893027
1 3 7 -0.3418913255186827
1 4 18 -0.7767222491242364
1 4 20 -2.4973624616950247
1 4 15 -0.7813508401810683
1 5 17 0.0
1 6 23 0.0
1 7 33 -1.2718524667945903
1 7 34 -0.32893731648094615
1 8 40 -0.847625573860981
1 8 25 -1.8165341654625757
1 8 42 -0.8940872697249819
1 9 39 -0.1686516657288845
1 9 44 -1.8630608133191442
1 10 50 0.0
1 11 54 -0.4390561091728587
1 11 27 -1.416010292171903
1 11 47 -2.1832469975285527
1 12 53 0.0
1 13 49 -1.2916768059505275
1 13 57 -0.32132102988128824
1 14 9 -5.735434249119819E-4
1 14 58 -7.463963663153307
1 15 11 0.0
1 16 37 -1.176675823156976
1 16 29 -1.383989923275222
1 16 62 -0.8184352959500565
1 17 64 -0.8841098044711808
1 17 61 -0.5328697076333184
1 18 13 -0.3397624454554869
1 18 31 -1.2445844984691672
2 0 0 0.0
2 1 4 0.0
2 3 3 -1.2392578088834365
2 3 7 -0.3419257867108634
2 4 18 -0.7774918758322316
2 4 20 -2.4687600691503278
2 4 15 -0.785804276256885
2 5 17 0.0
2 6 23 0.0
2 7 33 -1.2822766126739271
2 7 34 -0.3249064312221999
2 8 40 -0.8490260212138047
2 8 25 -1.8118641810007836
2 8 42 -0.8944821958912433
2 9 39 -0.1710788642820053
2 9 44 -1.8499508645287543
2 10 50 0.0
2 11 54 -0.4402941011902737
2 11 27 -1.4133286154393316
2 11 47 -2.181952894483158
2 12 53 0.0
2 13 49 -1.2899347160330634
2 13 57 -0.3219819854559992
2 14 9 -0.008034631964727007
2 14 58 -4.828008711037448
2 15 11 0.0
2 16 37 -1.1733789959108305
2 16 29 -1.3814070949093855
2 16 62 -0.8222194773228225
2 17 64 -0.8925725698021622
2 17 61 -0.5269561403218287
2 18 13 -0.33840502435075814
2 18 31 -1.2479472798145195
3 0 0 -0.3418908346284184
3 0 2 -1.2393435532528092
3 1 6 0.0
3 2 5 0.0
3 4 18 -9.342733484073634
3 4 20 -7.403390921338232
3 4 15 -6.970260838317206E-4
3 5 17 0.0
3 6 23 0.0
3 7 33 -1.1084711833211043
3 7 34 -0.40057187200457517
3 8 40 -0.4129069741400656
3 8 25 -1.0838926679710923
3 9 39 -0.8763468665904075
3 9 44 -0.5383697373371484
3 10 50 -1.834528665440054
3 10 43 -0.3167513545306795
3 10 46 -2.1910493054364557
3 11 27 0.0
3 12 53 0.0
3 13 49 -0.12276879239937115
3 13 57 -2.1582088968321087
3 14 9 -0.325648735145764
3 14 58 -1.2803456148452652
3 15 55 -0.9112293487237875
3 15 11 -0.5142141674593345
3 16 37 -6.187370790559129
3 16 29 -1.4073269352718056
3 16 62 -0.28349351038306675
3 17 64 -0.6015919576528798
3 17 61 -0.7939373700335064
3 18 13 -0.2647675946841963
3 18 31 -1.45836742913589
4 0 0 -0.34202369984175657
4 0 2 -1.2390176637034354
4 1 6 0.0
4 2 5 0.0
4 3 14 0.0
4 5 17 -2.573072639964091
4 5 21 -0.07936873669287779
4 6 23 0.0
4 7 33 -0.22619792127741203
4 7 34 -1.5973128781782402
4 8 25 0.0
4 9 39 -1.2621147260346495
4 9 44 -0.33275588448161636
4 10 43 -0.7325985311821421
4 10 46 -0.6551933467839166
4 11 19 -1.6408040606727983E-4
4 11 27 -8.715236008471088
4 12 53 0.0
4 13 49 -6.893909086964685
4 13 57 -0.001014456881921582
4 14 9 -1.0874546565906051
4 14 58 -0.41109095887618874
4 15 51 -3.4092603116841853
4 15 55 -0.2321510948462975
4 15 11 -1.7480793212204775
4 16 37 -4.799248398362115
4 16 29 -0.4531078286953317
4 16 62 -1.0325030367040586
4 17 64 -0.898468540826121
4 17 61 -0.5228860282810159
4 18 41 -5.832499768687426
4 18 13 -1.0665897156496724
4 18 31 -0.42634816799845776
5 0 0 -0.3418281907470807
5 0 2 -1.2394972569806069
5 1 6 0.0
5 2 5 0.0
5 3 16 0.0
5 4 18 -6.684195134201721
5 4 20 -0.056168533487247985
5 4 15 -2.9305123938511195
5 6 23 0.0
5 7 33 -0.0030710695613233286
5 7 34 -5.787264528549508
5 8 25 0.0
5 9 39 -1.3957876379449665
5 9 44 -0.2845375689465865
5 10 43 -0.4659200329546286
5 10 46 -0.9876725240896099
5 11 27 0.0
5 12 53 0.0
5 13 49 -0.4992672672940929
5 13 57 -0.9338826854479876
5 14 9 -0.4965191775176603
5 14 58 -0.9381416435122977
5 15 51 -0.7981459657681039
5 15 55 -1.4542952241307818
5 15 11 -1.1511518065498594
5 16 37 -6.044298099003334
5 16 29 -0.2836654545823356
5 16 62 -1.4080896263816403
5 17 64 -0.8264577293430297
5 17 61 -0.5755359460610516
5 18 41 -6.562683239067707
5 18 13 -3.3353825091646203
5 18 31 -0.03771542652186575
6 0 0 -0.34913541943566195
6 0 2 -1.2217892888231812
6 1 6 0.0
6 2 5 0.0
6 3 16 0.0
6 4 18 -4.853067182365368
6 4 20 -0.14871765971271095
6 4 15 -2.0372775349389385
6 5 22 0.0
6 7 33 0.0
6 8 25 0.0
6 9 39 -1.3212381471296313
6 9 44 -0.3103432467178246
6 10 43 -0.3739106330275349
6 10 46 -1.164875166021841
6 11 27 0.0
6 12 53 0.0
6 13 49 -0.38000052141229884
6 13 57 -1.1515734551983898
6 14 9 -0.7252771362948849
6 14 58 -0.6620175033446167
6 15 51 -0.9001150428598331
6 15 55 -1.0792404324098361
6 15 11 -1.3719042329787683
6 16 37 -7.728455351880906
6 16 29 -1.5393409190181309
6 16 62 -0.24202387562897976
6 17 64 -0.2322668010643234
6 17 61 -1.5737551459040888
6 18 35 -0.0027653290275406793
6 18 41 -9.43481243918779
6 18 13 -7.933572947316466
6 18 31 -6.0648476003042076
7 0 0 -0.3450938180459753
7 0 2 -1.231528714086029
7 1 6 0.0
7 2 5 0.0
7 3 12 0.0
7 4 18 -5.903804819013548
7 4 20 -0.15809769951790228
7 4 15 -1.9413882363662778
7 5 17 -8.278956165659194
7 5 22 -0.0024294397729867716
7 5 30 -6.131789669621529
7 6 32 0.0
7 8 40 -0.41303749791177863
7 8 25 -1.0836373912441435
7 9 39 -0.6937996574058655
7 9 44 -0.6924951291624796
7 10 43 0.0
7 11 27 -0.7373394017897423
7 11 47 -0.650825538226998
7 12 53 -0.9563750314899251
7 12 56 -0.48496845271472855
7 13 49 0.0
7 14 9 -0.8670505974123239
7 14 58 -0.5450531424399888
7 15 51 -0.7628041536033106
7 15 55 -1.1511602808417953
7 15 11 -1.526137978427222
7 16 37 -6.651908956209956
7 16 29 -2.292996330204056
7 16 62 -0.10786926266362246
7 17 64 -0.31775270444386244
7 17 61 -1.3011547947453588
7 18 35 0.0
8 0 0 -0.14185455169769137
8 0 2 -2.0230420001296503
8 1 6 -0.7289762277570259
8 1 10 -0.6585575740052454
8 2 5 0.0
8 3 16 -1.4356499613529319
8 3 12 -0.27175708226084416
8 4 18 -1.107907071844041
8 4 20 -1.0525512788835298
8 4 15 -1.137235217996786
8 5 24 0.0
8 6 23 0.0
8 7 33 -1.5164606999566792
8 7 34 -0.24780432573565164
8 9 39 -0.5643585693531921
8 9 44 -0.8410089409087765
8 10 43 0.0
8 11 27 -1.6393844396728003
8 11 47 -0.21579497519507357
8 12 53 -8.167215338956526
8 12 56 -2.8384750490871753E-4
8 13 49 0.0
8 14 9 -1.697735228591591
8 14 58 -0.20223581102977342
8 15 51 -0.23672800406294317
8 15 55 -1.5568735444476727
8 16 37 -0.6023403812980402
8 16 29 -2.1503792263595964
8 16 62 -1.0905509737868129
8 17 64 -1.6950243321641847
8 17 61 -0.20284443174596734
8 18 41 -0.16465902346033182
8 18 31 -1.8850785432163557
9 0 0 -0.7184003322920871
9 0 2 -0.6685160741379644
9 1 10 0.0
9 2 5 0.0
9 3 16 -1.3188548935118738
9 3 7 -1.858110737880405
9 3 12 -0.5506210452399481
9 4 18 -1.0875868843012626
9 4 20 -0.9684003178690638
9 4 15 -1.2613150178819008
9 5 24 0.0
9 6 23 0.0
9 7 33 -1.937244120049242
9 7 34 -0.15560234761071526
9 8 38 0.0
9 10 43 -0.685972401264784
9 10 45 -0.7003738095471691
9 11 27 -1.639419978716401
9 11 47 -0.21578641587806505
9 12 53 -6.9248029509658355
9 12 56 -9.835803739665298E-4
9 13 49 0.0
9 14 9 -1.1283150859236581
9 14 58 -0.3909381351301882
9 15 51 -0.26220847778550005
9 15 55 -1.4668565330828627
9 16 37 -0.6068464946228974
9 16 29 -2.495802428928067
9 16 62 -0.9875110302125251
9 17 64 -1.665592099709926
9 17 61 -0.20958423500380843
9 18 41 -0.25732267250611085
9 18 31 -1.4833283470175538
10 0 0 -0.7893836969942413
10 0 2 -0.6053645113321232
10 1 10 0.0
10 2 5 0.0
10 3 16 -1.3111000238332253
10 3 7 -1.861369813806726
10 3 12 -0.5533555776064834
10 4 18 -1.132494848882226
10 4 20 -0.9434590267351158
10 4 15 -1.2430855631877473
10 5 24 -0.46591775028733545
10 5 26 -0.9876763703455045
10 6 23 0.0
10 7 33 -1.0816372347811054
10 7 34 -0.41406192952253124
10 8 42 0.0
10 9 39 -0.5949261697356814
10 9 44 -0.8020769236298427
10 11 47 0.0
10 12 53 -8.303380961743457
10 12 56 -2.477086972756486E-4
10 13 49 0.0
10 14 9 -1.1696853359065054
10 14 58 -0.3717372675680267
10 15 51 -0.2771839672557507
10 15 55 -1.4184665926504123
10 16 37 -0.603192004544173
10 16 29 -3.0181587130900374
10 16 62 -0.9062259965764426
10 17 64 -1.6900541031020557
10 17 61 -0.20396555678645134
10 18 41 -0.35935604878228666
10 18 31 -1.1977447068372096
11 0 0 -0.21344695843053343
11 0 2 -1.649192798023738
11 1 10 0.0
11 2 5 0.0
11 3 16 -0.7689504302005173
11 3 7 -0.6226873897185803
11 4 18 -3.212954547665326E-4
11 4 20 -8.96569624464457
11 4 15 -8.550092628736376
11 5 26 0.0
11 6 23 0.0
11 7 33 -1.4403040383656507
11 7 34 -0.27030818890358715
11 8 25 -1.6393718609019585
11 8 42 -0.21579800478986647
11 9 39 -0.46240292229376684
11 9 44 -0.9936269041431759
11 10 46 0.0
11 12 53 0.0
11 13 49 -8.427520216910173
11 13 57 -2.187872360463334E-4
11 14 9 -1.9368383096017772
11 14 58 -0.15567068667000195
11 15 51 -3.837870732310185
11 15 55 -0.021774774750095285
11 16 37 -1.1866863030466812
11 16 29 -0.9545666471899579
11 16 62 -1.1718605444431314
11 17 64 -0.7883535242553867
11 17 61 -0.6062223418980142
11 18 41 -0.8478255358825754
11 18 13 -1.6466482617382556
11 18 31 -0.9703247026936831
12 0 0 -0.19714217144942264
12 0 2 -1.7207823614346318
12 1 10 0.0
12 2 5 0.0
12 3 16 -0.7090462956282588
12 3 7 -0.6774968963211568
12 4 18 -0.0013706316935076356
12 4 20 -7.368839201127341
12 4 15 -7.21008672748728
12 5 26 0.0
12 6 23 0.0
12 7 33 -1.683889722191797
12 7 34 -0.2053655716658813
12 8 25 -9.778593647954914
12 8 42 -5.665301663100244E-5
12 9 39 -1.0679329441804157
12 9 44 -0.4211651134309486
12 10 48 -2.0628433414028453E-4
12 10 46 -8.486358218439351
12 11 52 0.0
12 13 57 0.0
12 14 9 -2.3529965257180687
12 14 58 -0.09991295151427201
12 15 51 -1.3884068361775772
12 15 55 -0.2869789046147097
12 16 37 -0.6051257512952658
12 16 29 -1.948621991555956
12 16 62 -1.166278970984753
12 17 64 -1.4875332391628213
12 17 61 -0.25609204293831245
12 18 41 -0.28110182177634563
12 18 13 -2.601066870937028
12 18 31 -1.7669449589823962
13 0 0 -0.23218928293346797
13 0 2 -1.5740516874194652
13 1 10 0.0
13 2 5 0.0
13 3 16 -1.3090211273104593
13 3 7 -1.8614706924529887
13 3 12 -0.5543041946589397
13 4 18 -0.0017007156738102598
13 4 20 -7.183667202585295
13 4 15 -6.969215333634723
13 5 24 -0.6108286751377879
13 5 26 -0.7828548311801332
13 6 23 0.0
13 7 33 -1.422346361851944
13 7 34 -0.27594789886841226
13 8 42 0.0
13 9 39 -0.6403034338532306
13 9 44 -0.7489399507246538
13 10 48 0.0
13 11 52 -1.8987664431590332E-4
13 11 47 -8.56923087391441
13 12 56 0.0
13 14 9 -2.4442390886740744
13 14 58 -0.09079176921780592
13 15 51 -0.8405993583051761
13 15 55 -0.564669275741453
13 16 37 -0.6034408478953958
13 16 29 -2.359828369636599
13 16 62 -1.0254443594659062
13 17 64 -1.0027925946828375
13 17 61 -0.45705350308933884
13 18 41 -0.5426880358683475
13 18 31 -0.8703233757448299
14 0 0 0.0
14 1 8 0.0
14 2 5 0.0
14 3 3 -1.2390695221346255
14 3 7 -0.34200255307414074
14 4 18 -1.0387015887046762
14 4 20 -4.447804314965032
14 4 15 -0.45510421432912196
14 5 17 -0.3572174091772578
14 5 24 -2.2269839681349546
14 5 26 -1.6475220238548238
14 6 23 0.0
14 7 33 -0.82753222096956
14 7 34 -0.5747007000628416
14 8 42 0.0
14 9 39 -0.6922582634257878
14 9 44 -0.6940368885708501
14 10 50 0.0
14 11 54 -0.02196758291619599
14 11 47 -3.8291511003672656
14 12 53 0.0
14 13 49 -0.8468878392575254
14 13 57 -0.5599234141473878
14 15 11 -6.7233004528134686
14 15 59 -0.0012032863143871869
14 16 37 -0.9847471930385138
14 16 29 -0.9487401944956086
14 16 62 -1.430297225334903
14 17 64 -0.9606143757023391
14 17 61 -0.48233165709151865
14 18 41 -1.4818820089645857
14 18 13 -0.9775202861123752
14 18 31 -0.9249596812272147
15 0 0 0.0
15 1 10 0.0
15 2 5 0.0
15 3 3 -1.4730091402231325
15 3 7 -0.2603712929806734
15 4 18 -0.23012439526268752
15 4 20 -4.401069034033347
15 4 15 -1.6435066907954186
15 5 17 -1.1552066173528321
15 5 24 -1.2621362810640941
15 5 26 -0.9114055733223122
15 6 23 0.0
15 7 33 -0.8077268871150844
15 7 34 -0.5903567369038029
15 8 42 0.0
15 9 39 -0.6921038246565506
15 9 44 -0.6941916261919548
15 10 50 0.0
15 11 54 -0.021975193183567557
15 11 47 -3.8288085198480584
15 12 53 0.0
15 13 49 -0.854524386235949
15 13 57 -0.5542299596102318
15 14 9 -7.476414772912312
15 14 58 -5.664444366850049E-4
15 16 37 -1.457074622137792
15 16 29 -0.9440814502117121
15 16 62 -0.9727378230675131
15 17 64 -0.758844655414683
15 17 61 -0.6315010667708808
15 18 41 -1.0347737921114395
15 18 13 -2.0827080623975975
15 18 31 -0.6537324402567005
16 0 0 -0.19723336999617494
16 0 2 -1.7203639671097413
16 1 6 -0.5971158931026338
16 1 10 -0.799389756768803
16 2 5 0.0
16 3 16 -0.942000818145005
16 3 12 -0.49404560156143096
16 4 18 -4.89838576999519
16 4 20 -0.26530508464817293
16 4 15 -1.4891271239951207
16 5 28 0.0
16 6 23 0.0
16 7 33 -2.491076585634082
16 7 34 -0.08645235682707546
16 8 36 -0.18575518911003638
16 8 25 -1.774765959586218
16 9 39 -0.6927279507185875
16 9 44 -0.6935665862286776
16 10 43 0.0
16 11 27 -0.5695302653608605
16 11 47 -0.8342296348018406
16 12 53 -1.401225426638212
16 12 56 -0.2827541845026256
16 13 49 0.0
16 14 9 -0.4043483609975667
16 14 58 -1.100849531239662
16 15 51 -0.4479571993499582
16 15 55 -1.0186890562472333
16 17 61 0.0
16 18 65 -0.834048344621213
16 18 41 -9.783836546787517
16 18 31 -7.328233359773434
16 18 63 -0.5709307246381866
17 0 0 -0.3412038963646846
17 0 2 -1.2410308520136462
17 1 6 0.0
17 2 5 0.0
17 3 12 0.0
17 4 18 -5.232328960951407
17 4 20 -0.3134642545361422
17 4 15 -1.3327595730936577
17 5 17 -4.207119003334263
17 5 28 -0.6525187124352378
17 5 30 -0.7670558658209604
17 6 32 -0.038391178679632675
17 6 23 -3.279061745982198
17 7 34 0.0
17 8 36 -0.7742687589879654
17 8 40 -0.9955842341034118
17 8 25 -1.7751873029963994
17 9 39 -0.693278179869544
17 9 44 -0.6930161984089179
17 10 43 0.0
17 11 27 -0.5714716211753073
17 11 47 -0.831705614028069
17 12 53 -2.325011269368808
17 12 56 -0.10289948215311213
17 13 49 0.0
17 14 9 -0.7880283314609653
17 14 58 -0.6064934683158656
17 15 51 -0.6746595869310176
17 15 55 -0.8871126695822255
17 15 11 -2.5404989224276697
17 16 60 0.0
17 18 65 -0.2948318571497148
17 18 63 -1.3651467001771493
18 0 0 -0.3418092880300609
18 0 2 -1.2395436434301161
18 1 6 0.0
18 2 5 0.0
18 3 12 0.0
18 4 18 -5.389626494572102
18 4 20 -0.43058407651949476
18 4 15 -1.0633212176527969
18 5 17 -3.318082218117382
18 5 30 -0.03689454157579822
18 6 32 -0.0034527407680727006
18 6 23 -5.670312811457787
18 7 34 0.0
18 8 40 -0.41288893805522187
18 8 25 -1.083927950461476
18 9 39 -0.6919859943064164
18 9 44 -0.6943097167346515
18 10 43 0.0
18 11 27 -0.5695336210308505
18 11 47 -0.8342252622492529
18 12 53 -1.3512734275850797
18 12 56 -0.29963367187096124
18 13 49 0.0
18 14 9 -0.8398021489246735
18 14 58 -0.5652746752520389
18 15 51 -0.7659063279709836
18 15 55 -0.8714253871375711
18 15 11 -2.1478675741873414
18 16 37 -9.227780671800987
18 16 29 -7.318025359837608
18 16 62 -7.620323982548479E-4
18 17 64 -0.31746012333686807
18 17 61 -1.3019374416164124
