0 1 1 0.0
0 2 5 0.0
0 3 3 -1.257732617448924
0 3 7 -0.3344912717567565
0 4 18 -0.7430442007418915
0 4 20 -3.1382576436158396
0 4 15 -0.7319336880638467
0 5 17 0.0
0 6 23 0.0
0 7 33 -1.5302488312159206
0 7 34 -0.24396097965858132
0 8 40 -0.9894150418286399
0 8 25 -1.5741609418199631
0 8 42 -0.865064082107429
0 9 39 -0.16687003345956852
0 9 44 -1.8728150644803927
0 10 50 0.0
0 11 54 -0.45350552982932435
0 11 27 -1.4896984593029647
0 11 47 -1.9721127137137353
0 12 53 0.0
0 13 49 -1.271808793707267
0 13 57 -0.3289543272608203
0 14 9 -0.0014563490835636202
0 14 58 -6.532550688918229
0 15 11 0.0
0 16 37 -0.8819846358184861
0 16 29 -1.6384650954052857
0 16 62 -0.9371021620665742
0 17 64 -0.9856808001196703
0 17 61 -0.4671039589386143
0 18 13 -0.2909115660968569
0 18 31 -1.3766679903410268
1 0 0 0.0
1 2 5 0.0
1 3 3 -1.257779123912471
1 3 7 -0.334472798622606
1 4 18 -0.7421437739275212
1 4 20 -3.142517631195377
1 4 15 -0.7324414916570522
1 5 17 0.0
1 6 23 0.0
1 7 33 -1.5260321428341306
1 7 34 -0.24512916943128135
1 8 40 -0.9892838971752316
1 8 25 -1.5744880161396748
1 8 42 -0.8650189774428194
1 9 39 -0.16658842206662253
1 9 44 -1.8743672044619868
1 10 50 0.0
1 11 54 -0.45338644754918195
1 11 27 -1.4899682781125416
1 11 47 -1.972219422654503
1 12 53 0.0
1 13 49 -1.2712534998683318
1 13 57 -0.32917070567529816
1 14 9 -5.242508052930764E-4
1 14 58 -7.553802466048248
1 15 11 0.0
1 16 37 -0.8814995380005612
1 16 29 -1.6377423452628141
1 16 62 -0.9379737997855336
1 17 64 -0.9845778864183083
1 17 61 -0.4677611757939651
1 18 13 -0.2906692463898656
1 18 31 -1.3773860082643363
2 0 0 0.0
2 1 4 0.0
2 3 3 -1.2577791964655392
2 3 7 -0.3344727698042689
2 4 18 -0.7472930088302873
2 4 20 -3.1034285969646267
2 4 15 -0.7309362548911891
2 5 17 0.0
2 6 23 0.0
2 7 33 -1.5366380591251945
2 7 34 -0.24220284486214091
2 8 40 -0.9901769227371443
2 8 25 -1.5722382224272686
2 8 42 -0.8653386400768481
2 9 39 -0.1685380003192385
2 9 44 -1.8636797695574072
2 10 50 0.0
2 11 54 -0.4542172655284997
2 11 27 -1.487972552167834
2 11 47 -1.9716626351256028
2 12 53 0.0
2 13 49 -1.2734360090478367
2 13 57 -0.32832121932750313
2 14 9 -0.0073781777813849625
2 14 58 -4.912915404611544
2 15 11 0.0
2 16 37 -0.884125125684958
2 16 29 -1.638872678729092
2 16 62 -0.9346437420760351
2 17 64 -0.9903831622189613
2 17 61 -0.4643147920408142
2 18 13 -0.29112722032184657
2 18 31 -1.3760295643973517
3 0 0 -0.33449276925036653
3 0 2 -1.2577288476129362
3 1 6 0.0
3 2 5 0.0
3 4 18 -9.380892698068251
3 4 20 -7.76999427485857
3 4 15 -5.066639132491783E-4
3 5 17 0.0
3 6 23 0.0
3 7 33 -1.4747449433064281
3 7 34 -0.25985562557785247
3 8 40 -0.4188887736104452
3 8 25 -1.072293740284623
3 9 39 -0.9588882392096101
3 9 44 -0.4834030952452594
3 10 50 -1.618086120923426
3 10 43 -0.3749722179784
3 10 46 -2.1679334842552245
3 11 27 0.0
3 12 53 0.0
3 13 49 -0.1518173251839597
3 13 57 -1.9600257816909619
3 14 9 -0.4320307398030291
3 14 58 -1.0475088605110168
3 15 55 -0.9923292827966294
3 15 11 -0.46316656103692905
3 16 37 -4.758207678842437
3 16 29 -1.6074673311981373
3 16 62 -0.23442631334884007
3 17 64 -0.5092770637565919
3 17 61 -0.918618077514627
3 18 13 -0.2164708058240837
3 18 31 -1.6365832677536758
4 0 0 -0.3345855088130319
4 0 2 -1.2574954209018807
4 1 6 0.0
4 2 5 0.0
4 3 14 0.0
4 5 17 -2.1590675201156255
4 5 21 -0.12265669088525856
4 6 23 0.0
4 7 33 -0.23809230869593945
4 7 34 -1.55178210018298
4 8 25 0.0
4 9 39 -1.3138675924708012
4 9 44 -0.3130388798807935
4 10 43 -0.6394268912384181
4 10 46 -0.7499179893095379
4 11 19 -0.0038264763537020144
4 11 27 -5.567723539445582
4 12 53 0.0
4 13 49 -4.587467679862542
4 13 57 -0.010230757423359783
4 14 9 -1.5140980675547377
4 14 58 -0.24846972653005764
4 15 51 -2.191944493164488
4 15 55 -0.41706397233658754
4 15 11 -1.4726285895079294
4 16 37 -3.807097718112957
4 16 29 -0.7989159609599755
4 16 62 -0.638713676599669
4 17 64 -0.8237117595415248
4 17 61 -0.5776777673685247
4 18 41 -5.128344804716325
4 18 13 -0.9753811060092803
4 18 31 -0.48284572482029775
5 0 0 -0.3344009176502781
5 0 2 -1.2579601143771926
5 1 6 0.0
5 2 5 0.0
5 3 16 0.0
5 4 18 -4.213671071045547
5 4 20 -0.11286791418184275
5 4 15 -2.386625686696532
5 6 23 0.0
5 7 33 -0.0015589217980915052
5 7 34 -6.464540211387185
5 8 25 0.0
5 9 39 -1.4039980451163883
5 9 44 -0.2818498150153401
5 10 43 -0.42433260120556715
5 10 46 -1.0619127970768178
5 11 27 0.0
5 12 53 0.0
5 13 49 -0.48640705947274254
5 13 57 -0.9540743349767756
5 14 9 -0.642081369324932
5 14 58 -0.7469617034498057
5 15 51 -0.7740884650787697
5 15 55 -1.3881086188196607
5 15 11 -1.2401900240857924
5 16 37 -3.923565539457859
5 16 29 -0.4968400939028626
5 16 62 -0.9894550079676211
5 17 64 -1.3374412809287943
5 17 61 -0.3045115855616237
5 18 41 -4.49450781526387
5 18 13 -2.326447943189175
5 18 31 -0.11520003051062253
6 0 0 -0.33510642480337
6 0 2 -1.256185681710103
6 1 6 0.0
6 2 5 0.0
6 3 16 0.0
6 4 18 -5.28890391905475
6 4 20 -0.21331463356120453
6 4 15 -1.6763750072481485
6 5 22 0.0
6 7 33 0.0
6 8 25 0.0
6 9 39 -1.4167036634297274
6 9 44 -0.2777477183689968
6 10 43 -0.4241980107383044
6 10 46 -1.0621674779851233
6 11 27 0.0
6 12 53 0.0
6 13 49 -0.3529580010102847
6 13 57 -1.2126997789329437
6 14 9 -0.8102704108717789
6 14 58 -0.5883148228041344
6 15 51 -0.7758538746593071
6 15 55 -1.3867999031678309
6 15 11 -1.238509771788469
6 16 37 -7.9051719132091565
6 16 29 -1.3182145181353153
6 16 62 -0.3119495253117724
6 17 64 -0.22268418370646167
6 17 61 -1.6112774959636338
6 18 35 -5.147548222666977E-4
6 18 41 -9.781997789123173
6 18 13 -8.94965952887069
6 18 31 -8.021332600069123
7 0 0 -0.3351940052361683
7 0 2 -1.2559657134895263
7 1 6 0.0
7 2 5 0.0
7 3 12 0.0
7 4 18 -4.516890888868036
7 4 20 -0.15530781769599042
7 4 15 -2.0179666825938813
7 5 17 -9.074277269571871
7 5 22 -0.0011407580710328785
7 5 30 -6.88254354771798
7 6 32 0.0
7 8 40 -0.41883259766823044
7 8 25 -1.0724017234821608
7 9 39 -0.6937201051212832
7 9 44 -0.6925745840532187
7 10 43 0.0
7 11 27 -0.590516937233041
7 11 47 -0.8075278252595339
7 12 53 -1.277902620974251
7 12 56 -0.3265907069829687
7 13 49 0.0
7 14 9 -0.9573080522183326
7 14 58 -0.4843865731977443
7 15 51 -0.8419409961358227
7 15 55 -0.8129985817775455
7 15 11 -2.0746491123460955
7 16 37 -7.013239344221764
7 16 29 -1.3060708513534542
7 16 62 -0.31715509119977964
7 17 64 -0.15685650811561047
7 17 61 -1.9298271515940082
7 18 35 0.0
8 0 0 -0.12120927557302041
8 0 2 -2.17022923617334
8 1 6 -0.8090014634490721
8 1 10 -0.5893323500640353
8 2 5 0.0
8 3 16 -1.4203126816546257
8 3 12 -0.2765950270760022
8 4 18 -1.1620061380979456
8 4 20 -1.0793184481097156
8 4 15 -1.057523046991207
8 5 24 0.0
8 6 23 0.0
8 7 33 -1.4516228625622667
8 7 34 -0.26682107925234
8 9 39 -0.5742572319094709
8 9 44 -0.828103549786613
8 10 43 0.0
8 11 27 -1.561746490928773
8 11 47 -0.23543046568046352
8 12 53 -8.023549588876223
8 12 56 -3.2770860656760437E-4
8 13 49 0.0
8 14 9 -2.075913248604976
8 14 58 -0.13403645226393934
8 15 51 -0.27615282701088356
8 15 55 -1.4217017598497323
8 16 37 -0.6380853216424762
8 16 29 -2.104291082177126
8 16 62 -1.050493978833497
8 17 64 -1.6983932807597593
8 17 61 -0.2020883768160701
8 18 41 -0.1520143273387138
8 18 31 -1.9588250046324618
9 0 0 -0.7171406850471275
9 0 2 -0.6697159009252427
9 1 10 0.0
9 2 5 0.0
9 3 16 -1.4267547377439085
9 3 7 -1.6078281707521882
9 3 12 -0.5805491399505653
9 4 18 -1.1289353749732909
9 4 20 -0.9404177554575444
9 4 15 -1.2512112827897872
9 5 24 0.0
9 6 23 0.0
9 7 33 -1.7791352044977529
9 7 34 -0.18486564767994776
9 8 38 0.0
9 10 43 -0.6828384346500885
9 10 45 -0.7035633046067917
9 11 27 -1.5617490528335445
9 11 47 -0.2354297856152703
9 12 53 -6.999509640853503
9 12 56 -9.127456504715415E-4
9 13 49 0.0
9 14 9 -1.2570176986611798
9 14 58 -0.3347754004124624
9 15 51 -0.2761036176511472
9 15 55 -1.4218564980641288
9 16 37 -0.6378348063896889
9 16 29 -2.5971032238772787
9 16 62 -0.9236285760807996
9 17 64 -1.5801670961238012
9 17 61 -0.2305971145300667
9 18 41 -0.23356705214872364
9 18 31 -1.568797575078168
10 0 0 -0.7157336513557392
10 0 2 -0.6710596107549717
10 1 10 0.0
10 2 5 0.0
10 3 16 -0.9936072398478687
10 3 7 -1.6074561243628898
10 3 12 -0.8454490471741931
10 4 18 -1.1796529776275153
10 4 20 -0.8202372876494645
10 4 15 -1.3771861574867148
10 5 24 -0.4243352010466129
10 5 26 -1.0619078784630152
10 6 23 0.0
10 7 33 -1.3753050385704517
10 7 34 -0.29137218152115407
10 8 42 0.0
10 9 39 -0.6324142279661775
10 9 44 -0.7578084907671521
10 11 47 0.0
10 12 53 -8.196531108895627
10 12 56 -2.756459545474014E-4
10 13 49 0.0
10 14 9 -1.3173970840397038
10 14 58 -0.31174465275047847
10 15 51 -0.25016256277373555
10 15 55 -1.508119406760065
10 16 37 -0.6426734419976173
10 16 29 -3.1070834516568526
10 16 62 -0.8454032993668613
10 17 64 -1.494624813253932
10 17 61 -0.25403165955237933
10 18 41 -0.4042311902794175
10 18 31 -1.1010847014002512
11 0 0 -0.25977426237031
11 0 2 -1.475019179646519
11 1 10 0.0
11 2 5 0.0
11 3 16 -0.7315807534595195
11 3 7 -0.6561362390053632
11 4 18 -0.008979564081292508
11 4 20 -5.971229186653717
11 4 15 -5.053292645101054
11 5 26 0.0
11 6 23 0.0
11 7 33 -1.3531751802500611
11 7 34 -0.2989701187455913
11 8 25 -1.5617373296506116
11 8 42 -0.23543289758686628
11 9 39 -0.435459800750808
11 9 44 -1.041194089583947
11 10 46 0.0
11 12 53 0.0
11 13 49 -8.327009470303295
11 13 57 -2.4192361770834328E-4
11 14 9 -1.8977035521461645
11 14 58 -0.16241598238206512
11 15 51 -2.9308994488462274
11 15 55 -0.05482481955540787
11 16 37 -1.1828449065649653
11 16 29 -0.978858425461117
11 16 62 -1.14616183340289
11 17 64 -0.7815394424739169
11 17 61 -0.611937519321957
11 18 41 -0.8037401990316869
11 18 13 -1.6740755368654396
11 18 31 -1.0082222173640576
12 0 0 -0.23724404851213823
12 0 2 -1.5549438529333846
12 1 10 0.0
12 2 5 0.0
12 3 16 -0.7315728644624204
12 3 7 -0.6561435547739897
12 4 18 -0.01026551151777734
12 4 20 -5.756234745460958
12 4 15 -4.95472733735461
12 5 26 0.0
12 6 23 0.0
12 7 33 -1.5189595792498034
12 7 34 -0.24710274129687854
12 8 25 -9.29101414496976
12 8 42 -9.225371374394291E-5
12 9 39 -1.0299519167529259
12 9 44 -0.44164807805464534
12 10 48 -2.3189130683080658E-4
12 10 46 -8.369357744532826
12 11 52 0.0
12 13 57 0.0
12 14 9 -3.146719511770299
12 14 58 -0.04394450364419516
12 15 51 -1.1151560422244264
12 15 55 -0.39729474798132325
12 16 37 -0.6385442347412683
12 16 29 -1.7247532514246096
12 16 62 -1.2251202372914167
12 17 64 -1.1290506034378045
12 17 61 -0.3905864789870406
12 18 41 -0.47789748287600403
12 18 13 -2.3432048805558345
12 18 31 -1.259151450834844
13 0 0 -0.3902925151623375
13 0 2 -1.129666066874999
13 1 10 0.0
13 2 5 0.0
13 3 16 -0.8148672812838369
13 3 7 -1.6081085402530886
13 3 12 -1.0299190233166498
13 4 18 -0.016179877918900937
13 4 20 -4.854055860254046
13 4 15 -4.797179022927946
13 5 24 -0.7396871770893201
13 5 26 -0.6486771749123798
13 6 23 0.0
13 7 33 -1.2882981102741893
13 7 34 -0.3226043690270828
13 8 42 0.0
13 9 39 -0.601971485455739
13 9 44 -0.7934775415364904
13 10 48 0.0
13 11 52 -2.1544843570291272E-4
13 11 47 -8.442896676816563
13 12 56 0.0
13 14 9 -3.3680374850659245
13 14 58 -0.03506484230032745
13 15 51 -0.5667987521294021
13 15 55 -0.8378001357554861
13 16 37 -0.6441933603109837
13 16 29 -2.4307924521228315
13 16 62 -0.949467602355889
13 17 64 -1.3293628180540906
13 17 61 -0.30740303886756964
13 18 41 -0.7559844890134592
13 18 31 -0.6340260359585453
14 0 0 0.0
14 1 8 0.0
14 2 5 0.0
14 3 3 -1.257933764393229
14 3 7 -0.33441138150464006
14 4 18 -0.840515988847142
14 4 20 -3.121862122336559
14 4 15 -0.6454296713920675
14 5 17 -0.45235746728773873
14 5 24 -1.922804170782934
14 5 26 -1.5247437087928872
14 6 23 0.0
14 7 33 -1.2318248995455259
14 7 34 -0.34497177890692504
14 8 42 0.0
14 9 39 -0.6916245204011738
14 9 44 -0.6946721627487881
14 10 50 0.0
14 11 54 -0.054653058463866706
14 11 47 -2.9339521771497834
14 12 53 0.0
14 13 49 -0.8708209666606634
14 13 57 -0.5423296124776366
14 15 11 -6.422795167580502
14 15 59 -0.0016254305208136214
14 16 37 -1.053581067998112
14 16 29 -1.023698117378485
14 16 62 -1.2308327233247527
14 17 64 -0.9798673613639381
14 17 61 -0.47058120866097203
14 18 41 -1.325904026506084
14 18 13 -1.33704288107463
14 18 31 -0.7511659839446748
15 0 0 0.0
15 1 10 0.0
15 2 5 0.0
15 3 3 -1.551501659724673
15 3 7 -0.2381677118847439
15 4 18 -0.3692147314959599
15 4 20 -3.4523465215690443
15 4 15 -1.283550741422399
15 5 17 -1.2351517420244342
15 5 24 -1.194520829311071
15 5 26 -0.9005149998382077
15 6 23 0.0
15 7 33 -0.6006891318025916
15 7 34 -0.7950327692826555
15 8 42 0.0
15 9 39 -0.6926105515330853
15 9 44 -0.6936840977121413
15 10 50 0.0
15 11 54 -0.05471098839107258
15 11 47 -2.932921481861688
15 12 53 0.0
15 13 49 -0.808959517281841
15 13 57 -0.5893660250653316
15 14 9 -6.489026086468732
15 14 58 -0.0015211850794809795
15 16 37 -1.4335422806793667
15 16 29 -0.8175383013170896
15 16 62 -1.1393715433445097
15 17 64 -0.7525336804883416
15 17 61 -0.637090607903991
15 18 41 -1.1580254936287664
15 18 13 -2.1090607181222434
15 18 31 -0.5717399104145028
16 0 0 -0.21999857587286548
16 0 2 -1.6221176660780927
16 1 6 -0.7197007521102454
16 1 10 -0.6672805010495811
16 2 5 0.0
16 3 16 -1.2692419279275287
16 3 12 -0.3299559441879826
16 4 18 -3.9136606291920555
16 4 20 -0.5911837830646647
16 4 15 -0.8524682734358602
16 5 28 0.0
16 6 23 0.0
16 7 33 -1.6047407641426594
16 7 34 -0.22432129387707542
16 8 36 -0.1891403335642955
16 8 25 -1.7583460586373854
16 9 39 -0.6925764098915802
16 9 44 -0.6937182771935267
16 10 43 0.0
16 11 27 -0.6054718217682571
16 11 47 -0.7892547209158463
16 12 53 -1.7809231372232126
16 12 56 -0.18450298592217618
16 13 49 0.0
16 14 9 -0.3593957439101281
16 14 58 -1.1976529124303092
16 15 51 -0.3199757621938372
16 15 55 -1.2952355238306084
16 17 61 0.0
16 18 65 -0.5911261518225008
16 18 41 -7.752623607351938
16 18 31 -6.220647611831804
16 18 63 -0.8122031651979809
17 0 0 -0.33376769748440777
17 0 2 -1.2595564915612911
17 1 6 0.0
17 2 5 0.0
17 3 12 0.0
17 4 18 -4.709663412989161
17 4 20 -0.2260850024060889
17 4 15 -1.6432951835724183
17 5 17 -3.2571629927443024
17 5 28 -0.7797863467876252
17 5 30 -0.6871679369172707
17 6 32 -0.0017911207754258112
17 6 23 -6.32580915026157
17 7 34 0.0
17 8 36 -0.8141507883775299
17 8 40 -0.9553226394557888
17 8 25 -1.7585378133757035
17 9 39 -0.6926352343247061
17 9 44 -0.6936593890183821
17 10 43 0.0
17 11 27 -0.6276031188308945
17 11 47 -0.7632904807556458
17 12 53 -2.2365745467213194
17 12 56 -0.11297140323984038
17 13 49 0.0
17 14 9 -0.8575240586476738
17 14 58 -0.5520141870953545
17 15 51 -0.7768155766804
17 15 55 -0.7441495955340836
17 15 11 -2.7334647003751447
17 16 60 0.0
17 18 65 -0.34881949757786507
17 18 63 -1.2225457755227465
18 0 0 -0.33446831046547765
18 0 2 -1.2577904233889745
18 1 6 0.0
18 2 5 0.0
18 3 12 0.0
18 4 18 -4.840801576723071
18 4 20 -0.5194597696334288
18 4 15 -0.9231706726725262
18 5 17 -2.314571306873583
18 5 30 -0.10403753946926571
18 6 32 -3.978258084085707E-4
18 6 23 -7.829695222108874
18 7 34 0.0
18 8 40 -0.4188596693904413
18 8 25 -1.0723496831367025
18 9 39 -0.692610865949676
18 9 44 -0.6936837829579277
18 10 43 0.0
18 11 27 -0.6233189761131958
18 11 47 -0.7682198663012276
18 12 53 -1.39311332238263
18 12 56 -0.28541937930663513
18 13 49 0.0
18 14 9 -0.8731933487658199
18 14 58 -0.5406249539784004
18 15 51 -0.7863219836948704
18 15 55 -0.7570964471529315
18 15 11 -2.5841977792473547
18 16 37 -7.3776765434475955
18 16 29 -6.209230746783259
18 16 62 -0.002639315081027715
18 17 64 -0.10700477388267086
18 17 61 -2.287907178009788
