0 1 1 0.0
0 2 5 0.0
0 3 3 -1.1922819347668383
0 3 7 -0.3617274613778816
0 4 18 -1.5453464072946612
0 4 20 -1.4814326541322524
0 4 15 -0.5808007400725029
0 5 17 0.0
0 6 23 0.0
0 7 33 -1.5193678698949649
0 7 34 -0.2469883229889646
0 8 40 -1.0112888736552732
0 8 25 -1.631116124690151
0 8 42 -0.8197559930526961
0 9 39 -0.7266994028197199
0 9 44 -0.6606842602836877
0 10 50 0.0
0 11 54 -0.45066268722519054
0 11 27 -1.7332294237593096
0 11 47 -1.68157080071108
0 12 53 0.0
0 13 49 -0.7299541018565587
0 13 57 -0.6576470519859161
0 14 9 -0.16525313987142437
0 14 58 -1.8817657701206842
0 15 11 0.0
0 16 37 -1.5691883440556098
0 16 29 -1.1822518919788183
0 16 62 -0.7231975450569511
0 17 64 -0.6375441559560757
0 17 61 -0.7520248763647619
0 18 13 -0.2678485582754233
0 18 31 -1.4482703180985836
1 0 0 0.0
1 2 5 0.0
1 3 3 -1.4697940813440458
1 3 7 -0.26132948684580737
1 4 18 -1.998180802077113
1 4 20 -1.8336479252238316
1 4 15 -0.35014086063485855
1 5 17 0.0
1 6 23 0.0
1 7 33 -1.5203745141500282
1 7 34 -0.24670647896648554
1 8 40 -1.026551438506194
1 8 25 -1.6715927300749442
1 8 42 -0.7900716551196618
1 9 39 -0.840498168498874
1 9 44 -0.5647460720777254
1 10 50 0.0
1 11 54 -0.40075632319407506
1 11 27 -1.8691413354511672
1 11 47 -1.7376652154047574
1 12 53 0.0
1 13 49 -0.6193834818090428
1 13 57 -0.7727883856743026
1 14 9 -0.06628281905864015
1 14 58 -2.7467829121531206
1 15 11 0.0
1 16 37 -1.8612064174233454
1 16 29 -1.1928539165645604
1 16 62 -0.6140388486075262
1 17 64 -0.4625220408304526
1 17 61 -0.9934243145486918
1 18 13 -0.2519550212086799
1 18 31 -1.5018385475987397
2 0 0 0.0
2 1 4 0.0
2 3 3 -1.0805385120528512
2 3 7 -0.41462598902732734
2 4 18 -1.0565327959679867
2 4 20 -1.1510653002595708
2 4 15 -1.0905214001620707
2 5 17 0.0
2 6 23 0.0
2 7 33 -1.5133011766548798
2 7 34 -0.2486946140472128
2 8 40 -1.0132408689626655
2 8 25 -1.5132808039571375
2 8 42 -0.8752133479457301
2 9 39 -0.6626857759833676
2 9 44 -0.724565714130399
2 10 50 0.0
2 11 54 -0.6269822557246965
2 11 27 -1.4510732202999685
2 11 47 -1.46326237228199
2 12 53 0.0
2 13 49 -0.9123593611836256
2 13 57 -0.5134551503863288
2 14 9 -0.4564873778149695
2 14 58 -1.0037704154852873
2 15 11 0.0
2 16 37 -1.1104458099825099
2 16 29 -1.174870775793344
2 16 62 -1.016859862072133
2 17 64 -0.8754476376309663
2 17 61 -0.5390115722359288
2 18 13 -0.35023066633025984
2 18 31 -1.2191729455348008
3 0 0 -0.3697676200472483
3 0 2 -1.174073807853117
3 1 6 0.0
3 2 5 0.0
3 4 18 -2.9935916157939557
3 4 20 -2.514863955483284
3 4 15 -0.14039036044563594
3 5 17 0.0
3 6 23 0.0
3 7 33 -1.5270018241216798
3 7 34 -0.24485997199577783
3 8 40 -0.26625429004593915
3 8 25 -1.4534785311721816
3 9 39 -0.4960451594183194
3 9 44 -0.9388792967109023
3 10 50 -2.0711221230577657
3 10 43 -0.39738447550889583
3 10 46 -1.600081047233441
3 11 27 0.0
3 12 53 0.0
3 13 49 -0.6506521348077464
3 13 57 -0.7375285093399307
3 14 9 -0.1321903214356928
3 14 58 -2.0888797374428325
3 15 55 -0.547250725842294
3 15 11 -0.8640261011935633
3 16 37 -2.7304805003968156
3 16 29 -1.5233400035716902
3 16 62 -0.3329173555899991
3 17 64 -0.34643052701555255
3 17 61 -1.2282926469476745
3 18 13 -0.05810181529989312
3 18 31 -2.8744686236088657
4 0 0 -0.47463760182180414
4 0 2 -0.9731533676562586
4 1 6 0.0
4 2 5 0.0
4 3 14 0.0
4 5 17 -3.6170573772328045
4 5 21 -0.027228970401079813
4 6 23 0.0
4 7 33 -1.410093410737776
4 7 34 -0.2798732787487645
4 8 25 0.0
4 9 39 -0.9737614089761484
4 9 44 -0.47426843874768515
4 10 43 -1.7973761054429933
4 10 46 -0.18120200524506927
4 11 19 -0.01664714770912899
4 11 27 -4.103828412892675
4 12 53 0.0
4 13 49 -0.966474019064053
4 13 57 -0.47871673744342974
4 14 9 -0.853424827352641
4 14 58 -0.5550450730515962
4 15 51 -3.0075851701448197
4 15 55 -0.07318059498088819
4 15 11 -3.8558231019515032
4 16 37 -1.7295849029831316
4 16 29 -0.8737808663400026
4 16 62 -0.9031982032647824
4 17 64 -0.7239730736077958
4 17 61 -0.6632431759736633
4 18 41 -3.5492998892023753
4 18 13 -0.8261759910839311
4 18 31 -0.6282300287208933
5 0 0 -0.5494682135171234
5 0 2 -0.8609901543338944
5 1 6 0.0
5 2 5 0.0
5 3 16 0.0
5 4 18 -2.838041676611976
5 4 20 -0.1453894730345428
5 4 15 -2.5668846825050124
5 6 23 0.0
5 7 33 -1.0321147958250092
5 7 34 -0.4404491167361663
5 8 25 0.0
5 9 39 -0.6134386677526731
5 9 44 -0.7797637439185582
5 10 43 -0.3472303206835711
5 10 46 -1.2263634650917514
5 11 27 0.0
5 12 53 0.0
5 13 49 -0.8399900875222004
5 13 57 -0.5651318784778634
5 14 9 -0.8162928745759573
5 14 58 -0.5835171482924134
5 15 51 -1.7815236158660241
5 15 55 -0.22604801869468077
5 15 11 -3.3831963867594816
5 16 37 -3.2949590972444205
5 16 29 -0.25169634098476806
5 16 62 -1.6849718760573795
5 17 64 -0.52592065036094
5 17 61 -0.8940670165295186
5 18 41 -5.659078893407508
5 18 13 -4.894720714299614
5 18 31 -0.011032359102670515
6 0 0 -0.5874706372266392
6 0 2 -0.8113253913095797
6 1 6 0.0
6 2 5 0.0
6 3 16 0.0
6 4 18 -1.267862763446134
6 4 20 -0.6188329849621992
6 4 15 -1.714826542580387
6 5 22 0.0
6 7 33 0.0
6 8 25 0.0
6 9 39 -0.6969809777159706
6 9 44 -0.6893280252884041
6 10 43 -0.6994210563685213
6 10 46 -0.6869124209861378
6 11 27 0.0
6 12 53 0.0
6 13 49 -0.8652048449082737
6 13 57 -0.5463928916217404
6 14 9 -0.7473111430591829
6 14 58 -0.6417668270674364
6 15 51 -1.157294450940034
6 15 55 -0.6866864151642925
6 15 11 -1.701423396712312
6 16 37 -2.5819994359824285
6 16 29 -1.5131422032181703
6 16 62 -0.3507490701757903
6 17 64 -0.46944593091250225
6 17 61 -0.98175944196313
6 18 35 -0.24482650775620254
6 18 41 -3.1296714525932305
6 18 13 -3.1516593502916503
6 18 31 -2.035260729495085
7 0 0 -0.45136620795089016
7 0 2 -1.0126849369016857
7 1 6 0.0
7 2 5 0.0
7 3 12 0.0
7 4 18 -1.8761875372228511
7 4 20 -0.9363745940270115
7 4 15 -0.7879405045681956
7 5 17 -2.5101885737709577
7 5 22 -1.0264125862305382
7 5 30 -0.5790025922806827
7 6 32 0.0
7 8 40 -0.3609596284336211
7 8 25 -1.1940460287626409
7 9 39 -0.6936101470345766
7 9 44 -0.6926844283240894
7 10 43 0.0
7 11 27 -0.5570904551538902
7 11 47 -0.8506749217389231
7 12 53 -0.7690956258859416
7 12 56 -0.6225619677202446
7 13 49 0.0
7 14 9 -0.4547669165319255
7 14 58 -1.006751317413067
7 15 51 -1.0070935815027373
7 15 55 -0.8956894148237227
7 15 11 -1.4854744053307751
7 16 37 -2.2419363970410733
7 16 29 -1.3064118942150933
7 16 62 -0.4732769746825855
7 17 64 -0.32371414527125225
7 17 61 -1.285389014166714
7 18 35 0.0
8 0 0 -0.5337423560321561
8 0 2 -0.8828712290095172
8 1 6 -0.7467124204873504
8 1 10 -0.6423058849293747
8 2 5 0.0
8 3 16 -1.4911417569471892
8 3 12 -0.2550412692313772
8 4 18 -0.5406590974734133
8 4 20 -1.2519227862377684
8 4 15 -2.0273708950842115
8 5 24 0.0
8 6 23 0.0
8 7 33 -1.5268841790155268
8 7 34 -0.24489261419185823
8 9 39 -0.8757765302968794
8 9 44 -0.5387767066180468
8 10 43 0.0
8 11 27 -3.629362424657501
8 11 47 -0.026891451527284182
8 12 53 -2.1795118818937356
8 12 56 -0.12001934627902072
8 13 49 0.0
8 14 9 -2.2537661583748925
8 14 58 -0.11093493606569046
8 15 51 -0.30686452983706314
8 15 55 -1.3308606622350159
8 16 37 -0.20893041787670782
8 16 29 -2.5450195970392704
8 16 62 -2.2065770691699162
8 17 64 -0.9122846395391905
8 17 61 -0.5135052958484665
8 18 41 -0.2558735983972765
8 18 31 -1.4882820279547948
9 0 0 -0.5826248398212815
9 0 2 -0.8174201934477721
9 1 10 0.0
9 2 5 0.0
9 3 16 -1.4442277408721695
9 3 7 -2.3218871862249424
9 3 12 -0.4064903893308495
9 4 18 -0.8325377483813776
9 4 20 -1.3164042910671103
9 4 15 -1.214163478715651
9 5 24 0.0
9 6 23 0.0
9 7 33 -1.5268022315443093
9 7 34 -0.24491535450426444
9 8 38 0.0
9 10 43 -0.9986772410776235
9 10 45 -0.45944576648520447
9 11 27 -2.6307108846179483
9 11 47 -0.07475290112790448
9 12 53 -0.9978906638511034
9 12 56 -0.45990478119000944
9 13 49 0.0
9 14 9 -1.0284851319008117
9 14 58 -0.442463467151851
9 15 51 -0.3649249684308267
9 15 55 -1.1849833817614723
9 16 37 -0.8281313663540903
9 16 29 -1.326778801911179
9 16 62 -1.2113178230766453
9 17 64 -0.8837185850520718
9 17 61 -0.5331451454278059
9 18 41 -0.328989457652236
9 18 31 -1.271718609131073
10 0 0 -0.36961734360342546
10 0 2 -1.1744097791951267
10 1 10 0.0
10 2 5 0.0
10 3 16 -1.7074605214891232
10 3 7 -2.62250598990897
10 3 12 -0.29295773645959255
10 4 18 -0.22654596779771946
10 4 20 -2.0449346040529903
10 4 15 -2.6128037960840818
10 5 24 -0.356416944193859
10 5 26 -1.2045750627163485
10 6 23 0.0
10 7 33 -1.5268857573348322
10 7 34 -0.2448921762337527
10 8 42 0.0
10 9 39 -1.1444671260256671
10 9 44 -0.3833028202708441
10 11 47 0.0
10 12 53 -1.8073520716476625
10 12 56 -0.17923200095545289
10 13 49 0.0
10 14 9 -2.4340495699739955
10 14 58 -0.09176561557025555
10 15 51 -0.5901109198757818
10 15 55 -0.8080324737496642
10 16 37 -0.19627834150784468
10 16 29 -2.6783386856989426
10 16 62 -2.211471161171058
10 17 64 -0.9376146592782406
10 17 61 -0.4968581710950295
10 18 41 -0.18821033556197583
10 18 31 -1.7628247748314774
11 0 0 -0.1858479459723563
11 0 2 -1.7743116772327536
11 1 10 0.0
11 2 5 0.0
11 3 16 -0.3444977992844179
11 3 7 -1.2329764104053849
11 4 18 -0.11520863523280689
11 4 20 -2.7488075080080487
11 4 15 -3.105197492296451
11 5 26 0.0
11 6 23 0.0
11 7 33 -1.0526350433786171
11 7 34 -0.4292715384673905
11 8 25 -3.69509438616435
11 8 42 -0.025158957542531685
11 9 39 -1.1391119444101914
11 9 44 -0.3858142056086213
11 10 46 0.0
11 12 53 0.0
11 13 49 -1.7050678038053713
11 13 57 -0.2005996623262532
11 14 9 -2.41695184755952
11 14 58 -0.09342434449254759
11 15 51 -4.235554156515081
11 15 55 -0.014577526050737706
11 16 37 -1.0890746694994011
11 16 29 -0.8174449902793145
11 16 62 -1.5054660334297447
11 17 64 -0.7679413063596646
11 17 61 -0.6235600231722856
11 18 41 -1.5089230868813088
11 18 13 -2.7971645516194967
11 18 31 -0.3314678129445215
12 0 0 -0.356455650023118
12 0 2 -1.2044846772225102
12 1 10 0.0
12 2 5 0.0
12 3 16 -0.451641187434495
12 3 7 -1.0122030850059636
12 4 18 -0.6121472714095487
12 4 20 -1.465926606754968
12 4 15 -1.483022779634987
12 5 26 0.0
12 6 23 0.0
12 7 33 -1.1298624311892296
12 7 34 -0.39019878190310536
12 8 25 -3.1230390514267485
12 8 42 -0.045021609134352554
12 9 39 -0.7832260074992081
12 9 44 -0.6105162673780169
12 10 48 -0.1701228304991937
12 10 46 -1.8550903690490523
12 11 52 0.0
12 13 57 0.0
12 14 9 -1.0768815398527067
12 14 58 -0.4165101714539998
12 15 51 -2.152096872283145
12 15 55 -0.12356992890634885
12 16 37 -0.8872783269299619
12 16 29 -1.325644773855575
12 16 62 -1.1313625020093088
12 17 64 -0.8763349644790943
12 17 61 -0.538378226147541
12 18 41 -0.9162726428924652
12 18 13 -2.110855713613919
12 18 31 -0.7363501354189154
13 0 0 -0.5054269085029675
13 0 2 -0.9244438502808063
13 1 10 0.0
13 2 5 0.0
13 3 16 -1.5276700990228615
13 3 7 -2.031026222187825
13 3 12 -0.4280812964733307
13 4 18 -0.7729299165995371
13 4 20 -1.367944888910392
13 4 15 -1.2597962693837923
13 5 24 -0.7075165693412352
13 5 26 -0.6789813495645256
13 6 23 0.0
13 7 33 -1.522868223939094
13 7 34 -0.24600984244387777
13 8 42 0.0
13 9 39 -0.6632558741326741
13 9 44 -0.7239595805701133
13 10 48 0.0
13 11 52 -0.14000122368813087
13 11 47 -2.0352881800345672
13 12 56 0.0
13 14 9 -1.0971107946570322
13 14 58 -0.40621670139245075
13 15 51 -1.1439290421300574
13 15 55 -0.383554270470974
13 16 37 -0.787192101957396
13 16 29 -1.4127272981135706
13 16 62 -1.1993145866661452
13 17 64 -0.8877938950364276
13 17 61 -0.5302849042490673
13 18 41 -0.34646687192305875
13 18 31 -1.2282048651507897
14 0 0 0.0
14 1 8 0.0
14 2 5 0.0
14 3 3 -1.114802661202942
14 3 7 -0.39746717058601394
14 4 18 -0.8996411904416802
14 4 20 -1.3244274260879092
14 4 15 -1.116788769058682
14 5 17 -1.2619132305262133
14 5 24 -1.366233393047771
14 5 26 -0.772575170112744
14 6 23 0.0
14 7 33 -1.5117176586052796
14 7 34 -0.24914217526935964
14 8 42 0.0
14 9 39 -0.6596972107790244
14 9 44 -0.7277548888154909
14 10 50 0.0
14 11 54 -0.10801876462170684
14 11 47 -2.278973581130679
14 12 53 0.0
14 13 49 -0.8923612822731767
14 13 57 -0.5271027512635417
14 15 11 -4.337094619593316
14 15 59 -0.013160682467934772
14 16 37 -1.092965119047428
14 16 29 -1.2260803552610027
14 16 62 -0.9906413878247793
14 17 64 -0.8288816468576032
14 17 61 -0.5736539924024924
14 18 41 -1.2817026315929816
14 18 13 -0.7248800749408768
14 18 31 -1.4352617865750805
15 0 0 0.0
15 1 10 0.0
15 2 5 0.0
15 3 3 -0.9206766556226055
15 3 7 -0.5079123251238321
15 4 18 -0.14891947959554264
15 4 20 -2.5426111747971776
15 4 15 -2.818410294710317
15 5 17 -3.2092256640035646
15 5 24 -1.4358696088842948
15 5 26 -0.326140559117763
15 6 23 0.0
15 7 33 -1.3853939257609669
15 7 34 -0.2879823978357832
15 8 42 0.0
15 9 39 -0.7696962386615284
15 9 44 -0.6220435106452039
15 10 50 0.0
15 11 54 -0.011861643859418009
15 11 47 -4.4403702491653005
15 12 53 0.0
15 13 49 -1.0003359738126483
15 13 57 -0.45847966840349536
15 14 9 -2.620435468388115
15 14 58 -0.07555488992502489
15 16 37 -0.47425742383647385
15 16 29 -1.6573953318739094
15 16 62 -1.676549873063189
15 17 64 -0.850526033803121
15 17 61 -0.5572014783777806
15 18 41 -0.5229415155819864
15 18 13 -2.420324703714394
15 18 31 -1.1446575099247303
16 0 0 -0.7369594122539502
16 0 2 -0.6511741622903116
16 1 6 -0.1953399771877482
16 1 10 -1.7290943551468938
16 2 5 0.0
16 3 16 -1.8790543834435909
16 3 12 -0.1657411337336586
16 4 18 -1.5561196678307576
16 4 20 -0.6778442565103697
16 4 15 -1.2682033184700956
16 5 28 0.0
16 6 23 0.0
16 7 33 -1.526873292194337
16 7 34 -0.2448956351328864
16 8 36 -0.08280732145294147
16 8 25 -2.532356764685869
16 9 39 -0.7866290763450172
16 9 44 -0.6076619311353803
16 10 43 0.0
16 11 27 -0.5920656868020653
16 11 47 -0.8056070594757206
16 12 53 -0.9272007438207206
16 12 56 -0.5036178531927842
16 13 49 0.0
16 14 9 -0.9846624068211507
16 14 58 -0.46771076986605725
16 15 51 -0.7214481446193213
16 15 55 -0.6656251665872052
16 17 61 0.0
16 18 65 -1.186930349646966
16 18 41 -4.52790046034979
16 18 31 -2.134142091194965
16 18 63 -0.5697019176678978
17 0 0 -0.5409599640727222
17 0 2 -0.8727263493301343
17 1 6 0.0
17 2 5 0.0
17 3 12 0.0
17 4 18 -1.2906893767466057
17 4 20 -0.9905572805164219
17 4 15 -1.0397325090533114
17 5 17 -3.123505190035569
17 5 28 -0.6686981540370394
17 5 30 -0.8127820640803919
17 6 32 -0.24485535120855526
17 6 23 -1.5270184792399886
17 7 34 0.0
17 8 36 -0.3833394430314944
17 8 40 -1.4574844669708813
17 8 25 -2.458101656084434
17 9 39 -0.7691076319024424
17 9 44 -0.6225515982798872
17 10 43 0.0
17 11 27 -0.6176696826280024
17 11 47 -0.7747900424724138
17 12 53 -0.8383717759727579
17 12 56 -0.5663630299907154
17 13 49 0.0
17 14 9 -0.7814839724871369
17 14 58 -0.611984338425602
17 15 51 -0.8343969641392388
17 15 55 -0.7835844787947222
17 15 11 -2.2155087940566203
17 16 60 0.0
17 18 65 -0.2623091341788451
17 18 63 -1.4665208583761924
18 0 0 -0.42291903948437226
18 0 2 -1.0645925891838945
18 1 6 0.0
18 2 5 0.0
18 3 12 0.0
18 4 18 -2.5017404780155608
18 4 20 -0.5644248511451001
18 4 15 -1.0516219953339088
18 5 17 -4.939795069621176
18 5 30 -0.007181792159868998
18 6 32 -0.24483056704344044
18 6 23 -1.5271078170796493
18 7 34 0.0
18 8 40 -0.20461696210739316
18 8 25 -1.6871801102428252
18 9 39 -0.7456559056522549
18 9 44 -0.6432586124764305
18 10 43 0.0
18 11 27 -0.40025298434362605
18 11 47 -1.1091187497659691
18 12 53 -0.8399973903701589
18 12 56 -0.5651263306872043
18 13 49 0.0
18 14 9 -0.3334956388755925
18 14 58 -1.2602434582526265
18 15 51 -0.9391494448233096
18 15 55 -0.6581582938000426
18 15 11 -2.394309308286455
18 16 37 -3.284746327899125
18 16 29 -1.9832615444757067
18 16 62 -0.1924564245263823
18 17 64 -0.23337330565756603
18 17 61 -1.569534323373012
