0 1 24 0.0
0 2 1 0.0
0 3 78 -0.5942514213153337
0 3 47 -0.8029076025716586
0 4 3 -0.34429385740045576
0 4 77 -1.2334724539259858
0 5 81 -0.5517059178467653
0 5 69 -0.857942629791734
0 6 85 -1.3892125497067345
0 6 10 -0.28671123226522394
0 7 5 -0.0143603212030429
0 7 7 -4.250457915877544
0 8 16 -1.0103142421618607
0 8 9 -0.452721107444615
0 9 20 0.0
0 10 26 0.0
0 11 83 0.0
0 12 34 -0.4745438299241262
0 12 23 -0.9733077612369285
0 13 36 -0.6480568290175013
0 13 38 -3.0464035923963872
0 13 31 -0.845344829337205
0 14 33 0.0
0 15 19 -0.4302857420106789
0 15 29 -1.0507461040953567
0 16 13 0.0
0 17 41 -0.8730361019881943
0 17 43 -0.5407377276629974
0 18 53 -0.4899991636510495
0 18 60 -0.9483669846135313
0 19 57 -0.91538051093554
0 19 45 -0.5114328983301416
0 20 49 0.0
0 21 15 0.0
0 22 59 -0.7927460404453893
0 22 63 -0.602575900197576
0 23 65 -4.217671448726625
0 23 51 -4.437576790856551
0 23 71 -0.026916488412338412
0 24 73 -0.1103186121018462
0 24 75 -2.259034892195907
0 25 67 -1.8349400214562601
0 25 55 -0.17390476807581423
1 0 0 0.0
1 2 25 0.0
1 3 47 0.0
1 4 3 -1.2445091243440147
1 4 77 -0.9694415793489618
1 4 79 -1.1007457760135686
1 5 81 -0.7565190132324199
1 5 69 -0.6335531213356219
1 6 85 0.0
1 7 5 -0.006246969980413062
1 7 7 -5.07878059488709
1 8 9 0.0
1 9 20 0.0
1 10 17 -1.0660294250670286
1 10 26 -0.4221635023008689
1 11 83 -0.02821274838589967
1 11 11 -3.5820545422165955
1 12 34 -1.39246383964684
1 12 23 -0.30590510821397054
1 12 30 -4.1943115305888234
1 13 38 0.0
1 14 33 -0.05529322606189352
1 14 42 -2.9226240993912462
1 15 19 -1.4181217985536216
1 15 37 -3.3859846172407204
1 15 29 -0.3229814742808884
1 16 13 0.0
1 17 41 0.0
1 18 53 -1.2606761997554297
1 18 60 -0.333324394650779
1 19 57 -1.9733300907713183
1 19 45 -0.14965290538823886
1 20 49 0.0
1 21 15 0.0
1 22 59 -1.7066701017697201
1 22 63 -0.20024408343983208
1 23 65 -4.535560113099001
1 23 51 -4.7321341089376805
1 23 71 -0.019721756770372346
1 24 73 -0.10223933319869084
1 24 75 -2.331122978108845
1 25 67 -0.2732658733143492
1 25 55 -1.430833506797996
2 0 0 0.0
2 1 24 0.0
2 3 78 -0.810805598674759
2 3 47 -0.5878863701178454
2 4 3 -1.2245756687980633
2 4 77 -0.3479734510200943
2 5 81 -0.6349593340587023
2 5 69 -0.754931182245147
2 6 85 -1.386721751433134
2 6 10 -0.28753964959605943
2 7 5 -0.010660857809815119
2 7 7 -4.54650208684876
2 8 16 -1.0106080190150815
2 8 9 -0.452552933913601
2 9 20 0.0
2 10 26 0.0
2 11 83 0.0
2 12 34 -0.47443194641090336
2 12 23 -0.9734920253773174
2 13 36 -0.6478686962979147
2 13 38 -3.0489447832453127
2 13 31 -0.8452930987920869
2 14 33 0.0
2 15 19 -0.4301904263966581
2 15 29 -1.0509233947145116
2 16 13 0.0
2 17 41 -0.8729302181859443
2 17 43 -0.5408136821900317
2 18 53 -0.4897221520620459
2 18 60 -0.9488052325384155
2 19 57 -0.9159806890762275
2 19 45 -0.5110323723811219
2 20 49 0.0
2 21 15 0.0
2 22 59 -0.7929733578692348
2 22 63 -0.6023879889752265
2 23 65 -4.409522080708064
2 23 51 -4.5833851066618605
2 23 71 -0.02263549064690603
2 24 73 -0.10225758044177827
2 24 75 -2.3309534864391654
2 25 67 -1.8361303730538476
2 25 55 -0.17367883006768045
3 0 2 0.0
3 1 46 0.0
3 2 1 -1.367711286995267
3 2 25 -0.873994396735304
3 2 76 -1.1146521374923029
3 4 79 0.0
3 5 81 -0.27443133436504186
3 5 69 -1.4271338084068128
3 6 85 0.0
3 7 5 -0.006279857910337198
3 7 7 -5.073546210263893
3 8 9 0.0
3 9 20 0.0
3 10 17 -1.0660646366415663
3 10 26 -0.42214500764025786
3 11 83 -0.028054865367567076
3 11 11 -3.587587846753129
3 12 34 -1.3924185672490206
3 12 23 -0.30591497578674826
3 12 30 -4.1945755869231425
3 13 38 0.0
3 14 33 -0.05529066055084077
3 14 42 -2.922669227821017
3 15 19 -1.41799928047153
3 15 37 -3.386242735390585
3 15 29 -0.3230103938927774
3 16 13 0.0
3 17 41 0.0
3 18 53 -1.2606759152094815
3 18 60 -0.3333245072171646
3 19 57 -1.9733544068712146
3 19 45 -0.14964898007021923
3 20 49 0.0
3 21 15 0.0
3 22 59 -1.7067245708808172
3 22 63 -0.20023200798964244
3 23 65 -4.535946320402232
3 23 51 -4.73777380201445
3 23 71 -0.01966701689586423
3 24 73 -0.10219634254249912
3 24 75 -2.3315224277300732
3 25 67 -0.273266248344804
3 25 55 -1.4308323133831624
4 0 2 0.0
4 1 24 -0.5689285535944592
4 1 46 -0.8350142324614698
4 2 1 -1.4220861682459633
4 2 76 -0.2760305971628062
4 3 78 0.0
4 5 81 -0.2731579705931083
4 5 69 -1.4311769505656755
4 6 85 -1.4097915931628022
4 6 10 -0.27997077386688946
4 7 5 -0.010706417105534322
4 7 7 -4.542260420207983
4 8 16 -1.0108404512268105
4 8 9 -0.45241993235864025
4 9 20 0.0
4 10 26 0.0
4 11 83 0.0
4 12 34 -0.4743169432007044
4 12 23 -0.9736814843222938
4 13 36 -0.6477226217234604
4 13 38 -3.0512404056184317
4 13 31 -0.8452179271879844
4 14 33 0.0
4 15 19 -0.43009006769363306
4 15 29 -1.051110117914525
4 16 13 0.0
4 17 41 -0.8729333129563999
4 17 43 -0.5408114619961111
4 18 53 -0.48948662999483883
4 18 60 -0.9491780883864895
4 19 57 -0.9163546008581649
4 19 45 -0.5107830467094531
4 20 49 0.0
4 21 15 0.0
4 22 59 -0.7931246559727411
4 22 63 -0.6022629621201316
4 23 65 -4.499188905156712
4 23 51 -4.638745507688098
4 23 71 -0.02100694019829685
4 24 73 -0.09841071748598504
4 24 75 -2.367407426731283
4 25 67 -1.8373232035013725
4 25 55 -0.17345274228466664
5 0 0 -0.6699597668387677
5 0 2 -0.7168850390746273
5 1 68 0.0
5 2 25 0.0
5 3 80 -0.19241743226628213
5 3 47 -1.7427546462133183
5 4 77 -0.906215036727803
5 4 79 -0.5175995993355863
5 6 85 0.0
5 7 5 -0.005864114884100964
5 7 7 -5.141834347782974
5 8 9 0.0
5 9 20 0.0
5 10 17 -1.0661939583973314
5 10 26 -0.4220770907142593
5 11 83 -0.029059287684811235
5 11 11 -3.5529115920172063
5 12 34 -1.3934093084037944
5 12 23 -0.3055527217216191
5 12 30 -4.195954710913674
5 13 38 0.0
5 14 33 -0.05524945230730655
5 14 42 -2.9233943934296582
5 15 19 -1.4182659614543425
5 15 37 -3.388311681558105
5 15 29 -0.3228246116031012
5 16 13 0.0
5 17 41 0.0
5 18 53 -1.2608273091724036
5 18 60 -0.3332646220757127
5 19 57 -1.9738300225928513
5 19 45 -0.14957222429603345
5 20 49 0.0
5 21 15 0.0
5 22 59 -1.7068500790729428
5 22 63 -0.2002041866926761
5 23 65 -4.638791218354598
5 23 51 -4.8183152342845235
5 23 71 -0.017909184324876596
5 24 73 -0.09780018177955496
5 24 75 -2.3733304294261517
5 25 67 -0.2732581355600981
5 25 55 -1.4308581301512302
6 0 2 0.0
6 1 68 0.0
6 2 1 -0.8753012978836827
6 2 25 -1.9078314348169378
6 2 76 -0.8327272201853316
6 3 80 -0.6774067062262212
6 3 47 -0.7091393850586162
6 4 82 -0.2762278292704029
6 4 79 -1.421465976876225
6 5 84 0.0
6 7 5 -5.007323638233063
6 7 7 -0.006711251119780379
6 8 9 0.0
6 9 20 0.0
6 10 17 -0.6147277865625502
6 10 26 -0.7782434871410582
6 11 11 0.0
6 12 34 -1.231649473733474
6 12 23 -0.4044412060230331
6 12 30 -3.1981046421899264
6 13 38 0.0
6 14 33 -0.107038793904056
6 14 42 -2.287606005260029
6 15 19 -0.7587445811976117
6 15 37 -2.7952714560574803
6 15 29 -0.7536452343455642
6 16 13 0.0
6 17 41 0.0
6 18 53 -1.259814055432917
6 18 60 -0.33366566419322624
6 19 57 -1.444494848466527
6 19 45 -0.2690110579089472
6 20 49 0.0
6 21 15 0.0
6 22 59 -1.3395682316190196
6 22 63 -0.30375556118948865
6 23 65 -4.266697310875715
6 23 51 -4.3790928499251915
6 23 71 -0.026923982455552907
6 24 73 -0.10066405502493275
6 24 75 -2.3458763384010752
6 25 67 -0.27673523519198695
6 25 55 -1.4198727781245448
7 0 0 -0.4430545174412986
7 0 2 -1.0274239944862225
7 1 68 0.0
7 2 25 0.0
7 3 80 -0.47394590278771204
7 3 47 -0.9742931383846343
7 4 82 -4.952569884391323
7 4 77 -0.7832957717862794
7 4 79 -0.6235519511985518
7 5 4 0.0
7 6 85 -5.778924210220177
7 6 6 -0.0030968302373064124
7 8 9 0.0
7 9 20 0.0
7 10 17 -0.686485601836594
7 10 26 -0.6998534336827287
7 11 11 0.0
7 12 34 -1.2530679908926026
7 12 23 -0.3990881289449275
7 12 30 -3.1363451379599403
7 13 38 0.0
7 14 33 -0.10799147369370966
7 14 42 -2.27921286305101
7 15 19 -0.7941588176802112
7 15 37 -2.6942152646286144
7 15 29 -0.7330459812655324
7 16 13 0.0
7 17 41 0.0
7 18 53 -1.632450106054071
7 18 60 -0.21747230514431495
7 19 57 -0.9971810007965302
7 19 45 -0.46031940289899514
7 20 64 -0.03280682506339297
7 20 49 -3.4334772716470527
7 21 15 0.0
7 22 59 -0.8450036642418227
7 22 63 -0.5613398957257366
7 23 51 -4.5757214753372875
7 23 71 -0.010352266398660563
7 24 73 -0.12604794463585695
7 24 75 -2.1334549878554787
7 25 67 -0.10847440404870742
7 25 55 -2.274988012293507
8 0 2 0.0
8 1 68 0.0
8 2 1 -0.8797198641019602
8 2 25 -1.7713674679973834
8 2 76 -0.8794751843966243
8 3 80 -0.6928933423641203
8 3 47 -0.6934010832059603
8 4 82 -0.2302369036676405
8 4 79 -1.5815572012497132
8 5 84 0.0
8 6 8 0.0
8 7 5 -0.986209031226392
8 7 7 -0.46678959990202384
8 9 20 0.0
8 10 17 0.0
8 11 11 -1.1599220390094611
8 11 27 -0.37616452589450794
8 12 34 -0.9956451572157529
8 12 23 -0.46121832009207475
8 13 36 -0.30217030079483276
8 13 31 -1.3440480978324716
8 14 33 0.0
8 15 19 -1.7773435111690474
8 15 29 -0.18522985561963343
8 16 39 -0.3094194048286193
8 16 13 -1.323781323496895
8 17 41 -0.5586109972144524
8 17 43 -0.8486391537755122
8 18 53 0.0
8 19 57 -0.46265719341070083
8 19 45 -0.9931945341257515
8 20 49 0.0
8 21 15 0.0
8 22 59 -0.6268263836748434
8 22 63 -0.7641808358244739
8 23 65 -1.5360079070756618
8 23 51 -1.5343947451901225
8 23 71 -0.5635669440915928
8 24 73 -0.5645250605129399
8 24 75 -0.8407894305150271
8 25 67 -8.490217241699574
8 25 55 -0.6483422600490242
8 25 61 -0.7404848964352997
9 0 2 0.0
9 1 68 -0.825361851742097
9 1 24 -1.2689099432239548
9 1 46 -1.2701637340391925
9 2 1 -0.6931305037604789
9 2 76 -0.6931638576375323
9 3 78 0.0
9 4 82 0.0
9 5 81 -0.8007252934454658
9 5 84 -0.5960262537316179
9 6 8 -0.4746810405947916
9 6 10 -0.9730818595568768
9 7 5 -0.9234929487173631
9 7 7 -0.5060528031280461
9 8 16 0.0
9 10 21 0.0
9 11 27 0.0
9 12 23 0.0
9 13 31 0.0
9 14 33 0.0
9 15 19 -2.1053090268797576
9 15 35 -1.2444310985570608
9 15 37 -1.9638356203780531
9 15 29 -0.7990233125756476
9 16 39 -0.3569645043223808
9 16 13 -1.2032974893172528
9 17 41 -0.5530058546776124
9 17 43 -0.856179622829342
9 18 53 -0.4936538802590737
9 18 56 -0.9426142127085355
9 19 45 0.0
9 20 49 0.0
9 21 70 -1.5125514115792085
9 21 15 -0.24890641229615645
9 22 59 -0.5183499786177561
9 22 63 -0.9051093010759701
9 23 65 -0.6939498542673783
9 23 51 -0.6923451506208915
9 24 73 -0.349654837269834
9 24 75 -1.220547284504085
9 25 67 -8.168963263895765
9 25 55 -0.6849165504895343
9 25 61 -0.702017624873555
10 0 2 0.0
10 1 68 -0.8323376706361805
10 1 24 -1.263752297146865
10 1 46 -1.2645115270414038
10 2 1 -0.6933004243869741
10 2 76 -0.6929939602129889
10 3 78 0.0
10 4 82 0.0
10 5 81 -0.7643154913591862
10 5 84 -0.6267090244576712
10 6 8 -0.5005158144077368
10 6 10 -0.9319575255245762
10 7 5 -0.9400931061442025
10 7 7 -0.49526641055945175
10 8 16 0.0
10 9 20 0.0
10 11 27 0.0
10 12 34 -0.9766220725872903
10 12 23 -0.4725364599745857
10 13 36 -0.2651295148730341
10 13 31 -1.457174405751173
10 14 33 0.0
10 15 19 -2.746127974404869
10 15 29 -0.06632771691417896
10 16 39 -0.36818483538799307
10 16 13 -1.177620645196948
10 17 41 -0.5549669326724018
10 17 43 -0.853530144729228
10 18 53 0.0
10 19 57 -0.45797224365709116
10 19 45 -1.001208938317316
10 20 49 0.0
10 21 15 0.0
10 22 59 -0.6240878233021475
10 22 63 -0.7673318725577982
10 23 65 -1.570426622850452
10 23 51 -1.5687412967642398
10 23 71 -0.5383058687059626
10 24 73 -0.5450726172772713
10 24 75 -0.8670237250719725
10 25 67 -8.755264500811561
10 25 55 -0.6433753617259226
10 25 61 -0.7458588509697012
11 0 2 0.0
11 1 68 -1.6060442079175177
11 1 24 -0.9013839551691297
11 1 46 -0.933150229529467
11 2 1 -0.7009004347403748
11 2 76 -0.6854535771389179
11 3 78 0.0
11 4 82 0.0
11 5 81 -0.22663480864780258
11 5 84 -1.5955935100377427
11 6 10 0.0
11 7 5 -4.044144592960027
11 7 7 -0.017680064295789034
11 8 16 -1.5677987070227997
11 8 9 -0.23383001772259804
11 9 20 0.0
11 10 26 0.0
11 12 34 -0.4123020236937165
11 12 23 -1.0850771097791843
11 13 36 -0.6764717776417921
11 13 38 -2.5029451133832996
11 13 31 -0.8922110177680236
11 14 33 0.0
11 15 19 -0.3481822005323335
11 15 29 -1.2240742798381137
11 16 13 0.0
11 17 41 -0.87974356222421
11 17 43 -0.5359542040621238
11 18 53 -0.4830837294575897
11 18 60 -0.9594022472662862
11 19 57 -0.9168148684652514
11 19 45 -0.5104763519314942
11 20 49 0.0
11 21 15 0.0
11 22 59 -0.7922101725907452
11 22 63 -0.6030191825934788
11 23 65 -4.097803542536184
11 23 51 -4.263660960621655
11 23 71 -0.03116029063373906
11 24 73 -0.10424835867392886
11 24 75 -2.3126505612229344
11 25 67 -1.725642518263215
11 25 55 -0.19608618707965936
12 0 2 0.0
12 1 68 0.0
12 2 1 -0.8577646417109652
12 2 25 -1.8874352811486408
12 2 76 -0.8570054113314731
12 3 80 -2.084019366164651
12 3 78 -0.2861425849221571
12 3 47 -2.08412918822337
12 4 82 0.0
12 5 84 0.0
12 6 8 -0.13218759105935501
12 6 12 -2.088899057424763
12 7 5 -0.8510711442938145
12 7 7 -0.5567951391957411
12 8 18 0.0
12 9 22 0.0
12 10 17 -2.6658085770204094
12 10 21 -0.6410928367209763
12 10 28 -0.9069831672450855
12 11 11 -1.0639261972980887
12 11 27 -0.42327001380542323
12 13 31 0.0
12 14 33 0.0
12 15 35 -0.172657165227622
12 15 37 -1.8415341415471127
12 16 39 0.0
12 17 41 -0.5517889822121613
12 17 43 -0.8578298141986934
12 18 53 -0.4687258139132788
12 18 56 -0.982962580414531
12 19 45 0.0
12 20 49 0.0
12 21 70 -0.9253618276355084
12 21 15 -0.5048236202176499
12 22 59 -0.5143390982036975
12 22 63 -0.9110435582862638
12 23 65 -0.6940833678110946
12 23 51 -0.6922118689356785
12 24 73 -0.6498739882747152
12 24 75 -0.7383779728851553
12 25 67 -8.693090953696153
12 25 55 -0.6672471976109977
12 25 61 -0.720080429592047
13 0 2 0.0
13 1 68 0.0
13 2 1 -0.8158847479080581
13 2 25 -2.1594893249716383
13 2 76 -0.8156129517942473
13 3 80 -0.6929974246914117
13 3 47 -0.6932969588586583
13 4 82 -0.11989751476349418
13 4 79 -2.180467798275143
13 5 84 0.0
13 6 12 0.0
13 7 5 -0.805319049243717
13 7 7 -0.5922983786382889
13 8 18 -1.935617234516951E-4
13 8 9 -8.550010891413589
13 9 22 0.0
13 10 17 -2.7749274438591645
13 10 21 -1.5092501552331958
13 10 28 -0.3332789052824532
13 11 11 -3.0627036325952943
13 11 27 -0.04788972398429441
13 12 30 0.0
13 14 33 -0.5632277774751636
13 14 42 -0.8425020796791521
13 15 35 -2.447069885645655
13 15 37 -0.09052314408032296
13 16 39 0.0
13 17 41 0.0
13 18 53 0.0
13 19 57 -1.1878227396255079
13 19 45 -0.36367705095525016
13 20 49 0.0
13 21 70 -0.17907545137134742
13 21 15 -1.8081499610991234
13 22 59 -0.9408630583768277
13 22 63 -0.494773232526125
13 23 65 -0.6940690307103821
13 23 51 -0.6922261794345946
13 24 73 -1.0504923060553817
13 24 75 -0.4304222350498032
13 25 67 -8.72405600988304
13 25 55 -0.6294671476842553
13 25 61 -0.7615080281927232
14 0 2 0.0
14 1 68 0.0
14 2 1 -0.8645252526320776
14 2 25 -1.8497710713308677
14 2 76 -0.8639940079492001
14 3 80 -1.9503359379831726
14 3 78 -0.3347039828728588
14 3 47 -1.9503530848919006
14 4 82 0.0
14 5 84 0.0
14 6 8 -0.1599208054232951
14 6 12 -1.9119715711134322
14 7 5 -0.8366099910561111
14 7 7 -0.5677073277998577
14 8 18 0.0
14 9 22 0.0
14 10 17 -1.2245165751857041
14 10 21 -1.3150364654684426
14 10 28 -0.8263683991039017
14 11 11 -1.0642218571869786
14 11 27 -0.42311425201154
14 12 32 0.0
14 13 40 -0.40538761068371715
14 13 31 -1.0987673015368844
14 15 35 -1.0516563732861002
14 15 37 -0.4297966354680272
14 16 39 0.0
14 17 43 0.0
14 18 53 -1.1585167178017794
14 18 56 -0.3768069750063936
14 19 45 0.0
14 20 49 -2.9891471558026486
14 20 66 -0.05164108366503546
14 21 70 -0.2505355699156126
14 21 15 -1.5068081881351008
14 22 59 -1.1831573339766506
14 22 63 -0.365730229539133
14 23 65 -0.10255142434746234
14 23 51 -2.3282284560573085
14 24 73 -1.1139995523666515
14 24 75 -0.39785936294153945
14 25 55 -0.5906377743596352
14 25 61 -0.8073777226692609
15 0 2 0.0
15 1 68 0.0
15 2 1 -0.825192506186657
15 2 25 -2.0917549764874113
15 2 76 -0.8246712082683132
15 3 80 -1.8244320973627928
15 3 78 -0.3894541511665918
15 3 47 -1.8247110924320442
15 4 82 0.0
15 5 84 0.0
15 6 8 0.0
15 7 5 -0.9714715182399006
15 7 7 -0.47566059289381174
15 8 18 0.0
15 9 20 -0.8865468746158985
15 9 22 -0.5311580158899502
15 10 17 -2.504963522609714
15 10 28 -0.08520781604095064
15 11 11 -1.0397538967821671
15 11 27 -0.4362465515229047
15 12 34 0.0
15 13 36 -0.13854944032338573
15 13 31 -2.0450030641358254
15 14 33 0.0
15 16 39 -0.2944570150337166
15 16 13 -1.3662406543695946
15 17 41 -0.552705686911138
15 17 43 -0.8565862386039084
15 18 53 0.0
15 19 57 -0.4362130136456394
15 19 45 -1.0398152243978873
15 20 49 0.0
15 21 70 -1.511960682411865
15 21 15 -0.24907342861704687
15 22 59 -0.6140749645655221
15 22 63 -0.7790128258093958
15 23 65 -0.6939633811511278
15 23 51 -0.6923316456089091
15 24 73 -0.3683207744373444
15 24 75 -1.1773153064559487
15 25 67 -8.762168968497239
15 25 55 -0.6388923382207315
15 25 61 -0.7508469611436736
16 0 2 0.0
16 1 68 0.0
16 2 1 -1.0571664212423946
16 2 25 -1.1923631104516723
16 2 76 -1.052517515874932
16 3 80 -0.6887133131133059
16 3 47 -0.6976007947741635
16 4 82 -0.5686997780916199
16 4 79 -0.8353128281806524
16 5 84 0.0
16 6 12 0.0
16 7 5 -1.1208292152564232
16 7 7 -0.3945390414348093
16 8 9 0.0
16 9 22 0.0
16 10 17 -1.959239493194849
16 10 21 -0.8633648311440537
16 10 26 -1.8961977078313104
16 10 28 -1.2477317360540918
16 11 11 0.0
16 12 30 0.0
16 13 38 0.0
16 14 33 -0.6788323049037814
16 14 42 -0.7076699514775815
16 15 19 -1.6770284214721713
16 15 35 -0.9032777624870476
16 15 37 -0.8968995304800998
16 17 41 0.0
16 18 53 -2.354007380327494
16 18 60 -0.09980679555118478
16 19 57 -0.21777526189529872
16 19 45 -1.6312039819966642
16 20 49 0.0
16 21 70 -0.005899730825960078
16 21 15 -5.135796966958932
16 22 59 -0.45233959348362307
16 22 63 -1.010980891814245
16 23 65 -2.610084353910215
16 23 51 -0.07637182314538504
16 24 73 -2.5326309170685035
16 24 75 -0.08278365672317606
16 25 67 -0.04953722852826063
16 25 55 -3.02969716958608
17 0 2 0.0
17 1 68 0.0
17 2 1 -0.8378344881073787
17 2 25 -2.0054425495898984
17 2 76 -0.8375884429953072
17 3 80 -0.6930035161330487
17 3 47 -0.6932908656292751
17 4 82 -0.13941147515356
17 4 79 -2.039221519590123
17 5 84 0.0
17 6 12 0.0
17 7 5 -0.8102184249938531
17 7 7 -0.5883564628909352
17 8 18 -2.0036132554014286E-4
17 8 9 -8.515488372694376
17 9 22 0.0
17 10 17 -2.678880177597949
17 10 21 -0.7473102630848412
17 10 28 -0.7814949711462473
17 11 11 -2.7859249001678776
17 11 27 -0.06365573456782946
17 12 32 -0.4982381155386705
17 12 30 -0.9354741593895906
17 13 40 0.0
17 14 42 0.0
17 15 35 -0.5234479604448826
17 15 37 -0.8976510220174025
17 16 39 0.0
17 18 53 0.0
17 19 57 -0.6642311626511305
17 19 45 -0.722924295851433
17 20 49 -3.08779497162381
17 20 66 -0.04667492099001341
17 21 70 -0.04685579442590125
17 21 15 -3.084017018721953
17 22 59 -0.5073230344786629
17 22 63 -0.9215677265333722
17 23 65 -0.09892730878120337
17 23 51 -2.3624258654039
17 24 73 -1.4901040135051506
17 24 75 -0.25534295112611194
17 25 55 -0.28444637904275083
17 25 61 -1.3960647379301743
18 0 2 0.0
18 1 68 0.0
18 2 1 -0.8038059333539689
18 2 25 -2.258262350185073
18 2 76 -0.803306001206088
18 3 80 -0.6929763428298908
18 3 47 -0.6933180474805167
18 4 82 -0.24078144923542438
18 4 79 -1.5418418427670675
18 5 84 0.0
18 6 12 0.0
18 7 5 -2.8327013740163656
18 7 7 -2.638426422585203
18 7 14 -0.13963834897173852
18 8 18 -2.2694833549658294E-4
18 8 9 -8.390901635339532
18 9 22 0.0
18 10 17 -2.5875998508048323
18 10 21 -0.7775079536738615
18 10 28 -0.765180642577912
18 11 11 -2.092986159624194
18 11 27 -0.13161133677636516
18 12 32 -0.527018446011336
18 12 30 -0.89248276907058
18 13 40 0.0
18 14 42 -1.199641351800537
18 14 44 -0.35853703948789317
18 15 35 -0.5303807699915655
18 15 37 -0.887656845665887
18 16 48 -0.17364375817618657
18 16 39 -1.8363153001252286
18 17 52 0.0
18 19 57 0.0
18 20 66 0.0
18 21 70 0.0
18 22 59 -0.31558378701981
18 22 63 -1.3069766817477146
18 23 65 -0.3951988337862149
18 23 51 -1.1194665414973926
18 24 73 -1.0441471898326347
18 24 75 -0.43385204206636463
18 25 55 -1.5837020184665824
18 25 61 -0.22968236318223373
19 0 2 0.0
19 1 68 0.0
19 2 1 -0.915072473193774
19 2 25 -1.6153124126054872
19 2 76 -0.9145825531845545
19 3 80 -1.8827599685002454
19 3 78 -0.36288885268302856
19 3 47 -1.882778601705771
19 4 82 0.0
19 5 84 0.0
19 6 8 -0.20698297561292595
19 6 12 -1.6768257758498648
19 7 5 -2.000980764472148
19 7 7 -1.7214574320919296
19 7 14 -0.3768892803525625
19 8 18 0.0
19 9 22 0.0
19 10 17 -1.1968657024960627
19 10 21 -1.3703682607162013
19 10 28 -0.8122756506610287
19 11 11 -1.064268263370708
19 11 27 -0.42308981033594883
19 12 32 0.0
19 13 40 -0.29140264521957093
19 13 31 -1.3752149846725321
19 14 44 0.0
19 15 35 -1.1202768295706236
19 15 37 -0.39480633998159415
19 16 48 -0.08748675864511354
19 16 39 -2.4796923126290755
19 17 52 -0.576788524023822
19 17 43 -0.8248502047314847
19 18 56 0.0
19 20 66 0.0
19 21 70 0.0
19 22 59 -1.3882607949091834
19 22 63 -0.287027452886907
19 23 65 -0.3894288120552457
19 23 51 -1.1314776205828379
19 24 73 -1.0420845516043573
19 24 75 -0.4349742333179397
19 25 55 -1.302055567060256
19 25 61 -0.31741599118003444
20 0 2 0.0
20 1 68 0.0
20 2 1 -1.0561422847633364
20 2 25 -1.192573402120345
20 2 76 -1.0533549472115487
20 3 80 -0.6895156181618949
20 3 47 -0.6967919792866
20 4 82 -0.571776793790147
20 4 79 -0.8313098725756918
20 5 84 0.0
20 6 12 0.0
20 7 5 -4.622843057399959
20 7 7 -4.303138011834416
20 7 14 -0.023627822688997834
20 8 9 0.0
20 9 22 0.0
20 10 17 -1.9589450666171577
20 10 21 -0.8635666913509392
20 10 26 -1.8959847525205706
20 10 28 -1.2476912091568833
20 11 11 0.0
20 12 30 0.0
20 13 38 0.0
20 14 33 -2.102783847320149
20 14 42 -0.13024081516930963
20 15 19 -1.6770175881668705
20 15 35 -0.903290758573056
20 15 37 -0.8968915825769788
20 16 48 0.0
20 17 54 -0.06488962163427736
20 17 41 -2.7673369539261916
20 18 53 -1.2077641976743065
20 18 60 -0.35505445117892953
20 19 57 -0.3002907737793968
20 19 45 -1.3493949612178993
20 21 70 0.0
20 22 59 -0.5223979910455328
20 22 63 -0.8991794706256502
20 23 65 -0.09297953070250996
20 23 51 -2.4215054849459072
20 24 73 -2.0201600087239378
20 24 75 -0.14229452351165575
20 25 67 0.0
21 0 0 -0.5460548613169252
21 0 2 -0.8656699898628787
21 1 68 0.0
21 2 25 0.0
21 3 80 -0.6666839682550595
21 3 47 -0.7203297747475363
21 4 82 -2.325942982248199
21 4 77 -0.8049329708582751
21 4 79 -0.7870385522272587
21 5 4 0.0
21 6 85 -2.3368643595248875
21 6 6 -0.1016232425547913
21 7 14 0.0
21 8 9 0.0
21 9 20 -0.18659263115635244
21 9 22 -1.7706735172356596
21 10 17 -0.7021329406170153
21 10 26 -0.6842414458319386
21 11 11 0.0
21 12 30 0.0
21 13 38 0.0
21 14 33 -1.8275026513336334
21 14 42 -0.17532371136553432
21 15 19 -0.9149917544941063
21 15 35 -2.4528790450258726
21 15 37 -2.4511319947859755
21 15 29 -0.8504126094630462
21 16 50 -0.003236361584215854
21 16 13 -5.73492329238729
21 17 54 -0.09220261321300484
21 17 41 -2.429513915899589
21 18 53 -1.0754289810115778
21 18 60 -0.41726147715416495
21 19 57 -0.3061134372070646
21 19 45 -1.3329549056475924
21 20 64 -0.09995630525561129
21 20 49 -2.352584020587821
21 22 59 -0.5637557493690859
21 22 63 -0.8418044387528173
21 23 71 0.0
21 24 73 -0.13981536479577417
21 24 75 -2.0365258507060653
21 25 67 0.0
22 0 2 0.0
22 1 68 0.0
22 2 1 -0.8050253808612947
22 2 25 -2.2470641643766474
22 2 76 -0.8047173658291912
22 3 80 -0.6930920357366929
22 3 47 -0.693202328424317
22 4 82 -0.23734181201228016
22 4 79 -1.5545788082766248
22 5 84 0.0
22 6 12 0.0
22 7 5 -2.830686835801051
22 7 7 -2.6378281373665815
22 7 14 -0.13982401865067254
22 8 18 -3.6571540504552833E-4
22 8 9 -7.913837961009366
22 9 22 0.0
22 10 17 -2.3651377378854512
22 10 21 -1.1037530228305954
22 10 28 -0.5543605190907975
22 11 11 -2.1351597772075412
22 11 27 -0.1258191503879773
22 12 32 0.0
22 13 40 -0.40435317224220335
22 13 31 -1.1008398764923084
22 14 44 0.0
22 15 35 -1.0696950060424408
22 15 37 -0.42024349587573917
22 16 48 -0.1755331578680294
22 16 39 -1.8264103998874772
22 17 52 -0.4486061086026333
22 17 43 -1.0175418021570553
22 18 58 0.0
22 19 57 -1.8126004033783827
22 19 62 -0.17820498894895134
22 20 66 0.0
22 21 70 0.0
22 23 65 -0.3971551669801207
22 23 51 -1.1154422503542287
22 24 73 -1.0443606315094316
22 24 75 -0.4337361216614238
22 25 55 -1.304339435262763
22 25 61 -0.3165641342305447
23 0 2 0.0
23 1 68 0.0
23 2 1 -1.4607016233335168
23 2 25 -0.6260756189613993
23 2 76 -1.4556846981247702
23 3 80 -0.6714221675872158
23 3 47 -0.7153546709468793
23 4 82 -2.677083498419787
23 4 79 -0.07124191001902364
23 5 4 -0.01836805312284164
23 5 84 -4.0063123355853545
23 6 12 0.0
23 7 7 -4.65504628601131
23 7 14 -0.009559015047155431
23 8 9 0.0
23 9 22 0.0
23 10 17 -1.959178940512881
23 10 21 -0.8634203493557803
23 10 26 -1.8961603247561951
23 10 28 -1.2476994725414754
23 11 11 0.0
23 12 30 0.0
23 13 38 0.0
23 14 33 -2.101532821042268
23 14 42 -0.1304149603169389
23 15 19 -1.6770497821442651
23 15 35 -0.9032882303137618
23 15 37 -0.8968793389715033
23 16 50 0.0
23 17 54 -0.0648613567622159
23 17 41 -2.7677586530447886
23 18 53 -1.2076284612401427
23 18 60 -0.3551123155635136
23 19 57 -0.2999590660867554
23 19 45 -1.3503426232919484
23 20 64 -0.06957741616837876
23 20 49 -2.6999022518221265
23 21 70 0.0
23 22 59 -0.5225801613577519
23 22 63 -0.8989140011966389
23 24 73 -2.231667195604632
23 24 75 -0.11355993763828248
23 25 67 0.0
24 0 0 -0.49685951974560094
24 0 2 -0.9376125636376414
24 1 68 0.0
24 2 25 0.0
24 3 80 -0.6691558339246959
24 3 47 -0.7177282900975341
24 4 82 -2.9582954605911334
24 4 77 -0.7561969010186085
24 4 79 -0.7367975773988273
24 5 4 0.0
24 6 85 -2.3269538671450958
24 6 6 -0.11575074368328385
24 6 12 -4.44729350685365
24 7 14 0.0
24 8 9 0.0
24 9 22 0.0
24 10 17 -1.1026540111425647
24 10 21 -1.993342725365375
24 10 26 -1.0712784122687222
24 10 28 -1.664941931932442
24 11 11 0.0
24 12 30 0.0
24 13 38 0.0
24 14 33 -2.0892374027237905
24 14 42 -0.13213978452026634
24 15 19 -0.6208609709276718
24 15 35 -1.4672199042877778
24 15 37 -1.4612208236033488
24 16 50 0.0
24 17 54 -0.0648268089917905
24 17 41 -2.76827434800223
24 18 53 -1.2039787861916178
24 18 60 -0.3566723802929654
24 19 57 -0.2968718063776299
24 19 45 -1.3592212552602478
24 20 64 -0.1690505424901765
24 20 49 -1.8608923418972652
24 21 72 0.0
24 22 59 -0.5269742807404973
24 22 63 -0.8925464227407474
24 23 71 -3.0934413218534442
24 23 74 -0.04640592721420229
24 25 67 0.0
25 0 2 0.0
25 1 68 0.0
25 2 1 -0.8038454442046652
25 2 25 -2.257673474273544
25 2 76 -0.8034040060158046
25 3 80 -0.6930042932430347
25 3 47 -0.6932900882965589
25 4 82 -0.24099610460118054
25 4 79 -1.541053768134595
25 5 84 0.0
25 6 12 0.0
25 7 5 -2.8327687789333864
25 7 7 -2.638863806057119
25 7 14 -0.1395978501305097
25 8 18 -2.7416480527545583E-4
25 8 9 -8.201918232555833
25 9 22 0.0
25 10 17 -2.53743414418089
25 10 21 -0.7804321181406924
25 10 28 -0.7706266500951632
25 11 11 -2.0918538575543892
25 11 27 -0.1317707148400528
25 12 32 -0.542014235032727
25 12 30 -0.8712591503875639
25 13 40 0.0
25 14 42 0.0
25 15 35 -0.5445670000850458
25 15 37 -0.8677218044317688
25 16 48 -0.17329942328121592
25 16 39 -1.8381330727147522
25 17 54 0.0
25 18 53 -1.8829376133018076
25 18 60 -0.16504271483931338
25 19 57 -0.38243743912635203
25 19 45 -1.1463222271240674
25 20 66 0.0
25 21 70 0.0
25 22 59 -0.4586205861573649
25 22 63 -1.0000937550853275
25 23 65 -0.394971357381105
25 23 51 -1.1199360388720183
25 24 73 -1.0444767342959296
25 24 75 -0.43367308214285166
