0 1 24 0.0
0 2 1 0.0
0 3 78 -0.7358487445416457
0 3 47 -0.6521946102356225
0 4 3 -0.4403140598356365
0 4 77 -1.0323588893442943
0 5 81 -0.56882000080314
0 5 69 -0.8351558949513681
0 6 85 -0.8437254718513582
0 6 10 -0.5623034793851771
0 7 5 -0.24102114258166757
0 7 7 -1.5409618964289593
0 8 16 -1.083798042137146
0 8 9 -0.412955350745233
0 9 20 0.0
0 10 26 0.0
0 11 83 0.0
0 12 34 -0.40305495225720517
0 12 23 -1.1034500972385015
0 13 36 -0.6801722488693104
0 13 38 -2.1345512411154877
0 13 31 -0.9803690956252835
0 14 33 0.0
0 15 19 -0.35240893541103147
0 15 29 -1.2139981729042522
0 16 13 0.0
0 17 41 -0.8315768058766492
0 17 43 -0.5715709269937083
0 18 53 -0.587013637697199
0 18 60 -0.8118973413153983
0 19 57 -0.7724077058168276
0 19 45 -0.619710137772798
0 20 49 0.0
0 21 15 0.0
0 22 59 -0.7376238051149506
0 22 63 -0.6505647765319788
0 23 65 -3.7039966622475275
0 23 51 -3.54155961032378
0 23 71 -0.05508259625439304
0 24 73 -0.19163156453014468
0 24 75 -1.7464668247587685
0 25 67 -1.7694825753897518
0 25 55 -0.18683711191816882
1 0 0 0.0
1 2 25 0.0
1 3 47 0.0
1 4 3 -1.2113257135623787
1 4 77 -0.9592234655733053
1 4 79 -1.1425408163943669
1 5 81 -0.5767235068110524
1 5 69 -0.8249335330042071
1 6 85 0.0
1 7 5 -0.12090469989525808
1 7 7 -2.172595990903945
1 8 9 0.0
1 9 20 0.0
1 10 17 -0.9941114684529815
1 10 26 -0.46211816377457066
1 11 83 -0.029497297799767275
1 11 11 -3.538169015228476
1 12 34 -1.315971854463884
1 12 23 -0.34021614356642566
1 12 30 -3.9035602570850036
1 13 38 0.0
1 14 33 -0.0651641496136594
1 14 42 -2.7632509629593858
1 15 19 -1.610556267696753
1 15 37 -3.1320683741553847
1 15 29 -0.2789257477577293
1 16 13 0.0
1 17 41 0.0
1 18 53 -1.2802378242352468
1 18 60 -0.32569022995382835
1 19 57 -1.908018264411395
1 19 45 -0.1606079726993301
1 20 49 0.0
1 21 15 0.0
1 22 59 -1.785571428431887
1 22 63 -0.1835637732802166
1 23 65 -3.703753094623068
1 23 51 -3.5405382813311843
1 23 71 -0.05512021254370941
1 24 73 -0.19844283163614995
1 24 75 -1.7148353612120102
1 25 67 -0.23706495432119296
1 25 55 -1.5556130213633736
2 0 0 0.0
2 1 24 0.0
2 3 78 -0.8897136306947042
2 3 47 -0.5289443964928099
2 4 3 -0.8890840890456427
2 4 77 -0.529383509638578
2 5 81 -0.5855339334237045
2 5 69 -0.8137532858106005
2 6 85 -0.840832884509309
2 6 10 -0.5644920970357409
2 7 5 -0.2333098427321417
2 7 7 -1.5697757991989951
2 8 16 -1.083810652406407
2 8 9 -0.4129489034591331
2 9 20 0.0
2 10 26 0.0
2 11 83 0.0
2 12 34 -0.40296541164987104
2 12 23 -1.1036305054913365
2 13 36 -0.6797851368407332
2 13 38 -2.135823643467497
2 13 31 -0.9804909008654418
2 14 33 0.0
2 15 19 -0.35243711373126674
2 15 29 -1.2139314802578396
2 16 13 0.0
2 17 41 -0.8318685562220417
2 17 43 -0.5713460318524227
2 18 53 -0.5867353874252462
2 18 60 -0.8122458691366199
2 19 57 -0.7731294635340789
2 19 45 -0.6190910039118834
2 20 49 0.0
2 21 15 0.0
2 22 59 -0.7376386000876668
2 22 63 -0.6505512153121681
2 23 65 -3.70422687819386
2 23 51 -3.5422095234222644
2 23 71 -0.05505672079258126
2 24 73 -0.18939178527220443
2 24 75 -1.7571392586509884
2 25 67 -1.7694185957172242
2 25 55 -0.18685025582792097
3 0 2 0.0
3 1 46 0.0
3 2 1 -1.620641545502587
3 2 25 -0.7877353006793743
3 2 76 -1.0574095817178077
3 4 79 0.0
3 5 81 -0.4445510350484717
3 5 69 -1.0247450513762772
3 6 85 0.0
3 7 5 -0.12019980427547505
3 7 7 -2.178097860101878
3 8 9 0.0
3 9 20 0.0
3 10 17 -0.9941145611308532
3 10 26 -0.46211634703839444
3 11 83 -0.033065233745759294
3 11 11 -3.4257599513178207
3 12 34 -1.3162967350148385
3 12 23 -0.3400991755350768
3 12 30 -3.903367813358926
3 13 38 0.0
3 14 33 -0.06512431185500449
3 14 42 -2.7638427919965998
3 15 19 -1.6105744129365238
3 15 37 -3.1324304508744096
3 15 29 -0.27890008235925356
3 16 13 0.0
3 17 41 0.0
3 18 53 -1.280245357651477
3 18 60 -0.32568732970710473
3 19 57 -1.9079678581408839
3 19 45 -0.16061675496905375
3 20 49 0.0
3 21 15 0.0
3 22 59 -1.7855751974282692
3 22 63 -0.18356301386087748
3 23 65 -3.70445149979018
3 23 51 -3.540489423354174
3 23 71 -0.05510353894795
3 24 73 -0.1982199984755426
3 24 75 -1.7158511646467605
3 25 67 -0.237068344809629
3 25 55 -1.5556003478528777
4 0 2 0.0
4 1 24 -0.32263399396456616
4 1 46 -1.2882203013202878
4 2 1 -1.5905676128761723
4 2 76 -0.22791729473756303
4 3 78 0.0
4 5 81 -0.5584261535612662
4 5 69 -0.8488862442275924
4 6 85 -0.8462203315785068
4 6 10 -0.560424697177881
4 7 5 -0.2339654477913698
4 7 7 -1.5672847706829638
4 8 16 -1.0837943046064424
4 8 9 -0.41295726166616004
4 9 20 0.0
4 10 26 0.0
4 11 83 0.0
4 12 34 -0.402914570186582
4 12 23 -1.1037329635951196
4 13 36 -0.679525392621321
4 13 38 -2.1365702693131543
4 13 31 -0.9806067546325583
4 14 33 0.0
4 15 19 -0.35244938679018245
4 15 29 -1.2139024342736746
4 16 13 0.0
4 17 41 -0.8319976054730474
4 17 43 -0.5712465915634316
4 18 53 -0.5866128946291741
4 18 60 -0.8123993691567921
4 19 57 -0.7735586109502255
4 19 45 -0.6187232685374425
4 20 49 0.0
4 21 15 0.0
4 22 59 -0.7376487257395764
4 22 63 -0.6505419342601076
4 23 65 -3.7033097710513
4 23 51 -3.5431673466780462
4 23 71 -0.05505130447282025
4 24 73 -0.18824331650954557
4 24 75 -1.762665529118614
4 25 67 -1.7693859118838986
4 25 55 -0.186856970747956
5 0 0 -0.7555489366704403
5 0 2 -0.6344117387705838
5 1 68 0.0
5 2 25 0.0
5 3 80 -0.12747847548274058
5 3 47 -2.122869962721904
5 4 77 -1.0605932225186896
5 4 79 -0.4250307926903036
5 6 85 0.0
5 7 5 -0.12039082334893059
5 7 7 -2.176603537046776
5 8 9 0.0
5 9 20 0.0
5 10 17 -0.9941007047523897
5 10 26 -0.46212448678011214
5 11 83 -0.036724257602738855
5 11 11 -3.322623706968172
5 12 34 -1.3161231784990022
5 12 23 -0.34013648528872614
5 12 30 -3.9043590063628395
5 13 38 0.0
5 14 33 -0.06506257691287251
5 14 42 -2.7647606643593075
5 15 19 -1.6107390717527525
5 15 37 -3.13381549244499
5 15 29 -0.2787768386896015
5 16 13 0.0
5 17 41 0.0
5 18 53 -1.2800916818162755
5 18 60 -0.32574649847378634
5 19 57 -1.9076560252339343
5 19 45 -0.16067109708150615
5 20 49 0.0
5 21 15 0.0
5 22 59 -1.785327114541439
5 22 63 -0.183613007699419
5 23 65 -3.7056884612394656
5 23 51 -3.5405624990344777
5 23 71 -0.05506914933577743
5 24 73 -0.1965382426081311
5 24 75 -1.7235584167694782
5 25 67 -0.23703861682149924
5 25 55 -1.555711476820172
6 0 2 0.0
6 1 68 0.0
6 2 1 -0.9093699177061151
6 2 25 -1.6763475727324286
6 2 76 -0.8911929950658786
6 3 80 -0.61793223875471
6 3 47 -0.774482903480834
6 4 82 -0.7055541321018391
6 4 79 -0.6808922769399239
6 5 84 0.0
6 7 5 -3.195635262376658
6 7 7 -0.041802171766486505
6 8 9 0.0
6 9 20 0.0
6 10 17 -0.7682485492800589
6 10 26 -0.6232941629016118
6 11 11 0.0
6 12 34 -1.3150050585551945
6 12 23 -0.35077224680422775
6 12 30 -3.597835518732112
6 13 38 0.0
6 14 33 -0.10209977988587854
6 14 42 -2.332420288806393
6 15 19 -2.0003820368591168
6 15 37 -1.880064144054005
6 15 29 -0.33948624590229576
6 16 13 0.0
6 17 41 0.0
6 18 53 -1.2793277681539568
6 18 60 -0.3260408099723265
6 19 57 -1.4290509757217043
6 19 45 -0.27382668980778113
6 20 49 0.0
6 21 15 0.0
6 22 59 -2.0185237642678824
6 22 63 -0.14254496790097848
6 23 65 -3.7056142657338107
6 23 51 -3.540016302853524
6 23 71 -0.05508781609124843
6 24 73 -0.22674166719833394
6 24 75 -1.5951735324788188
6 25 67 -0.23678469030158006
6 25 55 -1.5566613416159745
7 0 0 -0.6332277192143689
7 0 2 -0.7568871204909224
7 1 68 0.0
7 2 25 0.0
7 3 80 -0.47195463661227355
7 3 47 -0.9775860090365105
7 4 82 -1.6940318061914783
7 4 77 -1.024658458756332
7 4 79 -0.782407130688565
7 5 4 0.0
7 6 85 -3.4599737624152707
7 6 6 -0.03193512773815459
7 8 9 0.0
7 9 20 0.0
7 10 17 -0.7164932367399065
7 10 26 -0.6703337516131359
7 11 11 0.0
7 12 34 -1.2857561565207292
7 12 23 -0.38425320717257316
7 12 30 -3.155911664489998
7 13 38 0.0
7 14 33 -0.13898575691518056
7 14 42 -2.0420719506282405
7 15 19 -1.7723210298215497
7 15 37 -1.5529783900705485
7 15 29 -0.4805467836807535
7 16 13 0.0
7 17 41 0.0
7 18 53 -1.993194850397117
7 18 60 -0.1464827877785675
7 19 57 -0.6806415398995491
7 19 45 -0.7058111949234311
7 20 64 -0.02881596426708999
7 20 49 -3.561199114634529
7 21 15 0.0
7 22 59 -0.6704824306789268
7 22 63 -0.7163375575572974
7 23 51 -4.023883956714699
7 23 71 -0.01804521152599368
7 24 73 -0.139040079917883
7 24 75 -2.041707706376294
7 25 67 -0.09332190785408065
7 25 55 -2.4179984939789247
8 0 2 0.0
8 1 68 0.0
8 2 1 -0.7904849922580722
8 2 25 -2.3778089715426742
8 2 76 -0.7904917283479101
8 3 80 -0.692942725838583
8 3 47 -0.6933516770915895
8 4 82 -0.12786814586365106
8 4 79 -2.1200085612152435
8 5 84 0.0
8 6 8 0.0
8 7 5 -1.2699989634067588
8 7 7 -0.32966016956602806
8 9 20 0.0
8 10 17 0.0
8 11 11 -1.1100077614883281
8 11 27 -0.3998157009279206
8 12 34 -0.617646995727952
8 12 23 -0.774816589894452
8 13 36 -0.4701849671341739
8 13 31 -0.9805270962528156
8 14 33 0.0
8 15 19 -2.1731607692555954
8 15 29 -0.120832139198465
8 16 39 -0.3950511126520766
8 16 13 -1.1197713916210394
8 17 41 -0.641477919665595
8 17 43 -0.7476323082421259
8 18 53 0.0
8 19 57 -0.512843660691805
8 19 45 -0.9132712918870762
8 20 49 0.0
8 21 15 0.0
8 22 59 -0.6564121964213213
8 22 63 -0.7312832563971624
8 23 65 -1.2166626012510158
8 23 51 -1.1595642050904678
8 23 71 -0.9411982139309994
8 24 73 -0.9832177942920287
8 24 75 -0.4685732381517912
8 25 67 -8.8132590570516
8 25 55 -0.6388966194427048
8 25 61 -0.7508256527365106
9 0 2 0.0
9 1 68 -0.7112886793916722
9 1 24 -1.3679316844632883
9 1 46 -1.3690208532801116
9 2 1 -0.6931071694313716
9 2 76 -0.6931871932894736
9 3 78 0.0
9 4 82 0.0
9 5 81 -0.8340144216770075
9 5 84 -0.5696954592137481
9 6 8 -0.5346450062108288
9 6 10 -0.8815928177436702
9 7 5 -1.0067072640567427
9 7 7 -0.4547922836013209
9 8 16 0.0
9 10 21 0.0
9 11 27 0.0
9 12 23 0.0
9 13 31 0.0
9 14 33 0.0
9 15 19 -2.735666761962438
9 15 35 -0.9380928807369784
9 15 37 -1.840898410864154
9 15 29 -0.9542498481557792
9 16 39 -0.5260170157529631
9 16 13 -0.8939277797828252
9 17 41 -0.8151433201738951
9 17 43 -0.5844289154289349
9 18 53 -0.6087535767545528
9 18 56 -0.7853250514053722
9 19 45 0.0
9 20 49 0.0
9 21 70 -0.8253781318919978
9 21 15 -0.5763767697273242
9 22 59 -0.5467666645750198
9 22 63 -0.8646909510971345
9 23 65 -0.7070813649642961
9 23 51 -0.6794044923629644
9 24 73 -0.4523126367985955
9 24 75 -1.0110280218104857
9 25 67 -8.546097290607456
9 25 55 -0.7591200182877338
9 25 61 -0.6316240410535663
10 0 2 0.0
10 1 68 -0.7202874011497334
10 1 24 -1.359622536251347
10 1 46 -1.3601201472556355
10 2 1 -0.6931775121935146
10 2 76 -0.6931168498463559
10 3 78 0.0
10 4 82 0.0
10 5 81 -0.7722801436107539
10 5 84 -0.6198196487842205
10 6 8 -0.5562549731768022
10 6 10 -0.851796589348939
10 7 5 -1.1079256164199671
10 7 7 -0.4008407703392915
10 8 16 0.0
10 9 20 0.0
10 11 27 0.0
10 12 34 -0.6202272129674163
10 12 23 -0.7718056643565544
10 13 36 -0.45910242047226674
10 13 31 -0.9992662470737691
10 14 33 0.0
10 15 19 -2.288732980485438
10 15 29 -0.10691155095257043
10 16 39 -0.5265017130331121
10 16 13 -0.8932279458841732
10 17 41 -0.6414249994542527
10 17 43 -0.7476911584641623
10 18 53 0.0
10 19 57 -0.49924646882268614
10 19 45 -0.9339148068125678
10 20 49 0.0
10 21 15 0.0
10 22 59 -0.6586383876371081
10 22 63 -0.7288895254443226
10 23 65 -1.3339437698994028
10 23 51 -1.2813219567366925
10 23 71 -0.7789366161948851
10 24 73 -0.8803225763539498
10 24 75 -0.5355438407719131
10 25 67 -8.974003429385972
10 25 55 -0.6343684165274193
10 25 61 -0.7558675212043999
11 0 2 0.0
11 1 68 -1.6382266630941882
11 1 24 -0.8092280162618959
11 1 46 -1.020335339980955
11 2 1 -0.7679017838333887
11 2 76 -0.6235942334589345
11 3 78 0.0
11 4 82 0.0
11 5 81 -0.0804130151888972
11 5 84 -2.560516330341862
11 6 10 0.0
11 7 5 -0.8285209923152721
11 7 7 -0.573933495389691
11 8 16 -1.3460466374750035
11 8 9 -0.3014661848513585
11 9 20 0.0
11 10 26 0.0
11 12 34 -0.3441055234399427
11 12 23 -1.2339308431803384
11 13 36 -0.7898677143661685
11 13 38 -1.5233471266725023
11 13 31 -1.114393837009906
11 14 33 0.0
11 15 19 -0.4135737844059305
11 15 29 -1.0825895615733796
11 16 13 0.0
11 17 41 -0.7613901360299536
11 17 43 -0.6292652975770059
11 18 53 -0.6627096165347177
11 18 60 -0.7245403523506624
11 19 57 -0.7224691744104144
11 19 45 -0.6646605302384482
11 20 49 0.0
11 21 15 0.0
11 22 59 -0.695133807849203
11 22 63 -0.6911644921349118
11 23 65 -3.7053645817359615
11 23 51 -3.538844399928637
11 23 71 -0.05513025081205016
11 24 73 -0.2016494394881864
11 24 75 -1.700355560092976
11 25 67 -1.6059329446194293
11 25 55 -0.22402171613733288
12 0 2 0.0
12 1 68 0.0
12 2 1 -0.8251419476736017
12 2 25 -2.0912509531898804
12 2 76 -0.8248637550894612
12 3 80 -1.715571639585722
12 3 78 -0.44559623528008535
12 3 47 -1.716484201530234
12 4 82 0.0
12 5 84 0.0
12 6 8 -0.30705355469602674
12 6 12 -1.3303345486721279
12 7 5 -0.874793819794565
12 7 7 -0.5394788637420477
12 8 18 0.0
12 9 22 0.0
12 10 17 -2.696787489435147
12 10 21 -0.7817393723862935
12 10 28 -0.7445060010925107
12 11 11 -0.7951421308402833
12 11 27 -0.6005990952165731
12 13 31 0.0
12 14 33 0.0
12 15 35 -0.1433894579244211
12 15 37 -2.013029055361106
12 16 39 0.0
12 17 41 -0.8544679410134272
12 17 43 -0.554271765003373
12 18 53 -0.596395606731068
12 18 56 -0.8002722261581686
12 19 45 0.0
12 20 49 0.0
12 21 70 -0.9776219955311696
12 21 15 -0.4719329328960108
12 22 59 -0.4898834191283977
12 22 63 -0.9485500608395697
12 23 65 -0.7062044060488711
12 23 51 -0.6802582510896666
12 24 73 -0.36056123612448865
12 24 75 -1.194963096486322
12 25 67 -9.035370241689572
12 25 55 -0.7812000262402405
12 25 61 -0.612443822969001
13 0 2 0.0
13 1 68 0.0
13 2 1 -0.8207265043610603
13 2 25 -2.1223274096222697
13 2 76 -0.8206723854215242
13 3 80 -0.6928890774158194
13 3 47 -0.6934053503385033
13 4 82 -0.18767537250942756
13 4 79 -1.7654120822090171
13 5 84 0.0
13 6 12 0.0
13 7 5 -0.8274120269624841
13 7 7 -0.5747940525408977
13 8 18 -9.690014486315333E-5
13 8 9 -9.241877993773965
13 9 22 0.0
13 10 17 -2.6749564402613975
13 10 21 -1.130839237961246
13 10 28 -0.4970412305532221
13 11 11 -2.185023271367236
13 11 27 -0.11931871991193661
13 12 30 0.0
13 14 33 -1.2891470418684845
13 14 42 -0.3222813539752992
13 15 35 -2.6867137345850054
13 15 37 -0.07053446745544298
13 16 39 0.0
13 17 41 0.0
13 18 53 0.0
13 19 57 -0.7032785120737431
13 19 45 -0.683117464287156
13 20 49 0.0
13 21 70 -0.3709615302504421
13 21 15 -1.1714103876384596
13 22 59 -0.8227755460868119
13 22 63 -0.578410399673163
13 23 65 -0.6974317690599006
13 23 51 -0.6888808714667132
13 24 73 -0.9116611928301923
13 24 75 -0.5139239331842061
13 25 67 -8.90849372074256
13 25 55 -0.6074299656896658
13 25 61 -0.7872036743362618
14 0 2 0.0
14 1 68 0.0
14 2 1 -0.8378491410592456
14 2 25 -2.0048769049794086
14 2 76 -0.8377497910586389
14 3 80 -1.6829142820575502
14 3 78 -0.46450032862190727
14 3 47 -1.6835186971831508
14 4 82 0.0
14 5 84 0.0
14 6 8 -0.3070625666338791
14 6 12 -1.3303094751077866
14 7 5 -0.8657462104768975
14 7 7 -0.5459994961284179
14 8 18 0.0
14 9 22 0.0
14 10 17 -2.590568060311672
14 10 21 -1.183560713844617
14 10 28 -0.47991496685243007
14 11 11 -0.7977200916897002
14 11 27 -0.5984818661756974
14 12 32 0.0
14 13 40 -0.2464492159991126
14 13 31 -1.521294497348063
14 15 35 -0.9442647065821579
14 15 37 -0.4926018067244494
14 16 39 0.0
14 17 43 0.0
14 18 53 -1.4772237613671295
14 18 56 -0.25912123467762677
14 19 45 0.0
14 20 49 -3.322955209608377
14 20 66 -0.0367118592405948
14 21 70 -0.14148244010101158
14 21 15 -2.0254869735920162
14 22 59 -1.5668137215774953
14 22 63 -0.23408965368979148
14 23 65 -0.07015629292458682
14 23 51 -2.6919028452429754
14 24 73 -1.471957532794981
14 24 75 -0.2606842668310387
14 25 55 -0.7099454906424353
14 25 61 -0.676626398121884
15 0 2 0.0
15 1 68 0.0
15 2 1 -0.8539660386930218
15 2 25 -1.907623238136268
15 2 76 -0.8536819664795307
15 3 80 -2.517156190265865
15 3 78 -0.1759818965397229
15 3 47 -2.5172882347622147
15 4 82 0.0
15 5 84 0.0
15 6 8 0.0
15 7 5 -0.9978370597999611
15 7 7 -0.4599360831657003
15 8 18 0.0
15 9 20 -0.8805180536057683
15 9 22 -0.5354053922856626
15 10 17 -2.660217817906985
15 10 28 -0.07249863890240732
15 11 11 -0.9957325904916648
15 11 27 -0.46116708730131806
15 12 34 0.0
15 13 36 -0.0769318562928145
15 13 31 -2.6030545678708243
15 14 33 0.0
15 16 39 -0.39492806009593123
15 16 13 -1.120025438897291
15 17 41 -0.5316233836247324
15 17 43 -0.8858832927075107
15 18 53 0.0
15 19 57 -0.35266262180718
15 19 45 -1.2133979739888923
15 20 49 0.0
15 21 70 -0.9151484319966608
15 21 15 -0.5115878825784308
15 22 59 -0.6781325529739345
15 22 63 -0.7083906881001462
15 23 65 -0.7053949162612907
15 23 51 -0.6810476386797373
15 24 73 -0.5866836320715924
15 24 75 -0.8123107204176305
15 25 67 -9.021182669313657
15 25 55 -0.6172988962586978
15 25 61 -0.7754864387061877
16 0 2 0.0
16 1 68 0.0
16 2 1 -1.05854384159371
16 2 25 -1.1845294507270239
16 2 76 -1.058000488782929
16 3 80 -0.6833997023197319
16 3 47 -0.7029906081637155
16 4 82 -0.6322694066296224
16 4 79 -0.7579726849207966
16 5 84 0.0
16 6 12 0.0
16 7 5 -0.7693366910926328
16 7 7 -0.6223538072666771
16 8 9 0.0
16 9 22 0.0
16 10 17 -1.4946910225747698
16 10 21 -0.9329038351159263
16 10 26 -2.5810326690847503
16 10 28 -1.1822874780851986
16 11 11 0.0
16 12 30 0.0
16 13 38 0.0
16 14 33 -0.7141576275693988
16 14 42 -0.6725691037212332
16 15 19 -1.1203221953094689
16 15 35 -1.0954098922320465
16 15 37 -1.0805087381008902
16 17 41 0.0
16 18 53 -2.7228609383487807
16 18 60 -0.06794330834579573
16 19 57 -0.13274607490371534
16 19 45 -2.0849561021012075
16 20 49 0.0
16 21 70 -0.0015959420140869412
16 21 15 -6.441088977521006
16 22 59 -0.43516378372037295
16 22 63 -1.041736797154321
16 23 65 -5.490264344640348
16 23 51 -0.004135291689816045
16 24 73 -4.129768958124817
16 24 75 -0.016217388922667744
16 25 67 -0.04058445158868307
16 25 55 -3.224593849185587
17 0 2 0.0
17 1 68 0.0
17 2 1 -0.8218492004369888
17 2 25 -2.1141050460222335
17 2 76 -0.8217973851132016
17 3 80 -0.6928926628125771
17 3 47 -0.6934017631030895
17 4 82 -0.1866938503810756
17 4 79 -1.770180239519446
17 5 84 0.0
17 6 12 0.0
17 7 5 -0.7937249738378188
17 7 7 -0.6017672231231029
17 8 18 -1.0613067066082153E-4
17 8 9 -9.150892545839055
17 9 22 0.0
17 10 17 -2.6695767385163918
17 10 21 -1.0330171863673705
17 10 28 -0.5537556906298666
17 11 11 -2.1773651192748047
17 11 27 -0.12029343019007711
17 12 32 -0.3270199326550891
17 12 30 -1.276792166271043
17 13 40 0.0
17 14 42 0.0
17 15 35 -0.7173689603786545
17 15 37 -0.6694982473386824
17 16 39 0.0
17 18 53 0.0
17 19 57 -0.8309087609292094
17 19 45 -0.57208632596819
17 20 49 -3.363658851160137
17 20 66 -0.03522145687370229
17 21 70 -0.03396707264723426
17 21 15 -3.3992991385382485
17 22 59 -0.4954198234428082
17 22 63 -0.939853795325637
17 23 65 -0.07172910325845905
17 23 51 -2.6705088936894326
17 24 73 -1.5859530578307093
17 24 75 -0.22910196629849325
17 25 55 -0.5807115613962976
17 25 61 -0.8198450747229682
18 0 2 0.0
18 1 68 0.0
18 2 1 -0.7548571323854341
18 2 25 -2.8171554431940136
18 2 76 -0.7547109422082677
18 3 80 -0.6928679590999383
18 3 47 -0.6934264800063521
18 4 82 -0.2280960880138012
18 4 79 -1.589869457219454
18 5 84 0.0
18 6 12 0.0
18 7 5 -2.6884961750973875
18 7 7 -2.5881921260216045
18 7 14 -0.15447943506842993
18 8 18 -1.1229653658183593E-4
18 8 9 -9.094423685204832
18 9 22 0.0
18 10 17 -2.670037322425753
18 10 21 -1.0871600643788428
18 10 28 -0.5215871968607668
18 11 11 -1.691602685763378
18 11 27 -0.20361551322258725
18 12 32 -0.3457356984000285
18 12 30 -1.2299729253842502
18 13 40 0.0
18 14 42 -1.523972904668384
18 14 44 -0.24570195107608564
18 15 35 -0.7271240600349278
18 15 37 -0.6602868949322653
18 16 48 -0.22330541282568594
18 16 39 -1.6087907282525342
18 17 52 0.0
18 19 57 0.0
18 20 66 0.0
18 21 70 0.0
18 22 59 -0.19654531028627106
18 22 63 -1.7235258747427173
18 23 65 -0.49291452867915864
18 23 51 -0.9437736420875272
18 24 73 -1.2498605795684101
18 24 75 -0.33763555498793024
18 25 55 -1.4865266149745306
18 25 61 -0.2563860391189797
19 0 2 0.0
19 1 68 0.0
19 2 1 -0.7829616456795795
19 2 25 -2.4548053525707534
19 2 76 -0.7829193694697651
19 3 80 -2.3052171946701896
19 3 78 -0.22249320222262017
19 3 47 -2.3051642603701694
19 4 82 0.0
19 5 84 0.0
19 6 8 -0.6929352556668557
19 6 12 -0.6933591503747154
19 7 5 -2.2011766617067394
19 7 7 -1.7327742840372418
19 7 14 -0.33892780513965987
19 8 18 0.0
19 9 22 0.0
19 10 17 -2.5439092429715724
19 10 21 -1.1824196353684115
19 10 28 -0.4862872158890396
19 11 11 -0.9937414454393124
19 11 27 -0.4623355913105579
19 12 32 0.0
19 13 40 -0.14742079948825132
19 13 31 -1.9872692265503198
19 14 44 0.0
19 15 35 -1.002946682700927
19 15 37 -0.45696423329196884
19 16 48 -0.253800477841079
19 16 39 -1.4954245740122245
19 17 52 -0.5625716942120558
19 17 43 -0.8433701945921854
19 18 56 0.0
19 20 66 0.0
19 21 70 0.0
19 22 59 -1.928075459337583
19 22 63 -0.15715429909401163
19 23 65 -0.4975704300714227
19 23 51 -0.9365088983226055
19 24 73 -1.2483258653254512
19 24 75 -0.33825260521240147
19 25 55 -0.8924180196338641
19 25 61 -0.5270633764514302
20 0 2 0.0
20 1 68 0.0
20 2 1 -1.0623783790408194
20 2 25 -1.1751812138524778
20 2 76 -1.0624611145015759
20 3 80 -0.68662438662323
20 3 47 -0.6997128008376393
20 4 82 -0.6412104629030682
20 4 79 -0.7479298024576606
20 5 84 0.0
20 6 12 0.0
20 7 5 -3.6866149613844303
20 7 7 -3.5602087474655946
20 7 14 -0.05497328384721824
20 8 9 0.0
20 9 22 0.0
20 10 17 -1.4950568138242033
20 10 21 -0.9337159494430696
20 10 26 -2.5730544862122056
20 10 28 -1.1829561411075848
20 11 11 0.0
20 12 30 0.0
20 13 38 0.0
20 14 33 -2.3480132371426428
20 14 42 -0.10043801381996213
20 15 19 -1.1203196703276963
20 15 35 -1.0953428600665338
20 15 37 -1.0805772098040878
20 16 48 0.0
20 17 54 -0.11450948166676507
20 17 41 -2.223806099729121
20 18 53 -0.9003874197726837
20 18 60 -0.5215701013612012
20 19 57 -0.48518449752671333
20 19 45 -0.9560289717660488
20 21 70 0.0
20 22 59 -0.6018435031736525
20 22 63 -0.7936325592496593
20 23 65 -0.004444703013730137
20 23 51 -5.418263754173375
20 24 73 -3.484012352364713
20 24 75 -0.03116466089426164
20 25 67 0.0
21 0 0 -0.6780737465853858
21 0 2 -0.7084513046735619
21 1 68 0.0
21 2 25 0.0
21 3 80 -0.6702867188149557
21 3 47 -0.7165424938055422
21 4 82 -1.348272101730168
21 4 77 -1.0054265662359825
21 4 79 -0.9823694104041659
21 5 4 0.0
21 6 85 -1.3538831042375121
21 6 6 -0.2987235466483699
21 7 14 0.0
21 8 9 0.0
21 9 20 -0.3282218153533732
21 9 22 -1.2736918317141608
21 10 17 -0.715901908432653
21 10 26 -0.6708987314507149
21 11 11 0.0
21 12 30 0.0
21 13 38 0.0
21 14 33 -2.217386840134666
21 14 42 -0.11529109766829129
21 15 19 -1.396607052720483
21 15 35 -1.882117406095499
21 15 37 -1.8725404867181206
21 15 29 -0.8061703964561512
21 16 50 -0.002260512542412999
21 16 13 -6.093293746090317
21 17 54 -0.11307489848016629
21 17 41 -2.2357096202264004
21 18 53 -0.8900305329101982
21 18 60 -0.5287235307227327
21 19 57 -0.43859544371453457
21 19 45 -1.0354731144382494
21 20 64 -0.05246088888781784
21 20 49 -2.973803134951773
21 22 59 -0.6346208269022945
21 22 63 -0.7553129747310441
21 23 71 0.0
21 24 73 -0.033182911640609485
21 24 75 -3.4222658220285953
21 25 67 0.0
22 0 2 0.0
22 1 68 0.0
22 2 1 -0.7548148159769998
22 2 25 -2.8179875953180633
22 2 76 -0.7546474972063849
22 3 80 -0.6929857035804362
22 3 47 -0.6933086836184809
22 4 82 -0.22976345824392305
22 4 79 -1.583388002396399
22 5 84 0.0
22 6 12 0.0
22 7 5 -2.687305037962269
22 7 7 -2.5868530490746364
22 7 14 -0.15469154821870573
22 8 18 -1.5895590896309954E-4
22 8 9 -8.746963173219566
22 9 22 0.0
22 10 17 -2.6758565237906358
22 10 21 -1.1778123296327792
22 10 28 -0.47288703403627835
22 11 11 -1.7021383872119746
22 11 27 -0.20125155596691222
22 12 32 0.0
22 13 40 -0.1647181915964294
22 13 31 -1.8847480428272942
22 14 44 0.0
22 15 35 -1.0210706395112468
22 15 37 -0.4466138428431762
22 16 48 -0.22334433634503056
22 16 39 -1.60863517521443
22 17 52 -0.44522460146151477
22 17 43 -1.023542930429692
22 18 58 0.0
22 19 57 -1.8900868993034035
22 19 62 -0.16376521328313431
22 20 66 0.0
22 21 70 0.0
22 23 65 -0.4923560519379983
22 23 51 -0.9446508902582715
22 24 73 -1.2481868739085342
22 24 75 -0.33830855397918314
22 25 55 -1.046862088704876
22 25 61 -0.4323804181256623
23 0 2 0.0
23 1 68 0.0
23 2 1 -1.3990293388485957
23 2 25 -0.6831156003993117
23 2 76 -1.3938326016320508
23 3 80 -0.6776631248718322
23 3 47 -0.7088747680304416
23 4 82 -2.367469239253246
23 4 79 -0.09840432530735932
23 5 4 -0.04070102472805963
23 5 84 -3.22178349868155
23 6 12 0.0
23 7 7 -4.255248792046162
23 7 14 -0.014291194441020318
23 8 9 0.0
23 9 22 0.0
23 10 17 -1.4947371024078373
23 10 21 -0.932971984326697
23 10 26 -2.580598336008041
23 10 28 -1.1822735775508246
23 11 11 0.0
23 12 30 0.0
23 13 38 0.0
23 14 33 -2.375702728033655
23 14 42 -0.09755676459816673
23 15 19 -1.1203303770071817
23 15 35 -1.0953890087786549
23 15 37 -1.080521450646295
23 16 50 0.0
23 17 54 -0.11329183625845911
23 17 41 -2.2338993497284583
23 18 53 -0.8851622296626557
23 18 60 -0.5321296587996043
23 19 57 -0.4977161787648014
23 19 45 -0.9362828753954819
23 20 64 -0.01663433839404204
23 20 49 -4.104591782233119
23 21 70 0.0
23 22 59 -0.6062070722483177
23 22 63 -0.7883718446547022
23 24 73 -3.631344770539198
23 24 75 -0.026837475109663382
23 25 67 0.0
24 0 0 -0.6250818194689535
24 0 2 -0.7661860163001057
24 1 68 0.0
24 2 25 0.0
24 3 80 -0.6706318624082308
24 3 47 -0.7161811380058576
24 4 82 -1.4666334595743697
24 4 77 -0.9673795186627435
24 4 79 -0.9436068527628892
24 5 4 0.0
24 6 85 -1.4406513774002956
24 6 6 -0.3600961478277599
24 6 12 -2.723916336884663
24 7 14 0.0
24 8 9 0.0
24 9 22 0.0
24 10 17 -1.40724768331403
24 10 21 -1.7312691595658825
24 10 26 -0.9522778691392536
24 10 28 -1.648890009410873
24 11 11 0.0
24 12 30 0.0
24 13 38 0.0
24 14 33 -2.2756561463610594
24 14 42 -0.10839788016216627
24 15 19 -0.8713897363863669
24 15 35 -1.2417982725600318
24 15 37 -1.2283816760689013
24 16 50 0.0
24 17 54 -0.11442190974586498
24 17 41 -2.2245281984346876
24 18 53 -0.878595106215343
24 18 60 -0.5367693492059435
24 19 57 -0.45386276891986804
24 19 45 -1.00832349215825
24 20 64 -0.03245296300044971
24 20 49 -3.444146129047801
24 21 72 0.0
24 22 59 -0.6265457608857325
24 22 63 -0.7645028730548473
24 23 71 -4.685812984349789
24 23 74 -0.009268047571106277
24 25 67 0.0
25 0 2 0.0
25 1 68 0.0
25 2 1 -0.7549068031549151
25 2 25 -2.8162685145421515
25 2 76 -0.7547740985325625
25 3 80 -0.692897457654734
25 3 47 -0.6933969658422635
25 4 82 -0.2281092553615253
25 4 79 -1.5898180652873464
25 5 84 0.0
25 6 12 0.0
25 7 5 -2.6889136141854446
25 7 7 -2.588139610515791
25 7 14 -0.1544509291842664
25 8 18 -1.2767254820466375E-4
25 8 9 -8.966105624619695
25 9 22 0.0
25 10 17 -2.676604254173009
25 10 21 -1.0642685542985895
25 10 28 -0.5340541110551317
25 11 11 -1.6907577172758597
25 11 27 -0.2038064285716903
25 12 32 -0.36977837767228955
25 12 30 -1.1740497634176548
25 13 40 0.0
25 14 42 0.0
25 15 35 -0.7873514316729183
25 15 37 -0.6070583460284364
25 16 48 -0.2233047381154905
25 16 39 -1.6087934249152602
25 17 54 0.0
25 18 53 -3.2362181221603077
25 18 60 -0.04010588493808574
25 19 57 -0.19827189692943925
25 19 45 -1.7156144688244845
25 20 66 0.0
25 21 70 0.0
25 22 59 -0.2925585145782859
25 22 63 -1.3718061097872503
25 23 65 -0.4926623897574252
25 23 51 -0.9441695427556264
25 24 73 -1.2508802409534083
25 24 75 -0.33722632126608637
