0 1 24 0.0
0 2 1 0.0
0 3 78 -0.8003744703293135
0 3 47 -0.5963122279080394
0 4 3 -0.24764086019386367
0 4 77 -1.5170422116405473
0 5 81 -0.25730667486695935
0 5 69 -1.4833828623553325
0 6 85 -0.24288824265648823
0 6 10 -1.5341410644215734
0 7 5 -0.3820582856253854
0 7 7 -1.1471366035266304
0 8 16 -2.322902493242609
0 8 9 -0.10312829861721202
0 9 20 0.0
0 10 26 0.0
0 11 83 0.0
0 12 34 -0.5447160609409046
0 12 23 -0.8675159165041093
0 13 36 -0.6564682700333487
0 13 38 -1.3272828265685646
0 13 31 -1.5319067102773307
0 14 33 0.0
0 15 19 -0.8176523793584463
0 15 29 -0.5824412810006138
0 16 13 0.0
0 17 41 -0.4895174673866031
0 17 43 -0.9491292566911954
0 18 53 -0.7544733489531128
0 18 60 -0.6353655826724339
0 19 57 -0.6103117148613108
0 19 45 -0.7834691769061332
0 20 49 0.0
0 21 15 0.0
0 22 59 -0.7123716989254254
0 22 63 -0.6742852840281026
0 23 65 -3.3317315945119494
0 23 51 -3.1244743066580623
0 23 71 -0.08304603112416375
0 24 73 -0.22152680362241192
0 24 75 -1.6159311694044238
0 25 67 -1.335182028639015
0 25 55 -0.30531702823416396
1 0 0 0.0
1 2 25 0.0
1 3 47 0.0
1 4 3 -1.1932942427195394
1 4 77 -1.0956507424913449
1 4 79 -1.0148486403476185
1 5 81 -0.38888021486395974
1 5 69 -1.1326307838411172
1 6 85 0.0
1 7 5 -0.2807641322147683
1 7 7 -1.4073400495466277
1 8 9 0.0
1 9 20 0.0
1 10 17 -1.2355193709463475
1 10 26 -0.3434538017753826
1 11 83 -0.04667201327533409
1 11 11 -3.087855828168718
1 12 34 -0.5759946397397698
1 12 23 -0.8724523157061708
1 12 30 -3.915572544857099
1 13 38 0.0
1 14 33 -0.1205847762828358
1 14 42 -2.175088835328043
1 15 19 -0.9329938362770238
1 15 37 -3.042953218912198
1 15 29 -0.5817275996213616
1 16 13 0.0
1 17 41 0.0
1 18 53 -1.0364862947589
1 18 60 -0.43803809751454376
1 19 57 -1.3557221086569744
1 19 45 -0.29808411420501724
1 20 49 0.0
1 21 15 0.0
1 22 59 -2.388750160703741
1 22 63 -0.09622930771265006
1 23 65 -4.25559707492906
1 23 51 -3.935214526423904
1 23 71 -0.034307971126558555
1 24 73 -0.19963151692047185
1 24 75 -1.70943780581131
1 25 67 -0.32199821329113737
1 25 55 -1.289891996714507
2 0 0 0.0
2 1 24 0.0
2 3 78 -0.8017833167942655
2 3 47 -0.5951649054153195
2 4 3 -1.045001405031721
2 4 77 -0.43338834611059446
2 5 81 -0.25624129373429627
2 5 69 -1.487022050332996
2 6 85 -0.24288859720850503
2 6 10 -1.534139774796174
2 7 5 -0.3821088165186799
2 7 7 -1.14702801305619
2 8 16 -2.3251192602225155
2 8 9 -0.10288777880573145
2 9 20 0.0
2 10 26 0.0
2 11 83 0.0
2 12 34 -0.5447537465325565
2 12 23 -0.8674638754541582
2 13 36 -0.6563788814881928
2 13 38 -1.3276288150002873
2 13 31 -1.5316967915830997
2 14 33 0.0
2 15 19 -0.817673451011212
2 15 29 -0.5824246261965891
2 16 13 0.0
2 17 41 -0.48920071788882424
2 17 43 -0.9496310218875873
2 18 53 -0.7544759654559374
2 18 60 -0.6353632599768742
2 19 57 -0.6106205657022219
2 19 45 -0.7831020608887235
2 20 49 0.0
2 21 15 0.0
2 22 59 -0.7132278956611466
2 22 63 -0.6734617754913924
2 23 65 -3.3494570839421454
2 23 51 -3.1409766729715822
2 23 71 -0.08158317549430694
2 24 73 -0.22133997215187948
2 24 75 -1.6166849351410277
2 25 67 -1.3352884548365975
2 25 55 -0.3052790309551313
3 0 2 0.0
3 1 46 0.0
3 2 1 -1.750882058102779
3 2 25 -0.44854731024907807
3 2 76 -1.6722490353979813
3 4 79 0.0
3 5 81 -0.37513515445602763
3 5 69 -1.162179744991668
3 6 85 0.0
3 7 5 -0.2808376404521543
3 7 7 -1.407113305176005
3 8 9 0.0
3 9 20 0.0
3 10 17 -1.2312780884945744
3 10 26 -0.3451971247456239
3 11 83 -0.046886309729516226
3 11 11 -3.0833811091881906
3 12 34 -0.5913323397625527
3 12 23 -0.8724528651100703
3 12 30 -3.558356622404993
3 13 38 0.0
3 14 33 -0.11321117797891797
3 14 42 -2.234571986589703
3 15 19 -0.933008618502855
3 15 37 -3.042889212792696
3 15 29 -0.5817226578702973
3 16 13 0.0
3 17 41 0.0
3 18 53 -1.0358179152461058
3 18 60 -0.43840567198464914
3 19 57 -1.3558013937800129
3 19 45 -0.2980565819258403
3 20 49 0.0
3 21 15 0.0
3 22 59 -2.3354365878394145
3 22 63 -0.10177608681883994
3 23 65 -4.263576998601909
3 23 51 -3.947567103766208
3 23 71 -0.033943084287058854
3 24 73 -0.19996418705918384
3 24 75 -1.7079335716696609
3 25 67 -0.3221237797161067
3 25 55 -1.2895615317437614
4 0 2 0.0
4 1 24 -0.09403762014891032
4 1 46 -2.4107107382330293
4 2 1 -1.5909006579683396
4 2 76 -0.22783205920134866
4 3 78 0.0
4 5 81 -1.2090815892700513
4 5 69 -0.3544934291888982
4 6 85 -0.2428957679770733
4 6 10 -1.5341136927447656
4 7 5 -0.38209550276285253
4 7 7 -1.1470566225304728
4 8 16 -2.3321410172725234
4 8 9 -0.10212980453526724
4 9 20 0.0
4 10 26 0.0
4 11 83 0.0
4 12 34 -0.5447781321274336
4 12 23 -0.8674302032166825
4 13 36 -0.6563194158851089
4 13 38 -1.3299341039184742
4 13 31 -1.5290191722676076
4 14 33 0.0
4 15 19 -0.8177463266113855
4 15 29 -0.582367030962651
4 16 13 0.0
4 17 41 -0.489639511015996
4 17 43 -0.9489360360499121
4 18 53 -0.7544840663560624
4 18 60 -0.6353560688000713
4 19 57 -0.6105150693586735
4 19 45 -0.7832274313723127
4 20 49 0.0
4 21 15 0.0
4 22 59 -0.7137913558450367
4 22 63 -0.6729205812660977
4 23 65 -3.703374730526307
4 23 51 -3.441871244790039
4 23 71 -0.05831257983639938
4 24 73 -0.20183647575732416
4 24 75 -1.6995188340050438
4 25 67 -1.3353412667522364
4 25 55 -0.3052601775869029
5 0 0 -1.798661756910017
5 0 2 -0.18094679788699514
5 1 68 0.0
5 2 25 0.0
5 3 80 -0.0016032075082054228
5 3 47 -6.4365504604822
5 4 77 -0.4938940987741896
5 4 79 -0.9422379825449244
5 6 85 0.0
5 7 5 -0.2809093394598665
5 7 7 -1.4068922071471934
5 8 9 0.0
5 9 20 0.0
5 10 17 -1.245463915420817
5 10 26 -0.33940684079978467
5 11 83 -0.046872185630193415
5 11 11 -3.0836753891331807
5 12 34 -0.5789745607849228
5 12 23 -0.8724919817288154
5 12 30 -3.8342119636992646
5 13 38 0.0
5 14 33 -0.118890576929879
5 14 42 -2.1884081312575985
5 15 19 -0.9329846408850222
5 15 37 -3.042841566015579
5 15 29 -0.5817435993700159
5 16 13 0.0
5 17 41 0.0
5 18 53 -1.0360798384098031
5 18 60 -0.4382615822958286
5 19 57 -1.3556896280013104
5 19 45 -0.29809539417503056
5 20 49 0.0
5 21 15 0.0
5 22 59 -2.3770594958239193
5 22 63 -0.09741783507331878
5 23 65 -4.285030417734579
5 23 51 -3.9666366102032513
5 23 71 -0.03325716066896353
5 24 73 -0.2009210180354353
5 24 75 -1.7036224154469322
5 25 67 -0.32157292849332436
5 25 55 -1.2910123794448343
6 0 2 0.0
6 1 68 0.0
6 2 1 -0.9135081843579722
6 2 25 -1.6252406896774967
6 2 76 -0.9112505928849766
6 3 80 -0.6777071426176092
6 3 47 -0.7088293567839533
6 4 82 -1.5340348377519224
6 4 79 -0.24291744912178925
6 5 84 0.0
6 7 5 -1.490653251867304
6 7 7 -0.2551832319709327
6 8 9 0.0
6 9 20 0.0
6 10 17 -0.5599813131056359
6 10 26 -0.8468107012364581
6 11 11 0.0
6 12 34 -0.6508481167884316
6 12 23 -0.8701293675708559
6 12 30 -2.8217884233440236
6 13 38 0.0
6 14 33 -0.14606078292727936
6 14 42 -1.9958740655866198
6 15 19 -1.2099377123757298
6 15 37 -1.9444831313695232
6 15 29 -0.5821014600563555
6 16 13 0.0
6 17 41 0.0
6 18 53 -1.0921020334298133
6 18 60 -0.4087361988029813
6 19 57 -1.3352405050626845
6 19 45 -0.3052961497537956
6 20 49 0.0
6 21 15 0.0
6 22 59 -1.6117458595232268
6 22 63 -0.22256739586689336
6 23 65 -2.812544275577368
6 23 51 -2.0517369950743474
6 23 71 -0.2089491388193554
6 24 73 -0.26037258793002843
6 24 75 -1.4730047861724247
6 25 67 -0.33968819277912127
6 25 55 -1.244768037026994
7 0 0 -1.0701303181326012
7 0 2 -0.4200161936754502
7 1 68 0.0
7 2 25 0.0
7 3 80 -0.6261360159701139
7 3 47 -0.7649734371010525
7 4 82 -2.2663814726270894
7 4 77 -0.6250829575347403
7 4 79 -1.018610657079411
7 5 4 0.0
7 6 85 -1.6287186641002769
7 6 6 -0.21838089408461916
7 8 9 0.0
7 9 20 0.0
7 10 17 -0.5599971421080676
7 10 26 -0.8467896142776281
7 11 11 0.0
7 12 34 -0.7803322318342567
7 12 23 -0.8731834318614173
7 12 30 -2.086455729241951
7 13 38 0.0
7 14 33 -0.2221460991672786
7 14 42 -1.6134377000011235
7 15 19 -1.147513011699992
7 15 37 -1.8388738898558636
7 15 29 -0.6470684874093602
7 16 13 0.0
7 17 41 0.0
7 18 53 -1.9835948314524716
7 18 60 -0.14800569052222648
7 19 57 -0.3247661931800637
7 19 45 -1.282642002306327
7 20 64 -0.1456135401652765
7 20 49 -1.9987226070754067
7 21 15 0.0
7 22 59 -0.41402372015444106
7 22 63 -1.0817117283188582
7 23 51 -4.528143339625145
7 23 71 -0.010859461814545569
7 24 73 -0.007525708478494744
7 24 75 -4.893190817207957
7 25 67 -0.04385559732497833
7 25 55 -3.148700583106117
8 0 2 0.0
8 1 68 0.0
8 2 1 -0.8886285621517379
8 2 25 -1.729271649035917
8 2 76 -0.8882693006767726
8 3 80 -0.6881654416931415
8 3 47 -0.6981538614554015
8 4 82 -0.6123069723576647
8 4 79 -0.7811018788844541
8 5 84 0.0
8 6 8 0.0
8 7 5 -1.608444570475566
8 7 7 -0.22339204105674312
8 9 20 0.0
8 10 17 0.0
8 11 11 -0.48234226196212565
8 11 27 -0.9605972670854425
8 12 34 -0.6550569509081838
8 12 23 -0.7327459250810563
8 13 36 -0.2517450834441977
8 13 31 -1.5025715625575893
8 14 33 0.0
8 15 19 -0.8017958769916408
8 15 29 -0.5951546899469712
8 16 39 -0.4154235800160448
8 16 13 -1.0789880095957938
8 17 41 -0.6840817641871293
8 17 43 -0.7022955311128144
8 18 53 0.0
8 19 57 -0.8042011243209507
8 19 45 -0.5932027318316847
8 20 49 0.0
8 21 15 0.0
8 22 59 -0.7697710267409001
8 22 63 -0.6219789931697186
8 23 65 -1.4989757778390544
8 23 51 -0.8960892979067123
8 23 71 -0.9983730701499052
8 24 73 -1.133972278694815
8 24 75 -0.388243195492468
8 25 67 -2.0857642202437194
8 25 55 -0.47300382744384123
8 25 61 -1.375709952625309
9 0 2 0.0
9 1 68 -0.6180624015299905
9 1 24 -1.4521561735081996
9 1 46 -1.4830380070648042
9 2 1 -0.6931252226245741
9 2 76 -0.6931691389774781
9 3 78 0.0
9 4 82 0.0
9 5 81 -0.9617832355526929
9 5 84 -0.4816078281919424
9 6 8 -0.4715714678793664
9 6 10 -0.9782216387669724
9 7 5 -1.1741796940404956
9 7 7 -0.36972025038447354
9 8 16 0.0
9 10 21 0.0
9 11 27 0.0
9 12 23 0.0
9 13 31 0.0
9 14 33 0.0
9 15 19 -4.304313804579859
9 15 35 -0.657854028074835
9 15 37 -6.139868744169388
9 15 29 -0.7627696073485474
9 16 39 -0.3823388921871466
9 16 13 -1.1465338007014558
9 17 41 -1.3876510947573393
9 17 43 -0.28723023664813524
9 18 53 -0.8013603547255159
9 18 56 -0.5955090451034368
9 19 45 0.0
9 20 49 0.0
9 21 70 -0.7719151017322661
9 21 15 -0.6201331774753055
9 22 59 -0.5431250031839975
9 22 63 -0.8697173198480918
9 23 65 -0.9188449441433101
9 23 51 -0.5091264328458912
9 24 73 -0.5078511038319012
9 24 75 -0.920769167425314
9 25 67 -5.2594519530891235
9 25 55 -0.5903098333066108
9 25 61 -0.8195128003190362
10 0 2 0.0
10 1 68 -0.4923537974048827
10 1 24 -1.618755857273618
10 1 46 -1.6572171675589737
10 2 1 -0.6933008457507696
10 2 76 -0.692993538978484
10 3 78 0.0
10 4 82 0.0
10 5 81 -1.1801157488558667
10 5 84 -0.3670762410790932
10 6 8 -0.4748882038971659
10 6 10 -0.9727409442228326
10 7 5 -1.2533449154439575
10 7 7 -0.336239552634109
10 8 16 0.0
10 9 20 0.0
10 11 27 0.0
10 12 34 -0.921930195710442
10 12 23 -0.5070835727068502
10 13 36 -0.2988599184420091
10 13 31 -1.3534914887376013
10 14 33 0.0
10 15 19 -2.8815813911001933
10 15 29 -0.057677908490723725
10 16 39 -0.37962999748867315
10 16 13 -1.1523754299903541
10 17 41 -0.8410451628278858
10 17 43 -0.5643311024373566
10 18 53 0.0
10 19 57 -0.8282545047105873
10 19 45 -0.5741401351107588
10 20 49 0.0
10 21 15 0.0
10 22 59 -0.7492549502300265
10 22 63 -0.6400209459275267
10 23 65 -1.4942770119899487
10 23 51 -0.590388862255215
10 23 71 -1.5074345551267085
10 24 73 -1.3583494068398114
10 24 75 -0.29717333135147345
10 25 67 -4.902032646199823
10 25 55 -0.3053533782530451
10 25 61 -1.3637284931921083
11 0 2 0.0
11 1 68 -2.427685862985135
11 1 24 -0.8769764166167076
11 1 46 -0.7017434994304127
11 2 1 -0.7691570903684145
11 2 76 -0.6225088840923374
11 3 78 0.0
11 4 82 0.0
11 5 81 -0.046929419142514
11 5 84 -3.0824834721791388
11 6 10 0.0
11 7 5 -0.673450224130308
11 7 7 -0.7132399157723281
11 8 16 -1.4851400200953881
11 8 9 -0.25679163686175416
11 9 20 0.0
11 10 26 0.0
11 12 34 -0.5447824341906743
11 12 23 -0.8674242630233466
11 13 36 -0.6561259616801435
11 13 38 -2.0706810265006474
11 13 31 -1.0355174825584714
11 14 33 0.0
11 15 19 -0.857930957174877
11 15 29 -0.5517145114582817
11 16 13 0.0
11 17 41 -0.7066458163538777
11 17 43 -0.6798283337222774
11 18 53 -0.7543628333053108
11 18 60 -0.6354636989881386
11 19 57 -0.6609250044268677
11 19 45 -0.7264422936091437
11 20 49 0.0
11 21 15 0.0
11 22 59 -0.6387180437877856
11 22 63 -0.7507102432605443
11 23 65 -2.6286017570143296
11 23 51 -2.1513000757572427
11 23 71 -0.2088858445451661
11 24 73 -0.259896109655564
11 24 75 -1.4746085272272735
11 25 67 -1.3387768183625266
11 25 55 -0.3040366143585247
12 0 2 0.0
12 1 68 0.0
12 2 1 -0.8383831005018593
12 2 25 -2.0078459896636884
12 2 76 -0.8362943005934165
12 3 80 -1.7967488386999249
12 3 78 -0.39564385903221094
12 3 47 -1.8268703035497407
12 4 82 0.0
12 5 84 0.0
12 6 8 -0.4553769258300905
12 6 12 -1.005692800248463
12 7 5 -1.2720104668407501
12 7 7 -0.32887578367827885
12 8 18 0.0
12 9 22 0.0
12 10 17 -3.776954553191461
12 10 21 -0.7476283315139788
12 10 28 -0.6859342202317132
12 11 11 -1.2293607266326982
12 11 27 -0.34598866370763093
12 13 31 0.0
12 14 33 0.0
12 15 35 -0.018129154875606256
12 15 37 -4.0192847530433635
12 16 39 0.0
12 17 41 -1.3876513595027014
12 17 43 -0.287230148559156
12 18 53 -0.801210346979652
12 18 56 -0.5956311611366251
12 19 45 0.0
12 20 49 0.0
12 21 70 -0.8708663668624603
12 21 15 -0.5422969251930402
12 22 59 -0.5502706486497165
12 22 63 -0.8598954666554657
12 23 65 -0.9182796593431986
12 23 51 -0.5095018664105216
12 24 73 -0.4430295455245438
12 24 75 -1.0274687921605359
12 25 67 -6.838209411096704
12 25 55 -0.8047951182438937
12 25 61 -0.5946630563858394
13 0 2 0.0
13 1 68 0.0
13 2 1 -0.7170819834814035
13 2 25 -3.7648178231709113
13 2 76 -0.7161016595641837
13 3 80 -0.6629180976158479
13 3 47 -0.7243186215738695
13 4 82 -0.04756248999092477
13 4 79 -3.069397842637451
13 5 84 0.0
13 6 12 0.0
13 7 5 -1.8361424062175986
13 7 7 -0.17367654771272958
13 8 18 -0.09542232179233705
13 8 9 -2.3967745440461723
13 9 22 0.0
13 10 17 -3.3627794057231197
13 10 21 -1.5194342243090975
13 10 28 -0.2923255211824327
13 11 11 -1.22839457274263
13 11 27 -0.3463883316300017
13 12 30 0.0
13 14 33 -1.9465287339332062
13 14 42 -0.15404761953920032
13 15 35 -2.859127221093132
13 15 37 -0.05902708642134297
13 16 39 0.0
13 17 41 0.0
13 18 53 0.0
13 19 57 -0.35661653567301793
13 19 45 -1.2041091035477773
13 20 49 0.0
13 21 70 -0.2977185601752046
13 21 15 -1.3567754909679628
13 22 59 -0.7301639589598921
13 22 63 -0.6574518729498343
13 23 65 -0.9179326987928339
13 23 51 -0.5097324750518195
13 24 73 -1.329723900248084
13 24 75 -0.3072731212755049
13 25 67 -5.9651485681459215
13 25 55 -0.2989848434679871
13 25 61 -1.3631143543558497
14 0 2 0.0
14 1 68 0.0
14 2 1 -0.8156967938788527
14 2 25 -2.1661410107158616
14 2 76 -0.8140728398412731
14 3 80 -1.5087988095666562
14 3 78 -0.569389955557166
14 3 47 -1.5466792490683599
14 4 82 0.0
14 5 84 0.0
14 6 8 -0.4654196977947438
14 6 12 -0.9885161445005228
14 7 5 -1.2931474432248844
14 7 7 -0.3207642991351602
14 8 18 0.0
14 9 22 0.0
14 10 17 -3.480355085795952
14 10 21 -0.8857874549854763
14 10 28 -0.5855236334198027
14 11 11 -1.2293738394953895
14 11 27 -0.3459832430762281
14 12 32 0.0
14 13 40 -0.2867751148306254
14 13 31 -1.3890201798854087
14 15 35 -0.6550762385145154
14 15 37 -0.732725079715703
14 16 39 0.0
14 17 43 0.0
14 18 53 -1.7038698816854265
14 18 56 -0.20086595814528985
14 19 45 0.0
14 20 49 -3.192441226221771
14 20 66 -0.04193874668089237
14 21 70 -0.0939736988063839
14 21 15 -2.411359251604459
14 22 59 -2.282112264425169
14 22 63 -0.1076613644064972
14 23 65 -0.19897601161920778
14 23 51 -1.7124099120003105
14 24 73 -1.812932698984483
14 24 75 -0.17814018082334127
14 25 55 -0.8754780128725593
14 25 61 -0.5389898754148902
15 0 2 0.0
15 1 68 0.0
15 2 1 -0.805565635327231
15 2 25 -2.2431755900604013
15 2 76 -0.8050984372226603
15 3 80 -2.176566144535168
15 3 78 -0.25673716328504675
15 3 47 -2.1803840637745755
15 4 82 0.0
15 5 84 0.0
15 6 8 0.0
15 7 5 -1.2926220346978272
15 7 7 -0.3209630704639544
15 8 18 0.0
15 9 20 -0.7324466459870616
15 9 22 -0.655333939334448
15 10 17 -3.34999075334081
15 10 28 -0.03571493125028804
15 11 11 -1.2203833132707904
15 11 27 -0.34972347997507036
15 12 34 0.0
15 13 36 -0.18889137756845992
15 13 31 -1.7595426168785173
15 14 33 0.0
15 16 39 -0.3682967494546552
15 16 13 -1.1773692602360304
15 17 41 -0.5304011285212256
15 17 43 -0.8876277452833942
15 18 53 0.0
15 19 57 -0.6155541758463606
15 19 45 -0.7772711697485035
15 20 49 0.0
15 21 70 -0.45627511984650837
15 21 15 -1.00413742032406
15 22 59 -0.9488873390472302
15 22 63 -0.4896702754932169
15 23 65 -1.038677013820446
15 23 51 -0.4368359790922384
15 24 73 -1.1779547950001585
15 24 75 -0.3680361381653895
15 25 67 -5.285067428747243
15 25 55 -0.3022222285902101
15 25 61 -1.3635176182449367
16 0 2 0.0
16 1 68 0.0
16 2 1 -1.1807161951986564
16 2 25 -0.9528781700114539
16 2 76 -1.179892617245503
16 3 80 -0.6797950931488415
16 3 47 -0.7066799615667498
16 4 82 -0.8935035805747237
16 4 79 -0.5263107429332737
16 5 84 0.0
16 6 12 0.0
16 7 5 -1.3536424025514786
16 7 7 -0.2988073573790376
16 8 9 0.0
16 9 22 0.0
16 10 17 -2.4541683740381885
16 10 21 -1.2798929662647118
16 10 26 -2.554608188540777
16 10 28 -0.5829024804192121
16 11 11 0.0
16 12 30 0.0
16 13 38 0.0
16 14 33 -1.0716939209027758
16 14 42 -0.4192009847346635
16 15 19 -1.1750556834518524
16 15 35 -1.7785531919524733
16 15 37 -0.6494826920478157
16 17 41 0.0
16 18 53 -1.9171277433904317
16 18 60 -0.1590293314324893
16 19 57 -0.24215429157220109
16 19 45 -1.536815246899137
16 20 49 0.0
16 21 70 -0.035259270126223353
16 21 15 -3.362604636921123
16 22 59 -0.31323293807425184
16 22 63 -1.3133398407866168
16 23 65 -4.831974154161162
16 23 51 -0.008002706601528277
16 24 73 -4.117410685520001
16 24 75 -0.0164207161334113
16 25 67 -0.08177999205971126
16 25 55 -2.5443340074021195
17 0 2 0.0
17 1 68 0.0
17 2 1 -0.7151097905011272
17 2 25 -3.845489294163851
17 2 76 -0.7144001248502108
17 3 80 -0.6648187905705084
17 3 47 -0.7223015229747172
17 4 82 -0.047770157632857836
17 4 79 -3.0651441495489915
17 5 84 0.0
17 6 12 0.0
17 7 5 -1.7713909685630307
17 7 7 -0.18644551948581725
17 8 18 -0.10286102597136826
17 8 9 -2.3253661664783807
17 9 22 0.0
17 10 17 -3.4788450069176786
17 10 21 -0.8858863670195732
17 10 28 -0.5855339636464197
17 11 11 -1.23157679390092
17 11 27 -0.3450740039501004
17 12 32 -0.2872339185599723
17 12 30 -1.3876400291083684
17 13 40 0.0
17 14 42 0.0
17 15 35 -0.6856453261451919
17 15 37 -0.7007057384434643
17 16 39 0.0
17 18 53 0.0
17 19 57 -0.46302939087865563
17 19 45 -0.992562173657869
17 20 49 -5.1230070149540285
17 20 66 -0.0059759000717152806
17 21 70 -0.024817283647694623
17 21 15 -3.7085979268269593
17 22 59 -0.17254032300430924
17 22 63 -1.842154358906765
17 23 65 -0.234927711109755
17 23 51 -1.5636427105177253
17 24 73 -2.0839837460877315
17 24 75 -0.13288418722161915
17 25 55 -0.29703915070908726
17 25 61 -1.358737258929948
18 0 2 0.0
18 1 68 0.0
18 2 1 -0.7239048032976231
18 2 25 -3.5058240253428417
18 2 76 -0.7233534601057913
18 3 80 -0.6780566934515919
18 3 47 -0.7084688840928896
18 4 82 -0.08838551967798461
18 4 79 -2.469914408326372
18 5 84 0.0
18 6 12 0.0
18 7 5 -2.868793449130309
18 7 7 -2.4654684623356253
18 7 14 -0.1528440078685986
18 8 18 -0.1565382414936423
18 8 9 -1.931703264206999
18 9 22 0.0
18 10 17 -3.5515541247364295
18 10 21 -0.8805205306595697
18 10 28 -0.5856337520141207
18 11 11 -1.1705349284571012
18 11 27 -0.3713549724410117
18 12 32 -0.11883060973460965
18 12 30 -2.1888832585535023
18 13 40 0.0
18 14 42 -1.029255135519848
18 14 44 -0.4420351883344639
18 15 35 -0.6550821291802924
18 15 37 -0.7327187134584457
18 16 48 -0.24081878481674251
18 16 39 -1.5417047140596016
18 17 52 0.0
18 19 57 0.0
18 20 66 0.0
18 21 70 0.0
18 22 59 -1.6422257318460877E-4
18 22 63 -8.714370006838202
18 23 65 -0.2741097384309207
18 23 51 -1.4281529017933547
18 24 73 -1.9942158857567076
18 24 75 -0.1463218095027935
18 25 55 -1.9172040541488724
18 25 61 -0.15901617815736566
19 0 2 0.0
19 1 68 0.0
19 2 1 -0.9438796955577295
19 2 25 -1.507897901427107
19 2 76 -0.9428659846920625
19 3 80 -1.8120130956150158
19 3 78 -0.39251983118954376
19 3 47 -1.8243527249443807
19 4 82 0.0
19 5 84 0.0
19 6 8 -1.1330834922518151
19 6 12 -0.3886651018018605
19 7 5 -2.3388149119837682
19 7 7 -1.7044407962957604
19 7 14 -0.32616780513470445
19 8 18 0.0
19 9 22 0.0
19 10 17 -3.363768015915243
19 10 21 -0.8885834940518854
19 10 28 -0.5903063067685788
19 11 11 -1.009833461069648
19 11 27 -0.45299649985166
19 12 32 0.0
19 13 40 -0.00462018334137182
19 13 31 -5.379630092646552
19 14 44 0.0
19 15 35 -0.6551125906709325
19 15 37 -0.7326857938600071
19 16 48 -0.4922934635284178
19 16 39 -0.9447492818586666
19 17 52 -0.6138749827752453
19 17 43 -0.7792487197057529
19 18 56 0.0
19 20 66 0.0
19 21 70 0.0
19 22 59 -8.590364957745956
19 22 63 -1.8590551328221224E-4
19 23 65 -0.387929243805214
19 23 51 -1.1346344049263415
19 24 73 -2.0186528804772625
19 24 75 -0.1425251881328606
19 25 55 -0.9252337398070686
19 25 61 -0.5049077435603111
20 0 2 0.0
20 1 68 0.0
20 2 1 -1.1388799159318177
20 2 25 -1.0229065840912321
20 2 76 -1.138577803445192
20 3 80 -0.6856238827623338
20 3 47 -0.7007275076869633
20 4 82 -0.893497431467541
20 4 79 -0.5263150022947647
20 5 84 0.0
20 6 12 0.0
20 7 5 -2.8664915793210044
20 7 7 -2.0305186583733694
20 7 14 -0.2084589253527513
20 8 9 0.0
20 9 22 0.0
20 10 17 -2.453404902904845
20 10 21 -1.280074261884246
20 10 26 -2.5545609226562678
20 10 28 -0.5829363345372099
20 11 11 0.0
20 12 30 0.0
20 13 38 0.0
20 14 33 -1.5277965640782647
20 14 42 -0.2446395892973642
20 15 19 -1.1751478559910198
20 15 35 -1.7781215864546502
20 15 37 -0.6495677869566256
20 16 48 0.0
20 17 54 -0.05964108484393693
20 17 41 -2.8490829354028064
20 18 53 -1.6634941357288864
20 18 60 -0.21007404071960892
20 19 57 -0.24195260980621866
20 19 45 -1.5375516819398474
20 21 70 0.0
20 22 59 -0.0943060617683141
20 22 63 -2.407992299957071
20 23 65 -0.25218623428237213
20 23 51 -1.5010320472523062
20 24 73 -2.0267669451354915
20 24 75 -0.14128805301129663
20 25 67 0.0
21 0 0 -1.2101169579069697
21 0 2 -0.35405324778888214
21 1 68 0.0
21 2 25 0.0
21 3 80 -0.6360743546639274
21 3 47 -0.7536755246946645
21 4 82 -1.8593191431874905
21 4 77 -0.7279653804635198
21 4 79 -1.017961249833289
21 5 4 0.0
21 6 85 -1.4959992499563823
21 6 6 -0.2536345070360421
21 7 14 0.0
21 8 9 0.0
21 9 20 -0.4942373823604796
21 9 22 -0.9417007341765984
21 10 17 -0.5618930754117637
21 10 26 -0.8442695218705994
21 11 11 0.0
21 12 30 0.0
21 13 38 0.0
21 14 33 -1.5538714984559334
21 14 42 -0.23753136720646412
21 15 19 -1.1775955399134683
21 15 35 -1.8140964077606114
21 15 37 -1.055639218463343
21 15 29 -1.7091118959220686
21 16 50 -0.05560117379154164
21 16 13 -2.9172227446986088
21 17 54 -0.24091092323913904
21 17 41 -1.5413664040246748
21 18 53 -1.1170986899238688
21 18 60 -0.39634850300617575
21 19 57 -0.33038894207208663
21 19 45 -1.2681351051010545
21 20 64 -0.2368545328577709
21 20 49 -1.5563999670357722
21 22 59 -0.48739287233574613
21 22 63 -0.9525027262432527
21 23 71 0.0
21 24 73 -2.7759043164218166E-4
21 24 75 -8.189502590078787
21 25 67 0.0
22 0 2 0.0
22 1 68 0.0
22 2 1 -0.7194614677430621
22 2 25 -3.658118275559892
22 2 76 -0.7190711992432545
22 3 80 -0.6788176161813692
22 3 47 -0.7076850701802814
22 4 82 -0.09206474062213259
22 4 79 -2.430942479067543
22 5 84 0.0
22 6 12 0.0
22 7 5 -2.8726948933911727
22 7 7 -2.459035479468596
22 7 14 -0.15322545871380736
22 8 18 -0.12257673930234614
22 8 9 -2.15968040582288
22 9 22 0.0
22 10 17 -3.4746783079016996
22 10 21 -0.8861028347836801
22 10 28 -0.5856049621507886
22 11 11 -1.177957396517912
22 11 27 -0.36803498076726493
22 12 32 0.0
22 13 40 -0.012222921223443609
22 13 31 -4.410547536779925
22 14 44 0.0
22 15 35 -0.7124713037620415
22 15 37 -0.6741894108199665
22 16 48 -0.25465746120421806
22 16 39 -1.4924640146721175
22 17 52 -0.14039561820974197
22 17 43 -2.0326676524416323
22 18 58 0.0
22 19 57 -7.762080178563971
22 19 62 -4.256609776591105E-4
22 20 66 0.0
22 21 70 0.0
22 23 65 -0.28091535526222083
22 23 51 -1.4068736591777597
22 24 73 -1.9954472488186203
22 24 75 -0.14612792349919634
22 25 55 -2.10253475858008
22 25 61 -0.13027546899262207
23 0 2 0.0
23 1 68 0.0
23 2 1 -1.5708206243648952
23 2 25 -0.5378167136658033
23 2 76 -1.5697196020887034
23 3 80 -0.6521549181702094
23 3 47 -0.735891901638049
23 4 82 -2.0291806780853623
23 4 79 -0.14092226229619542
23 5 4 -0.20791793872770606
23 5 84 -1.6727701757374562
23 6 12 0.0
23 7 7 -6.847586651267394
23 7 14 -0.0010625799548910214
23 8 9 0.0
23 9 22 0.0
23 10 17 -2.4531529763559288
23 10 21 -1.2800848457023872
23 10 26 -2.5545349455928963
23 10 28 -0.5829734958110657
23 11 11 0.0
23 12 30 0.0
23 13 38 0.0
23 14 33 -1.5539687805866742
23 14 42 -0.23750528603879564
23 15 19 -1.175112725521285
23 15 35 -1.7782287041052047
23 15 37 -0.6495539061982994
23 16 50 0.0
23 17 54 -0.19644580471789774
23 17 41 -1.7239841513983647
23 18 53 -1.6636055924511948
23 18 60 -0.2100479873392185
23 19 57 -0.24200859996944388
23 19 45 -1.5373471662212277
23 20 64 -0.22768181525039735
23 20 49 -1.5914880530922464
23 21 70 0.0
23 22 59 -0.17430146874409436
23 22 63 -1.8328540795840806
23 24 73 -8.389981164927226
23 24 75 -2.2715735463609644E-4
23 25 67 0.0
24 0 0 -1.1614943945156124
24 0 2 -0.3754472734515511
24 1 68 0.0
24 2 25 0.0
24 3 80 -0.6406896584092834
24 3 47 -0.7485095799217468
24 4 82 -1.7373948557369678
24 4 77 -0.7713198984745117
24 4 79 -1.017162984631959
24 5 4 0.0
24 6 85 -2.3751627292347433
24 6 6 -0.28259399031359805
24 6 12 -1.8761751380985625
24 7 14 0.0
24 8 9 0.0
24 9 22 0.0
24 10 17 -0.9973323988445373
24 10 21 -1.950416055076081
24 10 26 -2.1258581936892433
24 10 28 -0.9953542656000289
24 11 11 0.0
24 12 30 0.0
24 13 38 0.0
24 14 33 -1.553974890188111
24 14 42 -0.23750364817280134
24 15 19 -1.1848569024668174
24 15 35 -1.8530193993677198
24 15 37 -0.6209252302582099
24 16 50 0.0
24 17 54 -0.2358841248453908
24 17 41 -1.5600393390636564
24 18 53 -1.4410781416356677
24 18 60 -0.27006805364493175
24 19 57 -0.2496908916012021
24 19 45 -1.5097806229479274
24 20 64 -0.2274857615557152
24 20 49 -1.5922551985194813
24 21 72 0.0
24 22 59 -0.24913405063138105
24 22 63 -1.5117463757716387
24 23 71 -7.929725018996941
24 23 74 -3.599501352408461E-4
24 25 67 0.0
25 0 2 0.0
25 1 68 0.0
25 2 1 -0.7254225585681674
25 2 25 -3.457373059419277
25 2 76 -0.7249111385905355
25 3 80 -0.6809549887415366
25 3 47 -0.7054898585632596
25 4 82 -0.09068779507197466
25 4 79 -2.445333737464984
25 5 84 0.0
25 6 12 0.0
25 7 5 -3.213141020466755
25 7 7 -2.273989769841407
25 7 14 -0.1544700682401028
25 8 18 -0.17760195350975655
25 8 9 -1.8156975021231578
25 9 22 0.0
25 10 17 -3.3627118914515233
25 10 21 -0.8920565553609218
25 10 28 -0.5878025556914744
25 11 11 -1.173120530867863
25 11 27 -0.37019440889211325
25 12 32 -0.2872318340628564
25 12 30 -1.3876462938535854
25 13 40 0.0
25 14 42 0.0
25 15 35 -0.7859276802363477
25 15 37 -0.6082487697021716
25 16 48 -0.22996477297790383
25 16 39 -1.5826090079707351
25 17 54 0.0
25 18 53 -3.226575800807473
25 18 60 -0.040502445287116
25 19 57 -0.20087858920599877
25 19 45 -1.7038131048658953
25 20 66 0.0
25 21 70 0.0
25 22 59 -0.018320038518015957
25 22 63 -4.008905852199216
25 23 65 -0.26419981436726375
25 23 51 -1.4602427890034986
25 24 73 -2.237657121073829
25 24 75 -0.11284200586920054
