0 1 24 0.0
0 2 1 0.0
0 3 78 -0.6154506500297011
0 3 47 -0.7773928809004034
0 4 3 -0.38410997080119497
0 4 77 -1.14274139167736
0 5 81 -0.5498491352021578
0 5 69 -0.8604702393424764
0 6 85 -0.553750123098852
0 6 10 -0.8551726540572664
0 7 5 -0.27530458108917255
0 7 7 -1.4243734838770665
0 8 16 -1.076084141329673
0 8 9 -0.41692240417610515
0 9 20 0.0
0 10 26 0.0
0 11 83 0.0
0 12 34 -0.3780432667186301
0 12 23 -1.1558204741070215
0 13 36 -0.7785561642693499
0 13 38 -1.5336656167484894
0 13 31 -1.1233509900992034
0 14 33 0.0
0 15 19 -0.38572596245982355
0 15 29 -1.1392993980658135
0 16 13 0.0
0 17 41 -0.7746916434009162
0 17 43 -0.6177537822655869
0 18 53 -0.5966552825289504
0 18 60 -0.7999539174960812
0 19 57 -0.6688874477771256
0 19 45 -0.7180101117273358
0 20 49 0.0
0 21 15 0.0
0 22 59 -0.6702464254905068
0 22 63 -0.7165846964477972
0 23 65 -4.200350199581318
0 23 51 -3.4017903302232853
0 23 71 -0.04950951840452627
0 24 73 -0.14157024226664025
0 24 75 -2.02490944496005
0 25 67 -1.8231211741353024
0 25 55 -0.17616553849939667
1 0 0 0.0
1 2 25 0.0
1 3 47 0.0
1 4 3 -1.171155426758259
1 4 77 -0.8459103654563698
1 4 79 -1.3439056868966406
1 5 81 -0.5659429184271159
1 5 69 -0.8389234817836707
1 6 85 0.0
1 7 5 -0.2679129308146856
1 7 7 -1.4480607660963816
1 8 9 0.0
1 9 20 0.0
1 10 17 -1.1389732349258321
1 10 26 -0.38587951827426054
1 11 83 -0.006442550165025877
1 11 11 -5.04805037453809
1 12 34 -0.7674472090858036
1 12 23 -0.6653347003698511
1 12 30 -3.8303500636341172
1 13 38 0.0
1 14 33 -0.11940619505874146
1 14 42 -2.184333285911907
1 15 19 -1.3128055891355677
1 15 37 -3.1144066497667975
1 15 29 -0.3761038400163419
1 16 13 0.0
1 17 41 0.0
1 18 53 -1.8087881524247234
1 18 60 -0.17895034279407998
1 19 57 -2.0797711250343793
1 19 45 -0.13348431815426912
1 20 49 0.0
1 21 15 0.0
1 22 59 -2.1937617865475825
1 22 63 -0.11821672883455031
1 23 65 -4.197814394021224
1 23 51 -3.4031194539014193
1 23 71 -0.04950301670916674
1 24 73 -0.16531680515722638
1 24 75 -1.881411541286586
1 25 67 -0.1605789458633687
1 25 55 -1.9081848865982332
2 0 0 0.0
2 1 24 0.0
2 3 78 -0.8051327400111925
2 3 47 -0.5924489678402683
2 4 3 -0.9769479672026002
2 4 77 -0.47233965227608987
2 5 81 -0.5519263966361774
2 5 69 -0.8576432304515202
2 6 85 -0.5531580473443167
2 6 10 -0.8559735680802154
2 7 5 -0.27508020961769564
2 7 7 -1.4250817629893426
2 8 16 -1.077008053132487
2 8 9 -0.41644481344568124
2 9 20 0.0
2 10 26 0.0
2 11 83 0.0
2 12 34 -0.3778719819339058
2 12 23 -1.1561933989427782
2 13 36 -0.7782950099564548
2 13 38 -1.534108751585062
2 13 31 -1.1234257837457464
2 14 33 0.0
2 15 19 -0.38587031650160647
2 15 29 -1.1389927757189107
2 16 13 0.0
2 17 41 -0.7750136977249642
2 17 43 -0.6174785862151402
2 18 53 -0.5963103696494212
2 18 60 -0.8003767492549808
2 19 57 -0.670160289912553
2 19 45 -0.7166749252775093
2 20 49 0.0
2 21 15 0.0
2 22 59 -0.6695904619237747
2 22 63 -0.7172722331878757
2 23 65 -4.1972122165114865
2 23 51 -3.4031535274344837
2 23 71 -0.049511337515925784
2 24 73 -0.13961802158242434
2 24 75 -2.0378419289140624
2 25 67 -1.8230368674547073
2 25 55 -0.1761817797728841
3 0 2 0.0
3 1 46 0.0
3 2 1 -2.1371780807480856
3 2 25 -0.3792536061717504
3 2 76 -1.6213048168019635
3 4 79 0.0
3 5 81 -0.5155814315790342
3 5 69 -0.9091991613078299
3 6 85 0.0
3 7 5 -0.2680372997996232
3 7 7 -1.447656070112307
3 8 9 0.0
3 9 20 0.0
3 10 17 -1.138975366855402
3 10 26 -0.3858785143343332
3 11 83 -0.008175533014831033
3 11 11 -4.810694345269797
3 12 34 -0.7680991730076108
3 12 23 -0.6647718095444836
3 12 30 -3.8297477050772315
3 13 38 0.0
3 14 33 -0.11938682797004818
3 14 42 -2.1844860031811453
3 15 19 -1.3128230152678766
3 15 37 -3.1147669826695403
3 15 29 -0.37607370876500007
3 16 13 0.0
3 17 41 0.0
3 18 53 -1.8087901925276486
3 18 60 -0.1789499430132348
3 19 57 -2.079582295879232
3 19 45 -0.1335112864989395
3 20 49 0.0
3 21 15 0.0
3 22 59 -2.194007873430927
3 22 63 -0.11818585215719117
3 23 65 -4.1981378284133095
3 23 51 -3.4029722959583943
3 23 71 -0.049503054845601156
3 24 73 -0.16472812931240258
3 24 75 -1.8846925455286507
3 25 67 -0.16057878235904308
3 25 55 -1.9081858252512995
4 0 2 0.0
4 1 24 -0.08157327526132484
4 1 46 -2.546762974409206
4 2 1 -1.790455229105432
4 2 76 -0.18258260906786522
4 3 78 0.0
4 5 81 -0.6826075898128484
4 5 69 -0.7037990385815995
4 6 85 -0.5534514717836306
4 6 10 -0.8555765068765994
4 7 5 -0.2750414210609777
4 7 7 -1.4252042748045715
4 8 16 -1.0772621252157217
4 8 9 -0.41631359517354727
4 9 20 0.0
4 10 26 0.0
4 11 83 0.0
4 12 34 -0.3777469609072699
4 12 23 -1.1564657255273465
4 13 36 -0.778107376983889
4 13 38 -1.5344053545271414
4 13 31 -1.1234941043966495
4 14 33 0.0
4 15 19 -0.385989240944743
4 15 29 -1.1387402722206772
4 16 13 0.0
4 17 41 -0.7752106135359921
4 17 43 -0.6173104022146245
4 18 53 -0.59614417413222
4 18 60 -0.8005806057549458
4 19 57 -0.670856834028823
4 19 45 -0.7159457363209838
4 20 49 0.0
4 21 15 0.0
4 22 59 -0.6691346999019087
4 22 63 -0.717750476471445
4 23 65 -4.1953150065252816
4 23 51 -3.4039708624640523
4 23 71 -0.049512783475779774
4 24 73 -0.1376605502122598
4 24 75 -2.0510052037612208
4 25 67 -1.8229985230760888
4 25 55 -0.17618916717190927
5 0 0 -0.6366675527655292
5 0 2 -0.7530087184113188
5 1 68 0.0
5 2 25 0.0
5 3 80 -0.12197903790752726
5 3 47 -2.1642757116755393
5 4 77 -1.0577679887589273
5 4 79 -0.4265303820772842
5 6 85 0.0
5 7 5 -0.2681639911530437
5 7 7 -1.4472440371951132
5 8 9 0.0
5 9 20 0.0
5 10 17 -1.138993619344816
5 10 26 -0.3858699192435536
5 11 83 -0.006507645248702594
5 11 11 -5.038029659209177
5 12 34 -0.7670170236521394
5 12 23 -0.6656781323457374
5 12 30 -3.831419891087198
5 13 38 0.0
5 14 33 -0.11947316587059564
5 14 42 -2.1838053966503046
5 15 19 -1.3126744526395975
5 15 37 -3.113998377015678
5 15 29 -0.3761816536974193
5 16 13 0.0
5 17 41 0.0
5 18 53 -1.8086748533937165
5 18 60 -0.1789725465299645
5 19 57 -2.0798515118370586
5 19 45 -0.13347283917724626
5 20 49 0.0
5 21 15 0.0
5 22 59 -2.193328721106338
5 22 63 -0.11827108660167183
5 23 65 -4.197675480956689
5 23 51 -3.4031556666703175
5 23 71 -0.04950394455408318
5 24 73 -0.16315422510815075
5 24 75 -1.8935275801395106
5 25 67 -0.16056121098018675
5 25 55 -1.9082867058519222
6 0 2 0.0
6 1 68 0.0
6 2 1 -0.992535527100097
6 2 25 -1.3578554110539585
6 2 76 -0.9884516729791899
6 3 80 -0.622070124250072
6 3 47 -0.7696653914442739
6 4 82 -0.8585014329866422
6 4 79 -0.5512947195228411
6 5 84 0.0
6 7 5 -3.022872367976941
6 7 7 -0.04988507001132572
6 8 9 0.0
6 9 20 0.0
6 10 17 -0.7137723620430355
6 10 26 -0.6729388147659714
6 11 11 0.0
6 12 34 -0.9189579480954578
6 12 23 -0.5728421583376601
6 12 30 -3.2929245683794237
6 13 38 0.0
6 14 33 -0.17108124908316794
6 14 42 -1.8499380832670607
6 15 19 -2.1614608402641364
6 15 37 -1.6571403040332022
6 15 29 -0.36505318708392975
6 16 13 0.0
6 17 41 0.0
6 18 53 -1.8098930216063913
6 18 60 -0.1787339741064764
6 19 57 -1.6093853987395663
6 19 45 -0.2231566801687434
6 20 49 0.0
6 21 15 0.0
6 22 59 -2.721895596279287
6 22 63 -0.06801121143608573
6 23 65 -4.196057903106211
6 23 51 -3.402570572201073
6 23 71 -0.04954997194770897
6 24 73 -0.1819464619250758
6 24 75 -1.7936370569219373
6 25 67 -0.16040240118321045
6 25 55 -1.9091990052801109
7 0 0 -0.7473914293276303
7 0 2 -0.6416945882149183
7 1 68 0.0
7 2 25 0.0
7 3 80 -0.5864203314126719
7 3 47 -0.812640762552304
7 4 82 -1.1910018716092061
7 4 77 -1.0621962705420922
7 4 79 -1.048715196398458
7 5 4 0.0
7 6 85 -3.0121723885000233
7 6 6 -0.050435466964212174
7 8 9 0.0
7 9 20 0.0
7 10 17 -0.7137632703376765
7 10 26 -0.6729475427800488
7 11 11 0.0
7 12 34 -0.9886192460889134
7 12 23 -0.5518349446063517
7 12 30 -2.956169532394699
7 13 38 0.0
7 14 33 -0.1526945641101577
7 14 42 -1.9546916520461157
7 15 19 -1.5373787407764004
7 15 37 -1.496413535438272
7 15 29 -0.5778127087695379
7 16 13 0.0
7 17 41 0.0
7 18 53 -2.496212116261119
7 18 60 -0.08598991705387685
7 19 57 -0.4402846759794298
7 19 45 -1.0324120081751633
7 20 64 -0.01789640888676204
7 20 49 -4.032090066532303
7 21 15 0.0
7 22 59 -0.5495371729368504
7 22 63 -0.8608959978053767
7 23 51 -4.635543904073372
7 23 71 -0.009748188860684955
7 24 73 -0.06921991151621217
7 24 75 -2.704877041296344
7 25 67 -0.06791627624145422
7 25 55 -2.723245517121557
8 0 2 0.0
8 1 68 0.0
8 2 1 -0.7458711762980685
8 2 25 -2.9679305843857184
8 2 76 -0.745979534268574
8 3 80 -0.6926861140536188
8 3 47 -0.6936084597466585
8 4 82 -0.06707248839247214
8 4 79 -2.7353301327457755
8 5 84 0.0
8 6 8 0.0
8 7 5 -1.3287778887996593
8 7 7 -0.30761363219210464
8 9 20 0.0
8 10 17 0.0
8 11 11 -0.8881809527054144
8 11 27 -0.5300142787702041
8 12 34 -0.7157404722383961
8 12 23 -0.671053087926002
8 13 36 -0.4706532797929146
8 13 31 -0.9797474391002116
8 14 33 0.0
8 15 19 -2.9750612110451184
8 15 29 -0.052393172118730784
8 16 39 -0.47830840230047933
8 16 13 -0.9671394150970432
8 17 41 -0.8186604713092883
8 17 43 -0.5816451995572235
8 18 53 0.0
8 19 57 -0.3684285252315921
8 19 45 -1.1770733783036484
8 20 49 0.0
8 21 15 0.0
8 22 59 -0.5949822087694765
8 22 63 -0.8020079905106327
8 23 65 -1.2389738423752286
8 23 51 -0.8621865896493344
8 23 71 -1.2445140588514423
8 24 73 -1.058568076082806
8 24 75 -0.42610504984811504
8 25 67 -8.75989963228345
8 25 55 -0.6554221341947979
8 25 61 -0.7326777904447431
9 0 2 0.0
9 1 68 -0.5313043599724272
9 1 24 -1.5788570561489665
9 1 46 -1.580113934725576
9 2 1 -0.6930624127384183
9 2 76 -0.6932319555676648
9 3 78 0.0
9 4 82 0.0
9 5 81 -0.7860941552670163
9 5 84 -0.6081094162526779
9 6 8 -0.4861876581207595
9 6 10 -0.9544246577169735
9 7 5 -0.9153042774271668
9 7 7 -0.5114838010859714
9 8 16 0.0
9 10 21 0.0
9 11 27 0.0
9 12 23 0.0
9 13 31 0.0
9 14 33 0.0
9 15 19 -3.479084300091272
9 15 35 -0.5317508514809192
9 15 37 -3.048539467864464
9 15 29 -1.0961326352596994
9 16 39 -0.4680823777155411
9 16 13 -0.9840395644122285
9 17 41 -0.922585123631739
9 17 43 -0.5066512661514344
9 18 53 -0.5396076833994129
9 18 56 -0.8746137086894098
9 19 45 0.0
9 20 49 0.0
9 21 70 -0.7788417622816884
9 21 15 -0.6142200401970601
9 22 59 -0.48670381842353316
9 22 63 -0.9536008111062999
9 23 65 -0.8087122464472205
9 23 51 -0.5895645895006599
9 24 73 -0.41253893841150335
9 24 75 -1.0846129982898225
9 25 67 -8.579923135657259
9 25 55 -0.7154753297858971
9 25 61 -0.6716743388183117
10 0 2 0.0
10 1 68 -0.4985893205139486
10 1 24 -1.6276945237037566
10 1 46 -1.628461162928991
10 2 1 -0.6931502664363073
10 2 76 -0.6931440946931061
10 3 78 0.0
10 4 82 0.0
10 5 81 -0.8224063982702733
10 5 84 -0.5786996120211759
10 6 8 -0.5333721531148323
10 6 10 -0.8833963495354386
10 7 5 -0.9895782108390085
10 7 7 -0.46479076164045424
10 8 16 0.0
10 9 20 0.0
10 11 27 0.0
10 12 34 -0.7132372634305363
10 12 23 -0.6734527730149135
10 13 36 -0.4691331924859907
10 13 31 -0.9822816667537061
10 14 33 0.0
10 15 19 -2.978763467071312
10 15 29 -0.05219441577444042
10 16 39 -0.5131857198557886
10 16 13 -0.9127609988387189
10 17 41 -0.816917341970642
10 17 43 -0.5830226400051165
10 18 53 0.0
10 19 57 -0.3671095004308998
10 19 45 -1.1800407613606596
10 20 49 0.0
10 21 15 0.0
10 22 59 -0.613056528160497
10 22 63 -0.7802152224621486
10 23 65 -1.4103811442577285
10 23 51 -0.9577344389049479
10 23 71 -0.9883550574180544
10 24 73 -1.3706835229748968
10 24 75 -0.2929403140774088
10 25 67 -9.02071334077586
10 25 55 -0.6547899925375096
10 25 61 -0.733286159677449
11 0 2 0.0
11 1 68 -1.9584211920501604
11 1 24 -0.6920142613519958
11 1 46 -1.0262388812167982
11 2 1 -0.7320502861802184
11 2 76 -0.6557010235963544
11 3 78 0.0
11 4 82 0.0
11 5 81 -0.01115089599571402
11 5 84 -4.5018056930110655
11 6 10 0.0
11 7 5 -0.5504796057463855
11 7 7 -0.8596107464594652
11 8 16 -1.4689935023040623
11 8 9 -0.26156870851207237
11 9 20 0.0
11 10 26 0.0
11 12 34 -0.29991062715237565
11 12 23 -1.3504811109125168
11 13 36 -0.8520505055700426
11 13 38 -1.3012698784310515
11 13 31 -1.1997329506263972
11 14 33 0.0
11 15 19 -0.45383108731038724
11 15 29 -1.008378652294003
11 16 13 0.0
11 17 41 -0.5679989217057806
11 17 43 -0.836228560712014
11 18 53 -0.773120361267692
11 18 60 -0.6190988067960393
11 19 57 -0.48916242259492054
11 19 45 -0.9496917135791393
11 20 49 0.0
11 21 15 0.0
11 22 59 -0.6382078707284465
11 22 63 -0.7512811824770687
11 23 65 -4.197847509987512
11 23 51 -3.402719165050353
11 23 71 -0.049516489852161845
11 24 73 -0.1629859172153759
11 24 75 -1.894477832503736
11 25 67 -1.8230534512649499
11 25 55 -0.17617858485317964
12 0 2 0.0
12 1 68 0.0
12 2 1 -0.8512433244583667
12 2 25 -1.9239212413855231
12 2 76 -0.8507770298864007
12 3 80 -1.8161097978065648
12 3 78 -0.39309432564408286
12 3 47 -1.8178306042576342
12 4 82 0.0
12 5 84 0.0
12 6 8 -0.3557730950835692
12 6 12 -1.2060802866749056
12 7 5 -1.0147621024907236
12 7 7 -0.45018320559628827
12 8 18 0.0
12 9 22 0.0
12 10 17 -3.4458711658514787
12 10 21 -0.7478753789953337
12 10 28 -0.7036990549662586
12 11 11 -0.7137378009567746
12 11 27 -0.6729719941492539
12 13 31 0.0
12 14 33 0.0
12 15 35 -0.039939237623363995
12 15 37 -3.240299194640532
12 16 39 0.0
12 17 41 -0.9008883449529546
12 17 43 -0.5212272772358274
12 18 53 -0.5724655947568963
12 18 56 -0.8304176684744198
12 19 45 0.0
12 20 49 0.0
12 21 70 -0.7822635784613892
12 21 15 -0.6113267558083444
12 22 59 -0.46546450559692537
12 22 63 -0.9884405473550503
12 23 65 -0.7918774451609166
12 23 51 -0.6032946410240925
12 24 73 -0.34109772591440174
12 24 75 -1.2412919919537562
12 25 67 -9.196961217033534
12 25 55 -0.7511719257146828
12 25 61 -0.6384973518759143
13 0 2 0.0
13 1 68 0.0
13 2 1 -0.7439824416778915
13 2 25 -3.0054888208146107
13 2 76 -0.743876760829697
13 3 80 -0.6926141076200151
13 3 47 -0.6936805378182042
13 4 82 -0.16373093906012157
13 4 79 -1.8902795403698676
13 5 84 0.0
13 6 12 0.0
13 7 5 -1.0383321807774826
13 7 7 -0.4370249298097362
13 8 18 -8.170192106561555E-5
13 8 9 -9.412473893401726
13 9 22 0.0
13 10 17 -3.439381653750209
13 10 21 -0.9785860189255838
13 10 28 -0.5241247928893789
13 11 11 -1.8145687361695533
13 11 27 -0.17782147692136793
13 12 30 0.0
13 14 33 -1.8997423137778364
13 14 42 -0.16205687856721368
13 15 35 -5.517471419047371
13 15 37 -0.004024075612586626
13 16 39 0.0
13 17 41 0.0
13 18 53 0.0
13 19 57 -0.5349346453306181
13 19 45 -0.8811831961008729
13 20 49 0.0
13 21 70 -0.3129428488765177
13 21 15 -1.3141288949021714
13 22 59 -0.6557454126862436
13 22 63 -0.7320023774939495
13 23 65 -0.7173496159165472
13 23 51 -0.6695166879314246
13 24 73 -0.9953585939199614
13 24 75 -0.4613862858050432
13 25 67 -8.850000508525733
13 25 55 -0.6439975245943522
13 25 61 -0.7451399801430203
14 0 2 0.0
14 1 68 0.0
14 2 1 -0.8651843731920853
14 2 25 -1.8453539219463784
14 2 76 -0.864987849420211
14 3 80 -1.7810414659742035
14 3 78 -0.41050534976797837
14 3 47 -1.7824681703268093
14 4 82 0.0
14 5 84 0.0
14 6 8 -0.36165788854545383
14 6 12 -1.1924415942378732
14 7 5 -0.9824883311902795
14 7 7 -0.4690095019525717
14 8 18 0.0
14 9 22 0.0
14 10 17 -3.4377185798770475
14 10 21 -1.1032998140174497
14 10 28 -0.45241899426625953
14 11 11 -0.7137734333180656
14 11 27 -0.6729377863549029
14 12 32 0.0
14 13 40 -0.1886492761474832
14 13 31 -1.760707890965628
14 15 35 -0.9475990551667794
14 15 37 -0.49048504135781607
14 16 39 0.0
14 17 43 0.0
14 18 53 -2.2164153952740313
14 18 56 -0.11540987302100242
14 19 45 0.0
14 20 49 -3.05068943987904
14 20 66 -0.0484828101461135
14 21 70 -0.0524981026118095
14 21 15 -2.9731124692592386
14 22 59 -1.9795874443843813
14 22 63 -0.14864643470130895
14 23 65 -0.08571467605822389
14 23 51 -2.4992824503513638
14 24 73 -1.7289308074698018
14 24 75 -0.19537526189296747
14 25 55 -0.7743816891428076
14 25 61 -0.6180187940660582
15 0 2 0.0
15 1 68 0.0
15 2 1 -0.8162306199789097
15 2 25 -2.157329086095881
15 2 76 -0.8158313271631481
15 3 80 -2.9579878959830728
15 3 78 -0.10963740600318835
15 3 47 -2.9580956117218546
15 4 82 0.0
15 5 84 0.0
15 6 8 0.0
15 7 5 -1.087914120952097
15 7 7 -0.41085741938584197
15 8 18 0.0
15 9 20 -1.0023494210951849
15 9 22 -0.4573103736941675
15 10 17 -3.4397516698138864
15 10 28 -0.032598245085939094
15 11 11 -0.8727876926301169
15 11 27 -0.5409159430685256
15 12 34 0.0
15 13 36 -0.009976948333138086
15 13 31 -4.6124623403520655
15 14 33 0.0
15 16 39 -0.4782140966348169
15 16 13 -0.9672931909930865
15 17 41 -0.5009508752732615
15 17 43 -0.9312881297917843
15 18 53 0.0
15 19 57 -0.2342132651104816
15 19 45 -1.566345205257019
15 20 49 0.0
15 21 70 -0.6436100696318294
15 21 15 -0.7452666973147165
15 22 59 -0.5123847294835989
15 22 63 -0.9139566216146068
15 23 65 -0.8076228922335287
15 23 51 -0.5904404223743049
15 24 73 -0.8086223234981894
15 24 75 -0.5896368217492494
15 25 67 -9.092190514533458
15 25 55 -0.6414969469484499
15 25 61 -0.7478488601195109
16 0 2 0.0
16 1 68 0.0
16 2 1 -1.0562277156004811
16 2 25 -1.1896409338656893
16 2 76 -1.0558279162738695
16 3 80 -0.6834657003987977
16 3 47 -0.7029233088597939
16 4 82 -0.6181157666455394
16 4 79 -0.7742683158358992
16 5 84 0.0
16 6 12 0.0
16 7 5 -0.8623336982592249
16 7 7 -0.5484854376781337
16 8 9 0.0
16 9 22 0.0
16 10 17 -1.3832167787982632
16 10 21 -0.9664070820025303
16 10 26 -3.520554339362523
16 10 28 -1.08116866052743
16 11 11 0.0
16 12 30 0.0
16 13 38 0.0
16 14 33 -0.7491150163048227
16 14 42 -0.6401464162236575
16 15 19 -0.9671443019432504
16 15 35 -1.1908244219891697
16 15 37 -1.1524488967743651
16 17 41 0.0
16 18 53 -2.749131780736281
16 18 60 -0.06612205555607327
16 19 57 -0.04091883156693947
16 19 45 -3.216554544530163
16 20 49 0.0
16 21 70 -6.856880284101176E-4
16 21 15 -7.285430627182471
16 22 59 -0.4454660482468224
16 22 63 -1.0231125663633531
16 23 65 -6.983789189914682
16 23 51 -9.272145084349206E-4
16 24 73 -5.739117481050047
16 24 75 -0.003222794248495386
16 25 67 -0.06781321032646688
16 25 55 -2.7247132633018105
17 0 2 0.0
17 1 68 0.0
17 2 1 -0.7434962743071332
17 2 25 -3.014910675153236
17 2 76 -0.7433861336975356
17 3 80 -0.6926406044675186
17 3 47 -0.693654013401778
17 4 82 -0.1671687465151001
17 4 79 -1.8711717716169325
17 5 84 0.0
17 6 12 0.0
17 7 5 -0.9966751697939287
17 7 7 -0.4606152201474524
17 8 18 -9.262383317444057E-5
17 8 9 -9.287010383294655
17 9 22 0.0
17 10 17 -3.436987146536817
17 10 21 -0.8899169898366782
17 10 28 -0.5849230728458541
17 11 11 -1.8320453849380296
17 11 27 -0.17445552998521924
17 12 32 -0.26260155694855847
17 12 30 -1.4655465002769725
17 13 40 0.0
17 14 42 0.0
17 15 35 -0.6674198882075468
17 15 37 -0.7195538843643586
17 16 39 0.0
17 18 53 0.0
17 19 57 -0.9467918641829145
17 19 45 -0.4909964175897899
17 20 49 -3.076057519179164
17 20 66 -0.04723921568389415
17 21 70 -0.01790016313986043
17 21 15 -4.031882183163833
17 22 59 -0.45004019794573025
17 22 63 -1.0150136606738593
17 23 65 -0.08696937790939735
17 23 51 -2.485368756126956
17 24 73 -1.79513135802676
17 24 75 -0.1816485412465715
17 25 55 -0.44895669956034
17 25 61 -1.0169228233225474
18 0 2 0.0
18 1 68 0.0
18 2 1 -0.7175122064143067
18 2 25 -3.73045171838493
18 2 76 -0.7173306637493497
18 3 80 -0.692510496307817
18 3 47 -0.6937842704371794
18 4 82 -0.15251553876660343
18 4 79 -1.9557775438621707
18 5 84 0.0
18 6 12 0.0
18 7 5 -3.224861804365357
18 7 7 -3.185035006607025
18 7 14 -0.0846194109452583
18 8 18 -1.4087242257061443E-4
18 8 9 -8.867726317016768
18 9 22 0.0
18 10 17 -3.436844457795435
18 10 21 -0.9773591209732628
18 10 28 -0.5250421794279848
18 11 11 -1.6146821713189947
18 11 27 -0.22183677258010093
18 12 32 -0.3264407542020322
18 12 30 -1.278290968844112
18 13 40 0.0
18 14 42 -1.7967655802951377
18 14 44 -0.18132333490789282
18 15 35 -0.8626967597844883
18 15 37 -0.5482202573887228
18 16 48 -0.20787633157310886
18 16 39 -1.6729502258476932
18 17 52 0.0
18 19 57 0.0
18 20 66 0.0
18 21 70 0.0
18 22 59 -0.08943903991140503
18 22 63 -2.4585842403367115
18 23 65 -0.34234403837795085
18 23 51 -1.238232557042742
18 24 73 -1.4120858582566884
18 24 75 -0.27923064077140575
18 25 55 -1.6422541902932037
18 25 61 -0.21510503051241756
19 0 2 0.0
19 1 68 0.0
19 2 1 -0.7573073085711938
19 2 25 -2.778676505830757
19 2 76 -0.7572550204356888
19 3 80 -2.4314434625700634
19 3 78 -0.19333962175545713
19 3 47 -2.431690364493258
19 4 82 0.0
19 5 84 0.0
19 6 8 -0.8306312829214968
19 6 12 -0.5723005805861262
19 7 5 -2.7168892465549117
19 7 7 -2.030681419135597
19 7 14 -0.2198066882149382
19 8 18 0.0
19 9 22 0.0
19 10 17 -3.4381809620034587
19 10 21 -0.9787865755492973
19 10 28 -0.524062600968384
19 11 11 -0.7837668883121045
19 11 27 -0.6100614066233742
19 12 32 0.0
19 13 40 -0.06451360750671839
19 13 31 -2.7729625012044337
19 14 44 0.0
19 15 35 -1.0400132791335581
19 15 37 -0.43610472632675834
19 16 48 -0.5087641151526079
19 16 39 -0.9193909851716573
19 17 52 -0.5931691464220578
19 17 43 -0.8042426008482016
19 18 56 0.0
19 20 66 0.0
19 21 70 0.0
19 22 59 -2.5915305443529157
19 22 63 -0.07785917526228893
19 23 65 -0.37272534403489993
19 23 51 -1.1674943246974625
19 24 73 -1.4098135362842577
19 24 75 -0.2799636843416133
19 25 55 -1.0420972458278661
19 25 61 -0.43496731600822747
20 0 2 0.0
20 1 68 0.0
20 2 1 -1.0584613008131805
20 2 25 -1.1841217233537953
20 2 76 -1.05844242743994
20 3 80 -0.6884521970792459
20 3 47 -0.6978643109306851
20 4 82 -0.626913553901057
20 4 79 -0.7640808404730284
20 5 84 0.0
20 6 12 0.0
20 7 5 -3.752956285416199
20 7 7 -3.6948859868639574
20 7 14 -0.04950395948034524
20 8 9 0.0
20 9 22 0.0
20 10 17 -1.374857932403784
20 10 21 -0.9666753939276846
20 10 26 -3.4008100655991864
20 10 28 -1.0983139398991655
20 11 11 0.0
20 12 30 0.0
20 13 38 0.0
20 14 33 -3.4654605492516133
20 14 42 -0.03175758194956814
20 15 19 -0.9671580771579347
20 15 35 -1.1898416013193567
20 15 37 -1.1533790335594134
20 16 48 0.0
20 17 54 -0.13419769912687807
20 17 41 -2.0747897859053763
20 18 53 -0.8016602500279263
20 18 60 -0.5952650104717278
20 19 57 -0.5165797357480008
20 19 45 -0.907721172480538
20 21 70 0.0
20 22 59 -0.6164234158331433
20 22 63 -0.7762503194466569
20 23 65 -0.011467136006125369
20 23 51 -4.473998162383848
20 24 73 -3.9030380530053583
20 24 75 -0.02038691690084744
20 25 67 0.0
21 0 0 -0.7397666988085185
21 0 2 -0.6486045764226075
21 1 68 0.0
21 2 25 0.0
21 3 80 -0.6655573652197903
21 3 47 -0.7215198434967683
21 4 82 -1.2643320990717435
21 4 77 -1.0236439327598192
21 4 79 -1.0264159545782516
21 5 4 0.0
21 6 85 -1.7300753519813705
21 6 6 -0.19512847853145188
21 7 14 0.0
21 8 9 0.0
21 9 20 -0.34231853000437834
21 9 22 -1.2382950428401385
21 10 17 -0.7135684454160728
21 10 26 -0.6731346115937307
21 11 11 0.0
21 12 30 0.0
21 13 38 0.0
21 14 33 -3.22320142252966
21 14 42 -0.04064216670114039
21 15 19 -1.4665146334943098
21 15 35 -1.5024421282810516
21 15 37 -1.4122412537021618
21 15 29 -1.1937283889778147
21 16 50 -9.470197503072348E-4
21 16 13 -6.962664081845142
21 17 54 -0.13420140693031554
21 17 41 -2.0747639693243616
21 18 53 -0.797118408853597
21 18 60 -0.5989751277982379
21 19 57 -0.48110727702139694
21 19 45 -0.9625928355526308
21 20 64 -0.08559953248659713
21 20 49 -2.500569939005937
21 22 59 -0.6466160538925898
21 22 63 -0.7419495670076786
21 23 71 0.0
21 24 73 -0.005436271921764024
21 24 75 -5.217378666128771
21 25 67 0.0
22 0 2 0.0
22 1 68 0.0
22 2 1 -0.7176314487263866
22 2 25 -3.722432606788714
22 2 76 -0.717607116291729
22 3 80 -0.6927288525824434
22 3 47 -0.6935656836089836
22 4 82 -0.15331468880123358
22 4 79 -1.950940825097066
22 5 84 0.0
22 6 12 0.0
22 7 5 -3.2194760978696495
22 7 7 -3.1838763236609924
22 7 14 -0.08490533876361588
22 8 18 -1.8605088364378902E-4
22 8 9 -8.589583377686115
22 9 22 0.0
22 10 17 -3.436321466959686
22 10 21 -0.9778134232224026
22 10 28 -0.5247817199145516
22 11 11 -1.6169236952837216
22 11 27 -0.22128082871965077
22 12 32 0.0
22 13 40 -0.07344959051573463
22 13 31 -2.6476559716496904
22 14 44 0.0
22 15 35 -1.0560993427404397
22 15 37 -0.42741912585551595
22 16 48 -0.20676444218833806
22 16 39 -1.6777766354681947
22 17 52 -0.4516772625663177
22 17 43 -1.0121398969039201
22 18 58 0.0
22 19 57 -2.4583796259045454
22 19 62 -0.08945818591627734
22 20 66 0.0
22 21 70 0.0
22 23 65 -0.34196102551295066
22 23 51 -1.239171371609734
22 24 73 -1.408715474377374
22 24 75 -0.28031870597857095
22 25 55 -1.1995119350122876
22 25 61 -0.35859285358180315
23 0 2 0.0
23 1 68 0.0
23 2 1 -1.3883242149835002
23 2 25 -0.6938616572129729
23 2 76 -1.3828440821297472
23 3 80 -0.6695351643058982
23 3 47 -0.7173302346518994
23 4 82 -3.430162803381743
23 4 79 -0.032917555095639144
23 5 4 -0.04034612489543604
23 5 84 -3.230365164125551
23 6 12 0.0
23 7 7 -4.697888915345359
23 7 14 -0.009156289453577063
23 8 9 0.0
23 9 22 0.0
23 10 17 -1.3829661986351882
23 10 21 -0.9663878676210879
23 10 26 -3.5172292220737154
23 10 28 -1.081666093975499
23 11 11 0.0
23 12 30 0.0
23 13 38 0.0
23 14 33 -3.4909988463242247
23 14 42 -0.03094429594312087
23 15 19 -0.967150361074449
23 15 35 -1.1907876114180787
23 15 37 -1.1524770298726195
23 16 50 0.0
23 17 54 -0.1342427416145716
23 17 41 -2.074476217043086
23 18 53 -0.7353307383341168
23 18 60 -0.6526712830981342
23 19 57 -0.5899485098955455
23 19 45 -0.8082344656571633
23 20 64 -0.08644362815370962
23 20 49 -2.4911732543973226
23 21 70 0.0
23 22 59 -0.6333277626993369
23 22 63 -0.7567739203149293
23 24 73 -5.445527395731393
23 24 75 -0.004324902319511752
23 25 67 0.0
24 0 0 -0.7031099683819856
24 0 2 -0.6832826715529934
24 1 68 0.0
24 2 25 0.0
24 3 80 -0.6655253823570608
24 3 47 -0.721553668342111
24 4 82 -1.3295421307967559
24 4 77 -0.9996976868863439
24 4 79 -1.0012743238011617
24 5 4 0.0
24 6 85 -1.8658150502527175
24 6 6 -0.24413084965665754
24 6 12 -2.783126207149816
24 7 14 0.0
24 8 9 0.0
24 9 22 0.0
24 10 17 -1.2595265486950191
24 10 21 -1.4436967203901088
24 10 26 -1.4841012007297447
24 10 28 -1.372580376776734
24 11 11 0.0
24 12 30 0.0
24 13 38 0.0
24 14 33 -3.43564467220538
24 14 42 -0.03273462118398939
24 15 19 -0.9676874022233312
24 15 35 -1.3005533152069892
24 15 37 -1.056535344749394
24 16 50 0.0
24 17 54 -0.1342192906941298
24 17 41 -2.074639459500824
24 18 53 -0.7383223598973555
24 18 60 -0.6499248935237161
24 19 57 -0.5193691522588991
24 19 45 -0.9036107591925593
24 20 64 -0.08626943593338016
24 20 49 -2.4931045408496066
24 21 72 0.0
24 22 59 -0.6558589995213814
24 22 63 -0.7318798045275767
24 23 71 -6.395005458442566
24 23 74 -0.0016712725469819711
24 25 67 0.0
25 0 2 0.0
25 1 68 0.0
25 2 1 -0.7176266046314236
25 2 25 -3.7244233292806
25 2 76 -0.7175134276582122
25 3 80 -0.6925595777478615
25 3 47 -0.6937351288521089
25 4 82 -0.1524469320116029
25 4 79 -1.9561940476485917
25 5 84 0.0
25 6 12 0.0
25 7 5 -3.2248760893521005
25 7 7 -3.1864622190312453
25 7 14 -0.084554572681381
25 8 18 -1.5678642846906758E-4
25 8 9 -8.76070439911447
25 9 22 0.0
25 10 17 -3.4369255561521155
25 10 21 -0.9774514992577806
25 10 28 -0.5249790077014119
25 11 11 -1.6149635457689968
25 11 27 -0.22176690055711845
25 12 32 -0.3454293144228459
25 12 30 -1.230715111941121
25 13 40 0.0
25 14 42 0.0
25 15 35 -0.9139587555150548
25 15 37 -0.5123833013365586
25 16 48 -0.20721496892872482
25 16 39 -1.675817566395796
25 17 54 0.0
25 18 53 -4.372630883625147
25 18 60 -0.012698283393500702
25 19 57 -0.08029178436092878
25 19 45 -2.5619652662493797
25 20 66 0.0
25 21 70 0.0
25 22 59 -0.15815587131006648
25 22 63 -1.9222101378032412
25 23 65 -0.341652701265971
25 23 51 -1.2399280170661218
25 24 73 -1.4145114298749553
25 24 75 -0.27845058557378355
