0 1 24 0.0
0 2 1 0.0
0 3 78 -0.6562994518143256
0 3 47 -0.731404780587453
0 4 3 -0.27657838708487653
0 4 77 -1.4203649066379973
0 5 81 -0.6731902593470674
0 5 69 -0.7135105047930476
0 6 85 -1.5789610208868932
0 6 10 -0.2309101499638489
0 7 5 -5.584921274900525E-6
0 7 7 -12.095443013798484
0 8 16 -0.7551109415260197
0 8 9 -0.6347999244260815
0 9 20 0.0
0 10 26 0.0
0 11 83 0.0
0 12 34 -0.6908385630500835
0 12 23 -0.6954611401197422
0 13 36 -0.7014211154155796
0 13 38 -4.334510532774087
0 13 31 -0.7112875028896506
0 14 33 0.0
0 15 19 -0.6873054388420952
0 15 29 -0.6990232488492504
0 16 13 0.0
0 17 41 -1.1935393480767176
0 17 43 -0.361179965415786
0 18 53 -0.2895439324649032
0 18 60 -1.380729490294608
0 19 57 -1.260375417178299
0 19 45 -0.333443409202055
0 20 49 0.0
0 21 15 0.0
0 22 59 -0.9574616500150294
0 22 63 -0.48429086620689926
0 23 65 -12.255929036980366
0 23 51 -11.123672328604778
0 23 71 -1.95158016517297E-5
0 24 73 -0.10235621344695105
0 24 75 -2.3300378726101734
0 25 67 -3.0596797032750556
0 25 55 -0.04803829827204475
1 0 0 0.0
1 2 25 0.0
1 3 47 0.0
1 4 3 -1.1662985284577603
1 4 77 -0.8436049841330359
1 4 79 -1.3535364103674905
1 5 81 -0.6810229064193042
1 5 69 -0.7054202587098075
1 6 85 0.0
1 7 5 -4.551463758287549E-6
1 7 7 -12.300063947336737
1 8 9 0.0
1 9 20 0.0
1 10 17 -0.6930342540681064
1 10 26 -0.693260119805617
1 11 83 -0.22793678227322384
1 11 11 -1.5904914878114738
1 12 34 -1.2159062826219476
1 12 23 -0.38282989157530434
1 12 30 -3.8336797832870113
1 13 38 0.0
1 14 33 -0.09445217927983286
1 14 42 -2.406516011944056
1 15 19 -0.7261892099814651
1 15 37 -4.144928237332106
1 15 29 -0.6923345521082305
1 16 13 0.0
1 17 41 0.0
1 18 53 -0.7247059109920322
1 18 60 -0.6625540094500437
1 19 57 -1.6550321609001744
1 19 45 -0.21206256053132067
1 20 49 0.0
1 21 15 0.0
1 22 59 -1.2218552690141267
1 22 63 -0.3491078514842728
1 23 65 -12.648093009580185
1 23 51 -11.447974696909622
1 23 71 -1.3884844000774153E-5
1 24 73 -0.09552887436227278
1 24 75 -2.3957109537009065
1 25 67 -0.6334190575782538
1 25 55 -0.7566706403336384
2 0 0 0.0
2 1 24 0.0
2 3 78 -0.830706453362235
2 3 47 -0.5722425273319752
2 4 3 -1.8301171951732622
2 4 77 -0.1748234609227147
2 5 81 -0.7292371188841364
2 5 69 -0.6583144838123264
2 6 85 -1.5815514057045363
2 6 10 -0.23023840412939908
2 7 5 -4.0515736474244254E-6
2 7 7 -12.416407223212564
2 8 16 -0.7550571918441445
2 8 9 -0.6348475837094771
2 9 20 0.0
2 10 26 0.0
2 11 83 0.0
2 12 34 -0.6908775624565494
2 12 23 -0.6954219615496782
2 13 36 -0.7013448215557999
2 13 38 -4.335323108014524
2 13 31 -0.711342873593203
2 14 33 0.0
2 15 19 -0.6875189511398875
2 15 29 -0.6988072663257988
2 16 13 0.0
2 17 41 -1.1938348469075084
2 17 43 -0.36105144426473323
2 18 53 -0.28938405635447695
2 18 60 -1.38120572118878
2 19 57 -1.261655847588106
2 19 45 -0.33293711078964633
2 20 49 0.0
2 21 15 0.0
2 22 59 -0.9577474724782912
2 22 63 -0.48411283334496547
2 23 65 -12.49688612665422
2 23 51 -11.449097730596485
2 23 71 -1.439746686220491E-5
2 24 73 -0.09436751908238789
2 24 75 -2.4073710784350366
2 25 67 -3.0602305219748294
2 25 55 -0.04801119985361837
3 0 2 0.0
3 1 46 0.0
3 2 1 -1.3946516275992626
3 2 25 -0.8829613899625482
3 2 76 -1.0831596509962644
3 4 79 0.0
3 5 81 -0.1538495755632671
3 5 69 -1.9477186810664704
3 6 85 0.0
3 7 5 -4.301112020156687E-6
3 7 7 -12.35663910993285
3 8 9 0.0
3 9 20 0.0
3 10 17 -0.6929431515176492
3 10 26 -0.6933512512385867
3 11 83 -0.22799024102293108
3 11 11 -1.5902826967800903
3 12 34 -1.2159103554316046
3 12 23 -0.382824551479108
3 12 30 -3.833792329764677
3 13 38 0.0
3 14 33 -0.0944463775897989
3 14 42 -2.4065745832712184
3 15 19 -0.7261407170744145
3 15 37 -4.1450791736842705
3 15 29 -0.6923766540080735
3 16 13 0.0
3 17 41 0.0
3 18 53 -0.7247053810523149
3 18 60 -0.6625545074559173
3 19 57 -1.6550633499042713
3 19 45 -0.21205519304395057
3 20 49 0.0
3 21 15 0.0
3 22 59 -1.2218687577891902
3 22 63 -0.3491022158996923
3 23 65 -12.724515342275264
3 23 51 -11.494987532264028
3 23 71 -1.3158319997825531E-5
3 24 73 -0.09574343833155549
3 24 75 -2.393572980533386
3 25 67 -0.6334191898765301
3 25 55 -0.7566704906819544
4 0 2 0.0
4 1 24 -0.501276390474665
4 1 46 -0.9307877669735467
4 2 1 -1.3228572657545212
4 2 76 -0.3097547104287997
4 3 78 0.0
4 5 81 -0.31104732204973107
4 5 69 -1.3193058555239365
4 6 85 -1.5841320463641422
4 6 10 -0.2295713598833062
4 7 5 -2.362382893073822E-6
4 7 7 -12.955840929076375
4 8 16 -0.7551566292300514
4 8 9 -0.6347594174143267
4 9 20 0.0
4 10 26 0.0
4 11 83 0.0
4 12 34 -0.6908783115177083
4 12 23 -0.6954212090773048
4 13 36 -0.7012940103890115
4 13 38 -4.336167424846187
4 13 31 -0.7113716833071644
4 14 33 0.0
4 15 19 -0.6875968588163073
4 15 29 -0.6987284803933764
4 16 13 0.0
4 17 41 -1.1940569993746504
4 17 43 -0.3609548594853514
4 18 53 -0.28927374105103215
4 18 60 -1.3815344995560823
4 19 57 -1.2624120401080194
4 19 45 -0.33263852720924203
4 20 49 0.0
4 21 15 0.0
4 22 59 -0.9579318574976623
4 22 63 -0.4839980275645919
4 23 65 -12.921289889667662
4 23 51 -11.854452303017874
4 23 71 -9.55231880913863E-6
4 24 73 -0.08791798064018404
4 24 75 -2.4749878828924365
4 25 67 -3.0608523772683407
4 25 55 -0.04798062548907837
5 0 0 -0.6807793180941414
5 0 2 -0.7056699246007238
5 1 68 0.0
5 2 25 0.0
5 3 80 -0.20957442960470812
5 3 47 -1.6656341542335196
5 4 77 -0.8140234642029677
5 4 79 -0.5853189371890563
5 6 85 0.0
5 7 5 -2.0771759299805804E-6
5 7 7 -13.084502351401403
5 8 9 0.0
5 9 20 0.0
5 10 17 -0.6920064147547412
5 10 26 -0.6942892491981403
5 11 83 -0.22974035712110144
5 11 11 -1.583477441862271
5 12 34 -1.2157887598959263
5 12 23 -0.3828643346792436
5 12 30 -3.8342048101821438
5 13 38 0.0
5 14 33 -0.09442124848026795
5 14 42 -2.406828319320852
5 15 19 -0.7256618861469227
5 15 37 -4.146165608648772
5 15 29 -0.692805412494868
5 16 13 0.0
5 17 41 0.0
5 18 53 -0.7247010337827913
5 18 60 -0.6625585927809605
5 19 57 -1.6552163418820645
5 19 45 -0.21201905729079007
5 20 49 0.0
5 21 15 0.0
5 22 59 -1.2219034589632862
5 22 63 -0.3490877183103877
5 23 65 -13.369908562239065
5 23 51 -12.021200650810446
5 23 71 -7.576780749276854E-6
5 24 73 -0.08760581001509936
5 24 75 -2.4783911019085756
5 25 67 -0.6334207833688561
5 25 55 -0.7566686881764537
6 0 2 0.0
6 1 68 0.0
6 2 1 -0.9257429579149375
6 2 25 -1.5709887690413418
6 2 76 -0.9265342624459264
6 3 80 -0.6930027614956693
6 3 47 -0.6932916204841
6 4 82 -0.2293776288102599
6 4 79 -1.5848831202595837
6 5 84 0.0
6 7 5 -14.161758147877288
6 7 7 -7.073375860888221E-7
6 8 9 0.0
6 9 20 0.0
6 10 17 -0.3782234933477578
6 10 26 -1.155428299913788
6 11 11 0.0
6 12 34 -1.2157638784224702
6 12 23 -0.3516750674069978
6 12 30 -11.752224008677448
6 13 38 0.0
6 14 33 -2.8139923016161237E-5
6 14 42 -10.47833531195316
6 15 19 -0.5551763834735348
6 15 37 -11.351392522475026
6 15 29 -0.8532754790197409
6 16 13 0.0
6 17 41 0.0
6 18 53 -0.7307513729240006
6 18 60 -0.6569059646317592
6 19 57 -9.369628769285923
6 19 45 -8.527867538113447E-5
6 20 49 0.0
6 21 15 0.0
6 22 59 -8.400536230789037
6 22 63 -2.2477203506123677E-4
6 23 65 -11.953668315115035
6 23 51 -10.974096153591342
6 23 71 -2.35758509494135E-5
6 24 73 -0.08278570234325507
6 24 75 -2.532607215639368
6 25 67 -0.6229191739063267
6 25 55 -0.7686822069254733
7 0 0 -0.4302745853528317
7 0 2 -1.0507668534003352
7 1 68 0.0
7 2 25 0.0
7 3 80 -0.4019760623279805
7 3 47 -1.1056271142985874
7 4 82 -11.972880479155199
7 4 77 -0.7744287686054222
7 4 79 -0.6179902431779601
7 5 4 0.0
7 6 85 -12.173588866423582
7 6 6 -5.165099021924354E-6
7 8 9 0.0
7 9 20 0.0
7 10 17 -0.4088260124349347
7 10 26 -1.091924178402243
7 11 11 0.0
7 12 34 -1.1841792467541257
7 12 23 -0.36532809985134373
7 12 30 -10.293485826106746
7 13 38 0.0
7 14 33 -1.1143932358671033E-4
7 14 42 -9.10208601740928
7 15 19 -0.5681890885697916
7 15 37 -9.943295830536568
7 15 29 -0.8360908020585242
7 16 13 0.0
7 17 41 0.0
7 18 53 -9.09459634629206
7 18 60 -1.1227714792511226E-4
7 19 57 -1.111218172567557
7 19 45 -0.39922126028009824
7 20 64 -1.5201262118645676E-5
7 20 49 -11.094139700065824
7 21 15 0.0
7 22 59 -0.8402714508770474
7 22 63 -0.5649181853132597
7 23 51 -11.47759394417216
7 23 71 -1.0359684613208992E-5
7 24 73 -0.09672811274718676
7 24 75 -2.3838254372739542
7 25 67 -3.810649798100726E-5
7 25 55 -10.175144792878063
8 0 2 0.0
8 1 68 0.0
8 2 1 -1.0507520244141506
8 2 25 -1.2007139498289017
8 2 76 -1.0516922647170166
8 3 80 -0.693182691608418
8 3 47 -0.6931116707724625
8 4 82 -0.5460209132493793
8 4 79 -0.8657167245849491
8 5 84 0.0
8 6 8 0.0
8 7 5 -10.682928134895954
8 7 7 -2.2933389141011195E-5
8 9 20 0.0
8 10 17 0.0
8 11 11 -0.38699621414713503
8 11 27 -1.136605992421276
8 12 34 -0.932247325147616
8 12 23 -0.5003276136939471
8 13 36 -0.31737595577844935
8 13 31 -1.3021627435897907
8 14 33 0.0
8 15 19 -1.6152002716182678
8 15 29 -0.221708134858453
8 16 39 -3.691937211548046E-5
8 16 13 -10.206792614727771
8 17 41 -0.5325710251197202
8 17 43 -0.8845343345588615
8 18 53 0.0
8 19 57 -0.6811205184448312
8 19 45 -0.7053202458037738
8 20 49 0.0
8 21 15 0.0
8 22 59 -0.6917285655404555
8 22 63 -0.6945678109073214
8 23 65 -1.4473214620859056
8 23 51 -1.3923944148961063
8 23 71 -0.6610267381806777
8 24 73 -0.37146929367669
8 24 75 -1.1702807572585154
8 25 67 -4.3810223220811215
8 25 55 -0.6562035998459548
8 25 61 -0.7578559530080515
9 0 2 0.0
9 1 68 -1.1881167574560494
9 1 24 -1.055130589736496
9 1 46 -1.0582624619336833
9 2 1 -0.6923290906106274
9 2 76 -0.693965940328438
9 3 78 0.0
9 4 82 0.0
9 5 81 -0.5781774959732351
9 5 84 -0.8230729988360591
9 6 8 -0.3869062616820971
9 6 10 -1.1367963741792424
9 7 5 -9.772660619074971
9 7 7 -5.699014931296519E-5
9 8 16 0.0
9 10 21 0.0
9 11 27 0.0
9 12 23 0.0
9 13 31 0.0
9 14 33 0.0
9 15 19 -2.0780484918945685
9 15 35 -1.2472225321235406
9 15 37 -1.7419590434092374
9 15 29 -0.8858895625323271
9 16 39 -4.653482945363367E-5
9 16 13 -9.975332772562677
9 17 41 -0.6317128163604906
9 17 43 -0.7586042030787338
9 18 53 -0.725456023815646
9 18 56 -0.6618496107915249
9 19 45 0.0
9 20 49 0.0
9 21 70 -0.9587900589303838
9 21 15 -0.4834641273379261
9 22 59 -0.6692139059529396
9 22 63 -0.7176673313694062
9 23 65 -0.7336796460427898
9 23 51 -0.6541937994028209
9 24 73 -0.734670497249662
9 24 75 -0.6532795293618613
9 25 67 -4.203834638351793
9 25 55 -0.6953551755300417
9 25 61 -0.7212080390551909
10 0 2 0.0
10 1 68 -1.1892492204230334
10 1 24 -1.0554708959251027
10 1 46 -1.0569280445675504
10 2 1 -0.6929657808527226
10 2 76 -0.693328613178992
10 3 78 0.0
10 4 82 0.0
10 5 81 -0.5782309664281436
10 5 84 -0.8230046951405334
10 6 8 -0.37040153716418445
10 6 10 -1.1726583622770843
10 7 5 -10.401495770231625
10 7 7 -3.0387458727096922E-5
10 8 16 0.0
10 9 20 0.0
10 11 27 0.0
10 12 34 -0.8469089000938058
10 12 23 -0.5599076074717982
10 13 36 -0.22303156831259363
10 13 31 -1.6098859698846353
10 14 33 0.0
10 15 19 -2.994888150400258
10 15 29 -0.05133774166615559
10 16 39 -3.249559960833286E-5
10 16 13 -10.334422122215786
10 17 41 -0.49572056829283456
10 17 43 -0.939384931960663
10 18 53 0.0
10 19 57 -0.6851484082460658
10 19 45 -0.7012104494726107
10 20 49 0.0
10 21 15 0.0
10 22 59 -0.6818534131195251
10 22 63 -0.7045699555515336
10 23 65 -1.24598115987373
10 23 51 -1.169718078152887
10 23 71 -0.9115842831970564
10 24 73 -0.44096951525095074
10 24 75 -1.0311751241699236
10 25 67 -4.564339002589479
10 25 55 -0.6403015604750389
10 25 61 -0.7712172681302982
11 0 2 0.0
11 1 68 -1.6298760934453562
11 1 24 -0.9051578628034794
11 1 46 -0.917371016713922
11 2 1 -0.6902462457877611
11 2 76 -0.6960565552442525
11 3 78 0.0
11 4 82 0.0
11 5 81 -0.22912412660294484
11 5 84 -1.5858669931100253
11 6 10 0.0
11 7 5 -12.780579479908608
11 7 7 -2.81491618163466E-6
11 8 16 -1.1350324117712562
11 8 9 -0.3877406735283715
11 9 20 0.0
11 10 26 0.0
11 12 34 -0.6204128913481447
11 12 23 -0.7715896394648518
11 13 36 -0.6018313499299739
11 13 38 -9.534216451715805
11 13 31 -0.7938072576800101
11 14 33 0.0
11 15 19 -0.5850191407305405
11 15 29 -0.8144004270664615
11 16 13 0.0
11 17 41 -1.2077759141067441
11 17 43 -0.35504945699392537
11 18 53 -0.22538193733949732
11 18 60 -1.6005341381096896
11 19 57 -1.3386421737179377
11 19 45 -0.30408446048138577
11 20 49 0.0
11 21 15 0.0
11 22 59 -1.0050457433761195
11 22 63 -0.45575031773589286
11 23 65 -11.074656548634461
11 23 51 -10.201264466097117
11 23 71 -5.262494922272798E-5
11 24 73 -0.09363985478922637
11 24 75 -2.414753790248696
11 25 67 -9.127885374316033
11 25 55 -1.0860087706754717E-4
12 0 2 0.0
12 1 68 0.0
12 2 1 -0.9314241765224962
12 2 25 -1.5509013440432955
12 2 76 -0.9315286102806716
12 3 80 -1.3505494108531246
12 3 78 -0.7301955972631776
12 3 47 -1.3505898594475887
12 4 82 0.0
12 5 84 0.0
12 6 8 -2.2066275926491418E-5
12 6 12 -10.721471124220583
12 7 5 -10.126444956964221
12 7 7 -4.000824688763829E-5
12 8 18 0.0
12 9 22 0.0
12 10 17 -2.487469500984142
12 10 21 -0.7333237215958643
12 10 28 -0.8288064435468436
12 11 11 -1.3733442376675535
12 11 27 -0.29203631825070353
12 13 31 0.0
12 14 33 0.0
12 15 35 -0.14032628411170006
12 15 37 -2.0331277661126754
12 16 39 0.0
12 17 41 -0.6293582053779123
12 17 43 -0.7612841154752661
12 18 53 -0.7514386723483127
12 18 56 -0.6380672398218266
12 19 45 0.0
12 20 49 0.0
12 21 70 -0.10816914952678615
12 21 15 -2.277656176499382
12 22 59 -0.7333238403843355
12 22 63 -0.6545225308348085
12 23 65 -0.7493265024591222
12 23 51 -0.6399568022320967
12 24 73 -1.3044402027141728
12 24 75 -0.31652661059728976
12 25 67 -4.640538974938145
12 25 55 -0.6504171915896657
12 25 61 -0.7581776047441099
13 0 2 0.0
13 1 68 0.0
13 2 1 -0.79951671432259
13 2 25 -2.293750789737389
13 2 76 -0.7994715270874361
13 3 80 -0.6931105876644462
13 3 47 -0.6931837747945333
13 4 82 -0.0909571028890804
13 4 79 -2.4425011391980465
13 5 84 0.0
13 6 12 0.0
13 7 5 -2.081166712803257
13 7 7 -0.13328518238373793
13 8 18 -7.078186054588349E-5
13 8 9 -9.555943187792803
13 9 22 0.0
13 10 17 -2.9915012309216076
13 10 21 -1.8504572302802726
13 10 28 -0.23240794541902127
13 11 11 -10.638485565305531
13 11 27 -2.397560800565416E-5
13 12 30 0.0
13 14 33 -1.0491965550403228
13 14 42 -0.4311199233479556
13 15 35 -2.7674290381836504
13 15 37 -0.06488344849479184
13 16 39 0.0
13 17 41 0.0
13 18 53 0.0
13 19 57 -0.5422394008327588
13 19 45 -0.8709462725210939
13 20 49 0.0
13 21 70 -2.800702760682726E-5
13 21 15 -10.483069096805071
13 22 59 -0.6048101197716345
13 22 63 -0.790050504231354
13 23 65 -0.7555536708121966
13 23 51 -0.6344075447543929
13 24 73 -1.7780446556186564
13 24 75 -0.18508723638127084
13 25 67 -4.940296860220979
13 25 55 -0.5794137262423669
13 25 61 -0.8378936651374042
14 0 2 0.0
14 1 68 0.0
14 2 1 -0.9365718067407023
14 2 25 -1.5316884418538697
14 2 76 -0.936849750206575
14 3 80 -1.3392201264924612
14 3 78 -0.7426078634680732
14 3 47 -1.339110222316164
14 4 82 0.0
14 5 84 0.0
14 6 8 -3.2314694544443276E-5
14 6 12 -10.340004649032219
14 7 5 -9.785332571497662
14 7 7 -5.6272509086998644E-5
14 8 18 0.0
14 9 22 0.0
14 10 17 -1.51454225875514
14 10 21 -0.9629634828045277
14 10 28 -0.9204711885946235
14 11 11 -1.3681405199900627
14 11 27 -0.29380733488870786
14 12 32 0.0
14 13 40 -0.40777815024173697
14 13 31 -1.0940021932804984
14 15 35 -0.6649421543273324
14 15 37 -0.722170876750595
14 16 39 0.0
14 17 43 0.0
14 18 53 -1.4560221801425484
14 18 56 -0.26547959321870646
14 19 45 0.0
14 20 49 -5.1468275833884105
14 20 66 -0.005834821580671624
14 21 70 -0.008171962087493781
14 21 15 -4.811129439860571
14 22 59 -1.2241949677863102
14 22 63 -0.3481319394673905
14 23 65 -0.012504795819003503
14 23 51 -4.387888925239117
14 24 73 -1.7557364545256569
14 24 75 -0.18968453815291206
14 25 55 -0.5768127731131326
14 25 61 -0.8248191294380243
15 0 2 0.0
15 1 68 0.0
15 2 1 -1.0036352499672048
15 2 25 -1.3201356183543373
15 2 76 -1.0041486795919352
15 3 80 -1.2161567934234248
15 3 78 -0.8983063801438059
15 3 47 -1.2161324276712968
15 4 82 0.0
15 5 84 0.0
15 6 8 0.0
15 7 5 -10.516403843311076
15 7 7 -2.7088797309927125E-5
15 8 18 0.0
15 9 20 -0.8142298761527129
15 9 22 -0.5851547537876994
15 10 17 -2.4674481907247907
15 10 28 -0.08861372813494729
15 11 11 -0.4501078847664669
15 11 27 -1.014894583527742
15 12 34 0.0
15 13 36 -0.0761622498642552
15 13 31 -2.6127287889188624
15 14 33 0.0
15 16 39 -2.6684104647017272E-5
15 16 13 -10.53145584343849
15 17 41 -0.43288757698333236
15 17 43 -1.0459251818259925
15 18 53 0.0
15 19 57 -0.6817976222084345
15 19 45 -0.7046270315649605
15 20 49 0.0
15 21 70 -1.1495668246888142
15 21 15 -0.3809295200232243
15 22 59 -0.6703249383359399
15 22 63 -0.7165024664520716
15 23 65 -0.7438867507608344
15 23 51 -0.6448582692769336
15 24 73 -0.6366331694651163
15 24 75 -0.7530473453012442
15 25 67 -4.686638015837963
15 25 55 -0.6217603880687976
15 25 61 -0.790133751979572
16 0 2 0.0
16 1 68 0.0
16 2 1 -1.10213688784534
16 2 25 -1.0916321881634172
16 2 76 -1.1021045024717704
16 3 80 -0.6931006827348662
16 3 47 -0.6931936805471728
16 4 82 -0.7029551329527595
16 4 79 -0.683434490524835
16 5 84 0.0
16 6 12 0.0
16 7 5 -2.1017239288530787
16 7 7 -0.13038834169614152
16 8 9 0.0
16 9 22 0.0
16 10 17 -10.245646588450501
16 10 21 -0.3649217996059503
16 10 26 -10.163238128093482
16 10 28 -1.1852328768248783
16 11 11 0.0
16 12 30 0.0
16 13 38 0.0
16 14 33 -0.7160222879660366
16 14 42 -0.670783662832689
16 15 19 -10.312884010296465
16 15 35 -0.7457509766378622
16 15 37 -0.6432359725199114
16 17 41 0.0
16 18 53 -4.54345662074932
16 18 60 -0.01069354906036749
16 19 57 -0.031317777258783666
16 19 45 -3.479187401291415
16 20 49 0.0
16 21 70 -3.2103045925267343E-6
16 21 15 -12.649146341835817
16 22 59 -0.2969635368843597
16 22 63 -1.3589559115745526
16 23 65 -3.474028819659138
16 23 51 -0.03148232652109309
16 24 73 -2.6807803416547205
16 24 75 -0.07096947261101208
16 25 67 -0.004210944180544453
16 25 55 -5.472173118774554
17 0 2 0.0
17 1 68 0.0
17 2 1 -0.8062204825226038
17 2 25 -2.2358926774949763
17 2 76 -0.806179850769137
17 3 80 -0.6931120253447609
17 3 47 -0.6931823370110625
17 4 82 -0.09983186332453432
17 4 79 -2.353768574272671
17 5 84 0.0
17 6 12 0.0
17 7 5 -2.080711379682209
17 7 7 -0.1333501187557297
17 8 18 -8.202086559634996E-5
17 8 9 -9.408577894730241
17 9 22 0.0
17 10 17 -2.7372865564520965
17 10 21 -1.0090356604949975
17 10 28 -0.5609199399122652
17 11 11 -10.425500618903543
17 11 27 -2.966668717545098E-5
17 12 32 -0.7328629723164785
17 12 30 -0.6549486649017879
17 13 40 0.0
17 14 42 0.0
17 15 35 -1.0727683222716717
17 15 37 -0.4186419512900028
17 16 39 0.0
17 18 53 0.0
17 19 57 -0.5359099499465073
17 19 45 -0.8798059763152356
17 20 49 -5.649878493016251
17 20 66 -0.0035241467204543287
17 21 70 -3.837508220531861E-6
17 21 15 -12.470689221629199
17 22 59 -0.45492473673319406
17 22 63 -1.0064772908920259
17 23 65 -0.00946848450459672
17 23 51 -4.66451692253091
17 24 73 -1.9319346011157184
17 24 75 -0.1564990454881745
17 25 55 -0.1798874230460659
17 25 61 -1.8040198143267774
18 0 2 0.0
18 1 68 0.0
18 2 1 -0.8110270270239809
18 2 25 -2.1966208575679147
18 2 76 -0.810984387072847
18 3 80 -0.69311049622234
18 3 47 -0.6931838662433409
18 4 82 -0.1058600992989728
18 4 79 -2.2981000360851995
18 5 84 0.0
18 6 12 0.0
18 7 5 -12.125414596328074
18 7 7 -10.906861105877796
18 7 14 -2.3752306440912676E-5
18 8 18 -9.441920565298607E-5
18 8 9 -9.26781326502421
18 9 22 0.0
18 10 17 -2.7149114271505703
18 10 21 -0.9675804919675525
18 10 28 -0.5909736263452557
18 11 11 -10.331324078840165
18 11 27 -3.259643013435375E-5
18 12 32 -0.669554305319669
18 12 30 -0.7173101569706666
18 13 40 0.0
18 14 42 -1.4437753805975921
18 14 44 -0.269233240365783
18 15 35 -0.9882232680007457
18 15 37 -0.46559332106234186
18 16 48 -0.010098875478375532
18 16 39 -4.6003763883807975
18 17 52 0.0
18 19 57 0.0
18 20 66 0.0
18 21 70 0.0
18 22 59 -0.124379983435379
18 22 63 -2.1459594921045317
18 23 65 -0.163734377920203
18 23 51 -1.8902602100032067
18 24 73 -1.1442880847179187
18 24 75 -0.38338646543265587
18 25 55 -2.2489159546967783
18 25 61 -0.11150551762230627
19 0 2 0.0
19 1 68 0.0
19 2 1 -0.9394791729725431
19 2 25 -1.5211599027278746
19 2 76 -0.9397888820526527
19 3 80 -1.332972051539115
19 3 78 -0.7495480416927679
19 3 47 -1.3328388268208162
19 4 82 0.0
19 5 84 0.0
19 6 8 -3.764293177021755E-5
19 6 12 -10.187384177937732
19 7 5 -11.008844146012027
19 7 7 -3.0590329235472473
19 7 14 -0.04808750765762972
19 8 18 0.0
19 9 22 0.0
19 10 17 -1.4939888439717313
19 10 21 -0.9696130967026
19 10 28 -0.9255969120928258
19 11 11 -1.3498509583654594
19 11 27 -0.3001311093105654
19 12 32 0.0
19 13 40 -0.427967742256422
19 13 31 -1.0550714240049435
19 14 44 0.0
19 15 35 -0.6842398288229092
19 15 37 -0.7021345868197961
19 16 48 -0.03848757052820953
19 16 39 -3.276601998717444
19 17 52 -0.4630537127503839
19 17 43 -0.9925208731008026
19 18 56 0.0
19 20 66 0.0
19 21 70 0.0
19 22 59 -2.425077496797296
19 22 63 -0.09263215769931149
19 23 65 -0.16378398597795704
19 23 51 -1.8899814043662413
19 24 73 -1.1120735943207989
19 24 75 -0.3988018035821357
19 25 55 -1.633437620726064
19 25 61 -0.21723255436627242
20 0 2 0.0
20 1 68 0.0
20 2 1 -1.1021323843875177
20 2 25 -1.0916353030723753
20 2 76 -1.1021058580990444
20 3 80 -0.6931026905173332
20 3 47 -0.6931916725820094
20 4 82 -0.7029582356935681
20 4 79 -0.6834314477735397
20 5 84 0.0
20 6 12 0.0
20 7 5 -12.366443395160106
20 7 7 -11.429292791351893
20 7 14 -1.5131548582782377E-5
20 8 9 0.0
20 9 22 0.0
20 10 17 -9.828432773747254
20 10 21 -0.36426742858792094
20 10 26 -9.724812461019532
20 10 28 -1.1868504474100106
20 11 11 0.0
20 12 30 0.0
20 13 38 0.0
20 14 33 -4.007573321557295
20 14 42 -0.018344692243000282
20 15 19 -9.794639844022955
20 15 35 -0.7393527808024377
20 15 37 -0.6490892670558177
20 16 48 0.0
20 17 54 -0.008308913351233868
20 17 41 -4.79457802274847
20 18 53 -1.7482373809325455
20 18 60 -0.19125798093567364
20 19 57 -0.13501461651890875
20 19 45 -2.069120120055476
20 21 70 0.0
20 22 59 -0.38433750275096784
20 22 63 -1.1422557041493895
20 23 65 -0.04918679174368523
20 23 51 -3.0366227440707556
20 24 73 -2.1604037091893087
20 24 75 -0.1224824548511844
20 25 67 0.0
21 0 0 -0.3663791204273454
21 0 2 -1.1816893677782738
21 1 68 0.0
21 2 25 0.0
21 3 80 -0.595898287904332
21 3 47 -0.8008823498184374
21 4 82 -11.8646409448981
21 4 77 -0.7121729440174721
21 4 79 -0.674490458190111
21 5 4 0.0
21 6 85 -11.352438848381517
21 6 6 -1.1740889522156464E-5
21 7 14 0.0
21 8 9 0.0
21 9 20 -0.4471951250390507
21 9 22 -1.0200390184799042
21 10 17 -0.4803126601401846
21 10 26 -0.9638802441228317
21 11 11 0.0
21 12 30 0.0
21 13 38 0.0
21 14 33 -3.424898478334263
21 14 42 -0.033094207611213726
21 15 19 -1.0165689522856134
21 15 35 -1.8080922950472365
21 15 37 -1.751195976148426
21 15 29 -1.2018655604925963
21 16 50 -3.671846102749343E-5
21 16 13 -10.21224926327908
21 17 54 -0.013767509932216846
21 17 41 -4.29231967270121
21 18 53 -1.5711039614067321
21 18 60 -0.2329611304618687
21 19 57 -0.15290745716118626
21 19 45 -1.9534021186299075
21 20 64 -0.07597889113213636
21 20 49 -2.6150486496768575
21 22 59 -0.406505699121179
21 22 63 -1.0965343495079587
21 23 71 0.0
21 24 73 -0.033493206143886754
21 24 75 -3.413112524449659
21 25 67 0.0
22 0 2 0.0
22 1 68 0.0
22 2 1 -0.8108752582587913
22 2 25 -2.197605346898995
22 2 76 -0.8108900022228647
22 3 80 -0.6931332318777953
22 3 47 -0.693161129436664
22 4 82 -0.10571239908895838
22 4 79 -2.2994237017148835
22 5 84 0.0
22 6 12 0.0
22 7 5 -11.595163732470008
22 7 7 -10.521926744197936
22 7 14 -3.615041424257343E-5
22 8 18 -1.5834322547326058E-4
22 8 9 -8.750824738443887
22 9 22 0.0
22 10 17 -2.484494070233812
22 10 21 -0.8409099220493125
22 10 28 -0.722958353170226
22 11 11 -9.90900214267757
22 11 27 -4.9726265695323617E-5
22 12 32 0.0
22 13 40 -0.43320530550629316
22 13 31 -1.0453389103736757
22 14 44 0.0
22 15 35 -0.7182510867342625
22 15 37 -0.6686580780142711
22 16 48 -0.018438453195425277
22 16 39 -4.002522008431505
22 17 52 -0.3035716143557539
22 17 43 -1.340086664525107
22 18 58 0.0
22 19 57 -2.4130413756990556
22 19 62 -0.09380811071562199
22 20 66 0.0
22 21 70 0.0
22 23 65 -0.1776661447551184
22 23 51 -1.8153672801170888
22 24 73 -1.0953310201287774
22 24 75 -0.40710978875114007
22 25 55 -1.9628578514946442
22 25 61 -0.15135377847092363
23 0 2 0.0
23 1 68 0.0
23 2 1 -1.9240185296560335
23 2 25 -0.3410018982544871
23 2 76 -1.9454461648497252
23 3 80 -0.6173460493159407
23 3 47 -0.7751688706371027
23 4 82 -12.217093420091052
23 4 79 -4.945210886103216E-6
23 5 4 -3.365275491891691E-6
23 5 84 -12.602002411081292
23 6 12 0.0
23 7 7 -12.2645552783119
23 7 14 -4.715984224932526E-6
23 8 9 0.0
23 9 22 0.0
23 10 17 -9.999416947069241
23 10 21 -0.3646801740661618
23 10 26 -9.892244794195474
23 10 28 -1.1858536200091871
23 11 11 0.0
23 12 30 0.0
23 13 38 0.0
23 14 33 -4.013498477520688
23 14 42 -0.01823532429582447
23 15 19 -9.962993202602814
23 15 35 -0.7436202386526316
23 15 37 -0.6451895220296711
23 16 50 0.0
23 17 54 -0.00805555990398526
23 17 41 -4.825417830771039
23 18 53 -1.7335683423725625
23 18 60 -0.19437744890873998
23 19 57 -0.13420843875318358
23 19 45 -2.0747150104553556
23 20 64 -0.030268581743032194
23 20 49 -3.5127411272994205
23 21 70 0.0
23 22 59 -0.38667431746656106
23 22 63 -1.1372875236703615
23 24 73 -3.516829990349828
23 24 75 -0.030143189941116828
23 25 67 0.0
24 0 0 -0.3961418655583493
24 0 2 -1.117523665536653
24 1 68 0.0
24 2 25 0.0
24 3 80 -0.606119416435763
24 3 47 -0.7884770252802102
24 4 82 -11.498335361070678
24 4 77 -0.709255822656567
24 4 79 -0.6773138933761452
24 5 4 0.0
24 6 85 -11.465123086411106
24 6 6 -4.791689582514696E-5
24 6 12 -10.193141849693692
24 7 14 0.0
24 8 9 0.0
24 9 22 0.0
24 10 17 -1.500063045346615
24 10 21 -1.1090214928792046
24 10 26 -1.854584989132421
24 10 28 -1.2362053144004062
24 11 11 0.0
24 12 30 0.0
24 13 38 0.0
24 14 33 -3.4951645447773823
24 14 42 -0.0308136570155433
24 15 19 -1.4877633509494466
24 15 35 -0.9918458862262789
24 15 37 -0.9082450220595085
24 16 50 0.0
24 17 54 -0.015191089243405426
24 17 41 -4.1946321862759
24 18 53 -1.6351535468271134
24 18 60 -0.21681665748329007
24 19 57 -0.15529076792687535
24 19 45 -1.9390967821678389
24 20 64 -0.14491693404962386
24 20 49 -2.0031781512083415
24 21 72 0.0
24 22 59 -0.4158819208798503
24 22 63 -1.078098648170393
24 23 71 -3.415935208144506
24 23 74 -0.03339720452575544
24 25 67 0.0
25 0 2 0.0
25 1 68 0.0
25 2 1 -0.8110435191690311
25 2 25 -2.1964292427111305
25 2 76 -0.8110158360943254
25 3 80 -0.6931147983420275
25 3 47 -0.6931795638265054
25 4 82 -0.10589582085053842
25 4 79 -2.2977801975328793
25 5 84 0.0
25 6 12 0.0
25 7 5 -12.059388220277176
25 7 7 -10.972380563084023
25 7 14 -2.2959627661147156E-5
25 8 18 -1.0831408494777289E-4
25 8 9 -9.130529514048865
25 9 22 0.0
25 10 17 -2.606695274190701
25 10 21 -0.9778571279160327
25 10 28 -0.5976445867102472
25 11 11 -10.2158714573322
25 11 27 -3.658569779556694E-5
25 12 32 -0.717288170641151
25 12 30 -0.6695752668002806
25 13 40 0.0
25 14 42 0.0
25 15 35 -1.0062032836174428
25 15 37 -0.4550826140168958
25 16 48 -0.012040274596841889
25 16 39 -4.425512129278399
25 17 54 0.0
25 18 53 -1.8330358101090747
25 18 60 -0.1742668683807602
25 19 57 -0.36757334559981114
25 19 45 -1.178995807893965
25 20 66 0.0
25 21 70 0.0
25 22 59 -0.4561129734163683
25 22 63 -1.0044179230490282
25 23 65 -0.15457783839642433
25 23 51 -1.9433510223156791
25 24 73 -1.1541204918865362
25 24 75 -0.37882525280119056
