0 1 24 0.0
0 2 1 0.0
0 3 78 -0.6524648942488993
0 3 47 -0.7355549603643825
0 4 3 -0.3475357654598292
0 4 77 -1.2256280892538425
0 5 81 -0.5260358879923746
0 5 69 -0.8939005154400286
0 6 85 -0.42459501099232705
0 6 10 -1.0614165329965062
0 7 5 -0.294777979754794
0 7 7 -1.3653038392694081
0 8 16 -1.2248091513953316
0 8 9 -0.34787629287544103
0 9 20 0.0
0 10 26 0.0
0 11 83 0.0
0 12 34 -0.4351200824378434
0 12 23 -1.0418169561728667
0 13 36 -0.7540012961316483
0 13 38 -1.3533881554886458
0 13 31 -1.3050596918660933
0 14 33 0.0
0 15 19 -0.5280248226427409
0 15 29 -0.8910341754348169
0 16 13 0.0
0 17 41 -0.6018286650021963
0 17 43 -0.793650534727301
0 18 53 -0.6584690700702124
0 18 60 -0.729071197410663
0 19 57 -0.3949284775810641
0 19 45 -1.1200245768193604
0 20 49 0.0
0 21 15 0.0
0 22 59 -0.675373619337074
0 22 63 -0.7112423662941267
0 23 65 -4.548932119930616
0 23 51 -3.294243901389277
0 23 71 -0.04884847241343352
0 24 73 -0.0229413120106445
0 24 75 -3.786264702552448
0 25 67 -1.743214822265374
0 25 55 -0.1923198209883881
1 0 0 0.0
1 2 25 0.0
1 3 47 0.0
1 4 3 -1.1432337066008686
1 4 77 -0.9045604329422665
1 4 79 -1.2855670216090707
1 5 81 -0.5928679434338009
1 5 69 -0.8046147127152404
1 6 85 0.0
1 7 5 -0.27403955209691216
1 7 7 -1.4283754943880138
1 8 9 0.0
1 9 20 0.0
1 10 17 -1.2753735985074446
1 10 26 -0.32756921620236196
1 11 83 -0.001076356348351086
1 11 11 -6.834711823206618
1 12 34 -0.6269132744292358
1 12 23 -0.8303525277257985
1 12 30 -3.5110312054848984
1 13 38 0.0
1 14 33 -0.24245264397056962
1 14 42 -1.5357270874311935
1 15 19 -1.3154734124733785
1 15 37 -3.3170484711550854
1 15 29 -0.36327805332396873
1 16 13 0.0
1 17 41 0.0
1 18 53 -1.4152521181891506
1 18 60 -0.27821288069769057
1 19 57 -1.7142973124557368
1 19 45 -0.19856097333694755
1 20 49 0.0
1 21 15 0.0
1 22 59 -2.185590228207416
1 22 63 -0.119246892998048
1 23 65 -4.542059905808797
1 23 51 -3.3011543474895326
1 23 71 -0.04865683494981077
1 24 73 -0.09154153137074453
1 24 75 -2.4363841444836623
1 25 67 -0.20164078666709034
1 25 55 -1.7003942901210358
2 0 0 0.0
2 1 24 0.0
2 3 78 -0.6929262478831173
2 3 47 -0.6933681620588077
2 4 3 -1.03117696484064
2 4 77 -0.4409684951281779
2 5 81 -0.5123055156358247
2 5 69 -0.9140749923841709
2 6 85 -0.42417418868013446
2 6 10 -1.062212565973933
2 7 5 -0.29546160929178333
2 7 7 -1.3633124170487976
2 8 16 -1.2260468328966974
2 8 9 -0.3473617976591868
2 9 20 0.0
2 10 26 0.0
2 11 83 0.0
2 12 34 -0.4349810315076436
2 12 23 -1.0420720762251543
2 13 36 -0.754002793695205
2 13 38 -1.3535871201361478
2 13 31 -1.3048675531326221
2 14 33 0.0
2 15 19 -0.5282073791820396
2 15 29 -0.8907717815359545
2 16 13 0.0
2 17 41 -0.6014004521648266
2 17 43 -0.7941695409283742
2 18 53 -0.6579976680437846
2 18 60 -0.7295773317786207
2 19 57 -0.3948268920210565
2 19 45 -1.1202343765033242
2 20 49 0.0
2 21 15 0.0
2 22 59 -0.6751168278922943
2 22 63 -0.7115086053252531
2 23 65 -4.5451232128209895
2 23 51 -3.2977297771196086
2 23 71 -0.048755317551319455
2 24 73 -0.02208627403829083
2 24 75 -3.823821759607275
2 25 67 -1.7435547419863957
2 25 55 -0.1922477531060855
3 0 2 0.0
3 1 46 0.0
3 2 1 -2.769653589449487
3 2 25 -0.15643954609326685
3 2 76 -2.4994145493293978
3 4 79 0.0
3 5 81 -0.47754102568258183
3 5 69 -0.9683918170757401
3 6 85 0.0
3 7 5 -0.27404338237158365
3 7 7 -1.4283633451741027
3 8 9 0.0
3 9 20 0.0
3 10 17 -1.2753769579786172
3 10 26 -0.3275679141042973
3 11 83 -0.0013475142170462273
3 11 11 -6.6101673860034555
3 12 34 -0.6267123218799697
3 12 23 -0.8303430980882237
3 12 30 -3.5147707717847396
3 13 38 0.0
3 14 33 -0.2424339982693576
3 14 42 -1.5357950483874863
3 15 19 -1.3154790336960132
3 15 37 -3.3129624880919244
3 15 29 -0.3634893966650018
3 16 13 0.0
3 17 41 0.0
3 18 53 -1.4149809229992742
3 18 60 -0.2782998868372129
3 19 57 -1.7143835118805772
3 19 45 -0.1985420409395895
3 20 49 0.0
3 21 15 0.0
3 22 59 -2.1846280620584078
3 22 63 -0.11936881553437222
3 23 65 -4.542489050547735
3 23 51 -3.3009792977862875
3 23 71 -0.04865880813565149
3 24 73 -0.09135009365343458
3 24 75 -2.4383833402955264
3 25 67 -0.2016488155825085
3 25 55 -1.7003583526334598
4 0 2 0.0
4 1 24 -0.059069945605550775
4 1 46 -2.858422609770906
4 2 1 -1.7141167628481395
4 2 76 -0.19860063477341708
4 3 78 0.0
4 5 81 -1.0036583905274286
4 5 69 -0.4565521921673916
4 6 85 -0.42510261006149436
4 6 10 -1.0604576393674492
4 7 5 -0.2969648374622012
4 7 7 -1.3589521501471906
4 8 16 -1.2247156381039068
4 8 9 -0.3479152023169553
4 9 20 0.0
4 10 26 0.0
4 11 83 0.0
4 12 34 -0.4351533010152563
4 12 23 -1.0417560241369102
4 13 36 -0.753962368930948
4 13 38 -1.3538066476936244
4 13 31 -1.3047286254862218
4 14 33 0.0
4 15 19 -0.5284557661471287
4 15 29 -0.890414955037084
4 16 13 0.0
4 17 41 -0.6010770489722912
4 17 43 -0.7945618408906941
4 18 53 -0.6578041938499474
4 18 60 -0.7297852041880313
4 19 57 -0.3947672177616719
4 19 45 -1.1203576492950873
4 20 49 0.0
4 21 15 0.0
4 22 59 -0.6753246660214027
4 22 63 -0.7112931099040912
4 23 65 -4.541717064179001
4 23 51 -3.29893032373768
4 23 71 -0.04874678886893153
4 24 73 -0.022779731557870306
4 24 75 -3.7932523495124446
4 25 67 -1.7436771964047608
4 25 55 -0.19222179827729502
5 0 0 -0.7440417495960302
5 0 2 -0.6447179049413682
5 1 68 0.0
5 2 25 0.0
5 3 80 -0.03198305395345896
5 3 47 -3.4584979862562006
5 4 77 -0.8450252496636049
5 4 79 -0.5613236417834573
5 6 85 0.0
5 7 5 -0.27403327230046226
5 7 7 -1.4283954136381825
5 8 9 0.0
5 9 20 0.0
5 10 17 -1.2753974709379303
5 10 26 -0.32755996361421436
5 11 83 -0.0010178258509841982
5 11 11 -6.890595315008001
5 12 34 -0.6268721484554123
5 12 23 -0.8302774917616792
5 12 30 -3.512863741779101
5 13 38 0.0
5 14 33 -0.2424844780127537
5 14 42 -1.5356110704298642
5 15 19 -1.3154595761408798
5 15 37 -3.314076216531985
5 15 29 -0.36343861762900903
5 16 13 0.0
5 17 41 0.0
5 18 53 -1.4152062059058912
5 18 60 -0.27822760830488547
5 19 57 -1.7133897098102653
5 19 45 -0.1987604353671834
5 20 49 0.0
5 21 15 0.0
5 22 59 -2.1841085734205077
5 22 63 -0.11943469839916443
5 23 65 -4.5417303341413415
5 23 51 -3.3024513773197537
5 23 71 -0.04861038874042058
5 24 73 -0.09048173715877443
5 24 75 -2.447507017142043
5 25 67 -0.20149499442755192
5 25 55 -1.7010471322877496
6 0 2 0.0
6 1 68 0.0
6 2 1 -0.9498164635558436
6 2 25 -1.4876092129802543
6 2 76 -0.9486179954945063
6 3 80 -0.6731979096246429
6 3 47 -0.7135025398135496
6 4 82 -1.3309099374165143
6 4 79 -0.3068468329116674
6 5 84 0.0
6 7 5 -1.8074010201735367
6 7 7 -0.1792223927265892
6 8 9 0.0
6 9 20 0.0
6 10 17 -0.7029246489958108
6 10 26 -0.6834643860883176
6 11 11 0.0
6 12 34 -0.6348603546434133
6 12 23 -0.8301134613629765
6 12 30 -3.3816686417799295
6 13 38 0.0
6 14 33 -0.21209013447418143
6 14 42 -1.6549154419767111
6 15 19 -1.5996698154071476
6 15 37 -2.09408566822306
6 15 29 -0.3932589289448089
6 16 13 0.0
6 17 41 0.0
6 18 53 -1.4780275173338575
6 18 60 -0.25888361473702515
6 19 57 -1.6046116631034524
6 19 45 -0.22435376193141016
6 20 49 0.0
6 21 15 0.0
6 22 59 -2.3267495737780717
6 22 63 -0.10271126610094539
6 23 65 -4.53673095466691
6 23 51 -3.2808853589723057
6 23 71 -0.04950890055802337
6 24 73 -0.05717008567578128
6 24 75 -2.89017335752763
6 25 67 -0.19859201222640616
6 25 55 -1.7141560116368015
7 0 0 -0.7704106339665295
7 0 2 -0.6214275897262789
7 1 68 0.0
7 2 25 0.0
7 3 80 -0.665127558359918
7 3 47 -0.721974590259627
7 4 82 -1.3454809423139675
7 4 77 -0.9652647552204244
7 4 79 -1.0252599154404614
7 5 4 0.0
7 6 85 -2.0199171625811743
7 6 6 -0.14233166381026036
7 8 9 0.0
7 9 20 0.0
7 10 17 -0.702760132913501
7 10 26 -0.683625757887014
7 11 11 0.0
7 12 34 -0.6874512166263456
7 12 23 -0.8238359205625913
7 12 30 -2.840465729146351
7 13 38 0.0
7 14 33 -0.18567290560537322
7 14 42 -1.7751691561370513
7 15 19 -1.3548384560412796
7 15 37 -1.7335659673777364
7 15 29 -0.5702966738749978
7 16 13 0.0
7 17 41 0.0
7 18 53 -2.696814120158716
7 18 60 -0.06980030042652237
7 19 57 -0.18993683750516258
7 19 45 -1.75452939990948
7 20 64 -0.03302786325453832
7 20 49 -3.4268722131085525
7 21 15 0.0
7 22 59 -0.43204041785481667
7 22 63 -1.047490951124776
7 23 51 -5.070553932297934
7 23 71 -0.006298736526032995
7 24 73 -0.017893567015150907
7 24 75 -4.0322474580786585
7 25 67 -0.04826102446180375
7 25 55 -3.055164458218851
8 0 2 0.0
8 1 68 0.0
8 2 1 -0.7684963194765719
8 2 25 -2.622026082186082
8 2 76 -0.7686583716230164
8 3 80 -0.6924946142479096
8 3 47 -0.6938001729928599
8 4 82 -0.12965708625643077
8 4 79 -2.106990296235864
8 5 84 0.0
8 6 8 0.0
8 7 5 -1.4988251278951645
8 7 7 -0.25282015738665453
8 9 20 0.0
8 10 17 0.0
8 11 11 -0.7511177504249436
8 11 27 -0.6383538520553771
8 12 34 -0.6617675776777636
8 12 23 -0.7255434516878349
8 13 36 -0.38459563988181267
8 13 31 -1.1417051062472054
8 14 33 0.0
8 15 19 -1.6876596073483205
8 15 29 -0.2045081219293099
8 16 39 -0.47262797043977217
8 16 13 -0.9764705980623085
8 17 41 -0.847433309599375
8 17 43 -0.5595142130648185
8 18 53 0.0
8 19 57 -0.47513040928467265
8 19 45 -0.9723425991941953
8 20 49 0.0
8 21 15 0.0
8 22 59 -0.6703445631332037
8 22 63 -0.7164819145936112
8 23 65 -1.3778779503385794
8 23 51 -0.7078712730248157
8 23 71 -1.3657268128806006
8 24 73 -0.9905153780395362
8 24 75 -0.464236670794983
8 25 67 -6.400303831425536
8 25 55 -0.6671695245151407
8 25 61 -0.7232354478273194
9 0 2 0.0
9 1 68 -0.5546358902441353
9 1 24 -1.545964304828412
9 1 46 -1.5482844764282955
9 2 1 -0.6930941027191637
9 2 76 -0.6932002612181334
9 3 78 0.0
9 4 82 0.0
9 5 81 -0.7913433778059483
9 5 84 -0.6037371352627106
9 6 8 -0.45335193080245534
9 6 10 -1.0092134853928525
9 7 5 -1.0765314728965376
9 7 7 -0.41669108487233136
9 8 16 0.0
9 10 21 0.0
9 11 27 0.0
9 12 23 0.0
9 13 31 0.0
9 14 33 0.0
9 15 19 -3.8695562631502103
9 15 35 -0.5205821057931596
9 15 37 -3.1611787178383324
9 15 29 -1.0712441302266453
9 16 39 -0.4060714893416769
9 16 13 -1.0974006281821087
9 17 41 -1.1177589609418592
9 17 43 -0.3960275131311811
9 18 53 -0.5946774544446807
9 18 56 -0.8023829701037971
9 19 45 0.0
9 20 49 0.0
9 21 70 -0.8046029486921037
9 21 15 -0.5928774626247395
9 22 59 -0.5263229988078569
9 22 63 -0.893485887324157
9 23 65 -0.9173479803600291
9 23 51 -0.5101214119176345
9 24 73 -0.5585153349678258
9 24 75 -0.8487670173207789
9 25 67 -6.181839637452946
9 25 55 -0.7090529936882336
9 25 61 -0.6815677430979437
10 0 2 0.0
10 1 68 -0.43343163684503444
10 1 24 -1.7372082465932963
10 1 46 -1.7389300710844653
10 2 1 -0.6931921427558356
10 2 76 -0.6931022203855635
10 3 78 0.0
10 4 82 0.0
10 5 81 -0.797808039474608
10 5 84 -0.5984098115113196
10 6 8 -0.4787494309595316
10 6 10 -0.9664207747464869
10 7 5 -1.2183117316823744
10 7 7 -0.3505920759184041
10 8 16 0.0
10 9 20 0.0
10 11 27 0.0
10 12 34 -0.6985352767845433
10 12 23 -0.6877879603987499
10 13 36 -0.38779148900819055
10 13 31 -1.1349251348306564
10 14 33 0.0
10 15 19 -2.320070808710882
10 15 29 -0.10343639820941876
10 16 39 -0.4321972246624668
10 16 13 -1.0472008465101017
10 17 41 -0.832880570724797
10 17 43 -0.5705668222610656
10 18 53 0.0
10 19 57 -0.4115028503051904
10 19 45 -1.0866450789051691
10 20 49 0.0
10 21 15 0.0
10 22 59 -0.7014082147820028
10 22 63 -0.6849538322504446
10 23 65 -1.5285312504428112
10 23 51 -0.7601115728377383
10 23 71 -1.1534957738880758
10 24 73 -1.0864744578773298
10 24 75 -0.41158972192584825
10 25 67 -7.738491204640265
10 25 55 -0.6577166206509103
10 25 61 -0.7307837935309883
11 0 2 0.0
11 1 68 -2.0959668800565017
11 1 24 -0.6596030467984177
11 1 46 -1.021673047790442
11 2 1 -0.7143962411285227
11 2 76 -0.6723402637175596
11 3 78 0.0
11 4 82 0.0
11 5 81 -3.715835228201187E-4
11 5 84 -7.8979226791893415
11 6 10 0.0
11 7 5 -0.36508247869795507
11 7 7 -1.1846258259305886
11 8 16 -1.859414050529442
11 8 9 -0.16932305265293945
11 9 20 0.0
11 10 26 0.0
11 12 34 -0.33618713548058166
11 12 23 -1.2534760771614852
11 13 36 -0.8293737999293468
11 13 38 -1.230866463923815
11 13 31 -1.3032844377949115
11 14 33 0.0
11 15 19 -0.4977943856757115
11 15 29 -0.9361616289773672
11 16 13 0.0
11 17 41 -0.6025104002399722
11 17 43 -0.7928252654527128
11 18 53 -0.7886338837810083
11 18 60 -0.6059887245224719
11 19 57 -0.43561906889240914
11 19 45 -1.040902281028575
11 20 49 0.0
11 21 15 0.0
11 22 59 -0.6175121271632488
11 22 63 -0.774974435387158
11 23 65 -4.535887387045861
11 23 51 -3.289851899910208
11 23 71 -0.04916583233902147
11 24 73 -0.0994097989825055
11 24 75 -2.3577977594222497
11 25 67 -1.7218542338770795
11 25 55 -0.19690874441305983
12 0 2 0.0
12 1 68 0.0
12 2 1 -0.8269239489646502
12 2 25 -2.0793998933105327
12 2 76 -0.8264451545326015
12 3 80 -2.0899316469174947
12 3 78 -0.2839290470211361
12 3 47 -2.091640836531501
12 4 82 0.0
12 5 84 0.0
12 6 8 -0.34685808169075816
12 6 12 -1.2272606876535266
12 7 5 -1.2196837525720516
12 7 7 -0.3500165140930142
12 8 18 0.0
12 9 22 0.0
12 10 17 -3.4664368533030854
12 10 21 -0.6164612286364659
12 10 28 -0.8464838672999198
12 11 11 -0.7514470604247518
12 11 27 -0.6380597508474569
12 13 31 0.0
12 14 33 0.0
12 15 35 -0.07313603098543311
12 15 37 -2.651779289190716
12 16 39 0.0
12 17 41 -1.0910455340422294
12 17 43 -0.40927006521360726
12 18 53 -0.6726980613788764
12 18 56 -0.7140232113700073
12 19 45 0.0
12 20 49 0.0
12 21 70 -0.7446022187754608
12 21 15 -0.6442106992756412
12 22 59 -0.5257843397521761
12 22 63 -0.8942640254865182
12 23 65 -0.9035270879699948
12 23 51 -0.5194261335975103
12 24 73 -0.45393639612708053
12 24 75 -1.0081953199875457
12 25 67 -6.5933129704519216
12 25 55 -0.784309357935121
12 25 61 -0.6121283120468954
13 0 2 0.0
13 1 68 0.0
13 2 1 -0.7071059471147296
13 2 25 -4.291621891718559
13 2 76 -0.706742819962574
13 3 80 -0.6911011651289638
13 3 47 -0.695197390754087
13 4 82 -0.10097865813764652
13 4 79 -2.3429105931431318
13 5 84 0.0
13 6 12 0.0
13 7 5 -1.7734984025352747
13 7 7 -0.18601412986433127
13 8 18 -9.204392500384836E-4
13 8 9 -6.991119740492726
13 9 22 0.0
13 10 17 -2.7627978442207475
13 10 21 -1.1319778740667914
13 10 28 -0.4869624674343986
13 11 11 -1.5416893375994734
13 11 27 -0.2408229717210383
13 12 30 0.0
13 14 33 -1.5322501687917003
13 14 42 -0.24340872651690013
13 15 35 -3.420243693908594
13 15 37 -0.033251208803926215
13 16 39 0.0
13 17 41 0.0
13 18 53 0.0
13 19 57 -0.44598684157730367
13 19 45 -1.0221852676668708
13 20 49 0.0
13 21 70 -0.33785911683788766
13 21 15 -1.2493041597200296
13 22 59 -0.6036222967734592
13 22 63 -0.7914819317362675
13 23 65 -0.8503341977166203
13 23 51 -0.5573445698655499
13 24 73 -1.173948923396073
13 24 75 -0.3698234981823295
13 25 67 -7.133840794533663
13 25 55 -0.6494905186796188
13 25 61 -0.7404683049663655
14 0 2 0.0
14 1 68 0.0
14 2 1 -0.8955740559261101
14 2 25 -1.6976280699956008
14 2 76 -0.8952399946384422
14 3 80 -2.147962879294163
14 3 78 -0.2655990646589295
14 3 47 -2.1495908550313216
14 4 82 0.0
14 5 84 0.0
14 6 8 -0.34687648659868414
14 6 12 -1.2272162987919235
14 7 5 -1.2148297604036173
14 7 7 -0.3520578056125409
14 8 18 0.0
14 9 22 0.0
14 10 17 -2.9658358374642892
14 10 21 -1.0214077974601068
14 10 28 -0.5303568623070477
14 11 11 -0.7514429942117812
14 11 27 -0.6380633811958905
14 12 32 0.0
14 13 40 -0.1783577245346016
14 13 31 -1.8118177922382166
14 15 35 -0.9452401739828116
14 15 37 -0.4919813499727576
14 16 39 0.0
14 17 43 0.0
14 18 53 -2.04626069492144
14 18 56 -0.13836268316630096
14 19 45 0.0
14 20 49 -3.5614840766023543
14 20 66 -0.02880763457965787
14 21 70 -0.02839129032139707
14 21 15 -3.57583491900397
14 22 59 -2.2169923863120062
14 22 63 -0.11533931061929135
14 23 65 -0.08183191218307612
14 23 51 -2.5437249393811396
14 24 73 -2.2807524696060537
14 24 75 -0.10781605013728277
14 25 55 -0.6190369630450773
14 25 61 -0.7731925078278574
15 0 2 0.0
15 1 68 0.0
15 2 1 -0.77501767867881
15 2 25 -2.545376095772517
15 2 76 -0.774659191729266
15 3 80 -2.7192583488005653
15 3 78 -0.14131593168272294
15 3 47 -2.7202027508965907
15 4 82 0.0
15 5 84 0.0
15 6 8 0.0
15 7 5 -1.2185020379586227
15 7 7 -0.35051217558730025
15 8 18 0.0
15 9 20 -0.9987946146372481
15 9 22 -0.45937732102120626
15 10 17 -3.2123071697565075
15 10 28 -0.04109662706335735
15 11 11 -0.8664317747091945
15 11 27 -0.5455018427128381
15 12 34 0.0
15 13 36 -0.08536289521202203
15 13 31 -2.5032216032762085
15 14 33 0.0
15 16 39 -0.4065031292662414
15 16 13 -1.0965394732341707
15 17 41 -0.5007006221667979
15 17 43 -0.9316730852700783
15 18 53 0.0
15 19 57 -0.18592275096025287
15 19 45 -1.773945496213679
15 20 49 0.0
15 21 70 -0.3827046676501203
15 21 15 -1.1457488356674177
15 22 59 -0.5119795012369357
15 22 63 -0.9145624082707415
15 23 65 -0.9804156069344114
15 23 51 -0.4702518990465226
15 24 73 -1.0207572686730846
15 24 75 -0.4467903171692409
15 25 67 -7.687914273227691
15 25 55 -0.6538085673623235
15 25 61 -0.7350523547794291
16 0 2 0.0
16 1 68 0.0
16 2 1 -1.0391271618819697
16 2 25 -1.2308004659422709
16 2 76 -1.03795574190622
16 3 80 -0.6816786645851044
16 3 47 -0.7047487508037205
16 4 82 -0.7203456943328707
16 4 79 -0.6666688804195608
16 5 84 0.0
16 6 12 0.0
16 7 5 -1.1523904993733158
16 7 7 -0.3796230393735589
16 8 9 0.0
16 9 22 0.0
16 10 17 -1.33997128908728
16 10 21 -1.0514799363166973
16 10 26 -3.064956534921489
16 10 28 -1.0727378463098924
16 11 11 0.0
16 12 30 0.0
16 13 38 0.0
16 14 33 -0.89126125105272
16 14 42 -0.5278669038025124
16 15 19 -1.095387656065494
16 15 35 -1.2371749158795557
16 15 37 -0.979797397192096
16 17 41 0.0
16 18 53 -3.0108515620570118
16 18 60 -0.050503839461906896
16 19 57 -0.029171611556396207
16 19 45 -3.549109597988307
16 20 49 0.0
16 21 70 -0.007952825627444794
16 21 15 -4.838201766133808
16 22 59 -0.3805226824385755
16 22 63 -1.150444866110485
16 23 65 -7.213641992472098
16 23 51 -7.367413741411488E-4
16 24 73 -5.233273037311741
16 24 75 -0.005350319124061621
16 25 67 -0.059931756833961715
16 25 55 -2.844364974093194
17 0 2 0.0
17 1 68 0.0
17 2 1 -0.7134760757868487
17 2 25 -3.910806068548952
17 2 76 -0.7132734119822587
17 3 80 -0.6917120337645685
17 3 47 -0.6945843899621447
17 4 82 -0.11769665399192039
17 4 79 -2.1979158994079975
17 5 84 0.0
17 6 12 0.0
17 7 5 -1.5003366091006447
17 7 7 -0.2523858000388539
17 8 18 -0.0014172060410210876
17 8 9 -6.559776441670683
17 9 22 0.0
17 10 17 -2.7829126555856374
17 10 21 -1.0008252585341504
17 10 28 -0.5611265059011497
17 11 11 -1.6316249736550754
17 11 27 -0.21767285821945043
17 12 32 -0.22231774536514196
17 12 30 -1.6127479727269458
17 13 40 0.0
17 14 42 0.0
17 15 35 -0.7511628023018831
17 15 37 -0.6383136061568219
17 16 39 0.0
17 18 53 0.0
17 19 57 -1.0470139430770973
17 19 45 -0.432298286486048
17 20 49 -3.544430244684219
17 20 66 -0.029310460585699485
17 21 70 -0.010349535613449602
17 21 15 -4.5759839333168495
17 22 59 -0.5153795583318007
17 22 63 -0.9094984798411284
17 23 65 -0.08133471713376755
17 23 51 -2.549574063313875
17 24 73 -2.4011141970470495
17 24 75 -0.09498885652754388
17 25 55 -0.35250285657399977
17 25 61 -1.213775904233348
18 0 2 0.0
18 1 68 0.0
18 2 1 -0.7185714435702718
18 2 25 -3.6902815713746597
18 2 76 -0.7182867020140363
18 3 80 -0.6916440748277991
18 3 47 -0.69465254902048
18 4 82 -0.14471555954143075
18 4 79 -2.0044704454283453
18 5 84 0.0
18 6 12 0.0
18 7 5 -3.3612435174255024
18 7 7 -3.1782409682065533
18 7 14 -0.07942310836325205
18 8 18 -0.004217337935881186
18 8 9 -5.470659098753909
18 9 22 0.0
18 10 17 -2.7654483973453483
18 10 21 -1.0212994061703007
18 10 28 -0.5500422279931193
18 11 11 -1.4931299299388423
18 11 27 -0.25446441560655364
18 12 32 -0.23539087110834
18 12 30 -1.5618956632937286
18 13 40 0.0
18 14 42 -2.009312339242129
18 14 44 -0.14396372940770052
18 15 35 -0.7409911623680607
18 15 37 -0.6474881082786828
18 16 48 -0.297948429592108
18 16 39 -1.3561129236985405
18 17 52 0.0
18 19 57 0.0
18 20 66 0.0
18 21 70 0.0
18 22 59 -0.02992390601820295
18 22 63 -3.5240222289410763
18 23 65 -0.2891959994622454
18 23 51 -1.3817662835510316
18 24 73 -2.0323454588629626
18 24 75 -0.14044419111614995
18 25 55 -2.1173803851614896
18 25 61 -0.12822717330997715
19 0 2 0.0
19 1 68 0.0
19 2 1 -0.7455551528577714
19 2 25 -2.9764294649643013
19 2 76 -0.7453784696610551
19 3 80 -2.4312368313181807
19 3 78 -0.1932904734219776
19 3 47 -2.432358208207785
19 4 82 0.0
19 5 84 0.0
19 6 8 -1.0788502957212356
19 6 12 -0.4154945117594245
19 7 5 -3.2310546054337643
19 7 7 -2.5564385188378242
19 7 14 -0.1245392053972644
19 8 18 0.0
19 9 22 0.0
19 10 17 -2.7599956941291994
19 10 21 -1.0208929602368972
19 10 28 -0.5508929167540151
19 11 11 -0.8123396122872696
19 11 27 -0.5866605765067273
19 12 32 0.0
19 13 40 -0.07444836271879039
19 13 31 -2.6346427638612453
19 14 44 0.0
19 15 35 -0.8246358504146664
19 15 37 -0.5769558191502304
19 16 48 -0.5463279472814941
19 16 39 -0.8652941822618124
19 17 52 -0.6289525719458348
19 17 43 -0.7617471539359515
19 18 56 0.0
19 20 66 0.0
19 21 70 0.0
19 22 59 -3.3949823772931955
19 22 63 -0.03411655263436115
19 23 65 -0.28814108549147754
19 23 51 -1.3849185848062913
19 24 73 -2.087364027260936
19 24 75 -0.13240471536304765
19 25 55 -1.341891959457026
19 25 61 -0.3029320789987242
20 0 2 0.0
20 1 68 0.0
20 2 1 -1.0737294117392335
20 2 25 -1.150441188089632
20 2 76 -1.0736137238213856
20 3 80 -0.6863761817355818
20 3 47 -0.6999643385304672
20 4 82 -0.6773235485690077
20 4 79 -0.7092252310996381
20 5 84 0.0
20 6 12 0.0
20 7 5 -3.7702344212595054
20 7 7 -3.6096110881143026
20 7 14 -0.05140806910452789
20 8 9 0.0
20 9 22 0.0
20 10 17 -1.3412981164372162
20 10 21 -1.0551118660177368
20 10 26 -3.0642154455302024
20 10 28 -1.0681313492847966
20 11 11 0.0
20 12 30 0.0
20 13 38 0.0
20 14 33 -4.1494330212861374
20 14 42 -0.015899080308827456
20 15 19 -1.0953123796873612
20 15 35 -1.2276302979484761
20 15 37 -0.9873066265736016
20 16 48 0.0
20 17 54 -0.10888476609425007
20 17 41 -2.2714135841025613
20 18 53 -0.8791344224121245
20 18 60 -0.5363863568121
20 19 57 -0.41957296304927116
20 19 45 -1.0709799904697672
20 21 70 0.0
20 22 59 -0.5829259922860924
20 22 63 -0.8170394708279796
20 23 65 -0.148036407816229
20 23 51 -1.983402291567027
20 24 73 -4.9631965634303965
20 24 75 -0.007015094695172489
20 25 67 0.0
21 0 0 -0.8895768734375514
21 0 2 -0.52903974649247
21 1 68 0.0
21 2 25 0.0
21 3 80 -0.6661399980584687
21 3 47 -0.7209040445843141
21 4 82 -1.2491730322261114
21 4 77 -1.044697713799539
21 4 79 -1.017603816442639
21 5 4 0.0
21 6 85 -1.8066079516592242
21 6 6 -0.1793781354473909
21 7 14 0.0
21 8 9 0.0
21 9 20 -0.5263542274162558
21 9 22 -0.8934408063930169
21 10 17 -0.6193016040920475
21 10 26 -0.7728838469286314
21 11 11 0.0
21 12 30 0.0
21 13 38 0.0
21 14 33 -3.530184544296562
21 14 42 -0.029737311733682353
21 15 19 -1.319435626036686
21 15 35 -1.6881652337367117
21 15 37 -1.0580041619223453
21 15 29 -1.6059064763315545
21 16 50 -0.02444947884573645
21 16 13 -3.7233462105625166
21 17 54 -0.1106392427987833
21 17 41 -2.256290065477353
21 18 53 -0.8085641804399066
21 18 60 -0.5896835324567459
21 19 57 -0.410161937658656
21 19 45 -1.0892842965856477
21 20 64 -0.2029907770620965
21 20 49 -1.6943738262002892
21 22 59 -0.6328369423851422
21 22 63 -0.7573295196791542
21 23 71 0.0
21 24 73 -8.326844148704409E-4
21 24 75 -7.091272154594901
21 25 67 0.0
22 0 2 0.0
22 1 68 0.0
22 2 1 -0.7185553916054697
22 2 25 -3.6872259145881077
22 2 76 -0.7184594566294656
22 3 80 -0.6918985793532031
22 3 47 -0.6943973427208733
22 4 82 -0.14782270128210823
22 4 79 -1.9847427227474785
22 5 84 0.0
22 6 12 0.0
22 7 5 -3.3638796420625603
22 7 7 -3.17777819151613
22 7 14 -0.07934510663834772
22 8 18 -0.0023624532586959237
22 8 9 -6.049235677551011
22 9 22 0.0
22 10 17 -2.8938793538441954
22 10 21 -1.0229426231806016
22 10 28 -0.5359664137191604
22 11 11 -1.5039693747484704
22 11 27 -0.251345293860784
22 12 32 0.0
22 13 40 -0.06759706810730354
22 13 31 -2.727798819219621
22 14 44 0.0
22 15 35 -1.0034343423911614
22 15 37 -0.45668185423434493
22 16 48 -0.2950471480639088
22 16 39 -1.3645191123705898
22 17 52 -0.3850415074088452
22 17 43 -1.1407551334020216
22 18 58 0.0
22 19 57 -3.0441082185840855
22 19 62 -0.04881087963099214
22 20 66 0.0
22 21 70 0.0
22 23 65 -0.289145916759758
22 23 51 -1.3819156414888458
22 24 73 -2.0247759728169035
22 24 75 -0.1415905424612908
22 25 55 -1.65657180922435
22 25 61 -0.2116992026315947
23 0 2 0.0
23 1 68 0.0
23 2 1 -1.3618901206791323
23 2 25 -0.7241245390797308
23 2 76 -1.3506372096615937
23 3 80 -0.6788323260206239
23 3 47 -0.7076699297429139
23 4 82 -1.9758488101017058
23 4 79 -0.14924689994813026
23 5 4 -0.09799046336432972
23 5 84 -2.371480292559188
23 6 12 0.0
23 7 7 -8.287588236660948
23 7 14 -2.5165224260501767E-4
23 8 9 0.0
23 9 22 0.0
23 10 17 -1.3399698133517228
23 10 21 -1.051492222075984
23 10 26 -3.065025756153139
23 10 28 -1.0727169856195604
23 11 11 0.0
23 12 30 0.0
23 13 38 0.0
23 14 33 -4.1265609552553935
23 14 42 -0.01626992410012154
23 15 19 -1.0953818117299148
23 15 35 -1.2370629787253944
23 15 37 -0.9798891485905302
23 16 50 0.0
23 17 54 -0.11064809094655044
23 17 41 -2.2562144382226585
23 18 53 -0.7704277248982246
23 18 60 -0.621412864691957
23 19 57 -0.4909206220136618
23 19 45 -0.9469114378998619
23 20 64 -0.21012396082771367
23 20 49 -1.6632806196235346
23 21 70 0.0
23 22 59 -0.6115111893246835
23 22 63 -0.7820448077342359
23 24 73 -7.355091880802074
23 24 75 -6.395331305819457E-4
23 25 67 0.0
24 0 0 -0.8731745887781914
24 0 2 -0.5406384065999209
24 1 68 0.0
24 2 25 0.0
24 3 80 -0.6658386746461429
24 3 47 -0.7212224285352196
24 4 82 -1.334069240248016
24 4 77 -0.9918508930994042
24 4 79 -1.0059222791207492
24 5 4 0.0
24 6 85 -2.4105196308423684
24 6 6 -0.15214838806610384
24 6 12 -2.968690470992864
24 7 14 0.0
24 8 9 0.0
24 9 22 0.0
24 10 17 -1.174012795711956
24 10 21 -1.5810754962540725
24 10 26 -2.0133887133675117
24 10 28 -1.0452983248736534
24 11 11 0.0
24 12 30 0.0
24 13 38 0.0
24 14 33 -4.079095631281187
24 14 42 -0.017067589339745268
24 15 19 -1.0653920957950058
24 15 35 -1.6900736065994575
24 15 37 -0.7531066709375798
24 16 50 0.0
24 17 54 -0.11062829378434398
24 17 41 -2.2563836581914725
24 18 53 -0.7416902342222523
24 18 60 -0.6468518638420012
24 19 57 -0.4653074962348478
24 19 45 -0.9887054844572779
24 20 64 -0.2103874268780705
24 20 49 -1.6621546651035473
24 21 72 0.0
24 22 59 -0.6107885556988598
24 22 63 -0.7829024834859695
24 23 71 -7.05013791740389
24 23 74 -8.676656477569813E-4
24 25 67 0.0
25 0 2 0.0
25 1 68 0.0
25 2 1 -0.7191115768731822
25 2 25 -3.668392031439766
25 2 76 -0.7188801687429218
25 3 80 -0.6917042479052097
25 3 47 -0.6945921982782959
25 4 82 -0.1432861478990809
25 4 79 -2.013699379120197
25 5 84 0.0
25 6 12 0.0
25 7 5 -3.3633446724776843
25 7 7 -3.181602838974188
25 7 14 -0.07919292455947574
25 8 18 -0.004332209443292289
25 8 9 -5.443842925788563
25 9 22 0.0
25 10 17 -2.763931196638443
25 10 21 -1.0211889770799332
25 10 28 -0.5502768572210677
25 11 11 -1.4882303862945465
25 11 27 -0.25588865706323377
25 12 32 -0.2351518868107477
25 12 30 -1.5627966338584378
25 13 40 0.0
25 14 42 0.0
25 15 35 -0.7411161344084022
25 15 37 -0.6473743054254648
25 16 48 -0.2965024760414146
25 16 39 -1.360290555985616
25 17 54 0.0
25 18 53 -3.7901063479089396
25 18 60 -0.022852335897205433
25 19 57 -0.04406203754162626
25 19 45 -3.1441068197554545
25 20 66 0.0
25 21 70 0.0
25 22 59 -0.09789205087986601
25 22 63 -2.3724367008195677
25 23 65 -0.28916394911811777
25 23 51 -1.3818618614889406
25 24 73 -2.0434376129428724
25 24 75 -0.13878228578717866
