0 1 24 0.0
0 2 1 0.0
0 3 78 -0.6676828471095674
0 3 47 -0.7192769274938745
0 4 3 -0.4354604526938809
0 4 77 -1.0411928948358886
0 5 81 -0.4952933039293371
0 5 69 -0.9400511480210383
0 6 85 -1.0968351219996786
0 6 10 -0.4063548772178255
0 7 5 -0.17365052024437636
0 7 7 -1.8362796419257348
0 8 16 -1.0602581442309702
0 8 9 -0.425208308215263
0 9 20 0.0
0 10 26 0.0
0 11 83 0.0
0 12 34 -0.38081576218242535
0 12 23 -1.1498122245255773
0 13 36 -0.6399593758861718
0 13 38 -2.55322960554495
0 13 31 -0.9292334918493292
0 14 33 0.0
0 15 19 -0.36547092729959735
0 15 29 -1.1837448155106918
0 16 13 0.0
0 17 41 -0.8596657923921815
0 17 43 -0.5504391993091353
0 18 53 -0.5624341993530584
0 18 60 -0.8435522925593709
0 19 57 -0.8313951174308523
0 19 45 -0.5717110398769055
0 20 49 0.0
0 21 15 0.0
0 22 59 -0.751792830317112
0 22 63 -0.6377511468148386
0 23 65 -3.6146444327653477
0 23 51 -3.629998379935444
0 23 71 -0.054923797815413566
0 24 73 -0.17282418702180913
0 24 75 -1.8406483560230402
0 25 67 -1.863211950162101
0 25 55 -0.16862390320429835
1 0 0 0.0
1 2 25 0.0
1 3 47 0.0
1 4 3 -1.198714747405633
1 4 77 -0.9725718904867224
1 4 79 -1.1384688185983654
1 5 81 -0.6676319872754246
1 5 69 -0.7193304830628344
1 6 85 0.0
1 7 5 -0.05084197335312217
1 7 7 -3.0043463030124804
1 8 9 0.0
1 9 20 0.0
1 10 17 -0.9953971507584726
1 10 26 -0.46136368172124365
1 11 83 -0.03284205973132003
1 11 11 -3.432421364732162
1 12 34 -1.3764298568489401
1 12 23 -0.3157810638899534
1 12 30 -4.000712961345373
1 13 38 0.0
1 14 33 -0.051449564521271994
1 14 42 -2.992767771476215
1 15 19 -1.853054483558797
1 15 37 -2.693280071779504
1 15 29 -0.25413933379854975
1 16 13 0.0
1 17 41 0.0
1 18 53 -1.2174454108104487
1 18 60 -0.35095607483515445
1 19 57 -2.0756163230322224
1 19 45 -0.13407904886568875
1 20 49 0.0
1 21 15 0.0
1 22 59 -1.9092805817185925
1 22 63 -0.16038820893396197
1 23 65 -3.7138928054090514
1 23 51 -3.7120891436469337
1 23 71 -0.05004025014412003
1 24 73 -0.17205021005278545
1 24 75 -1.844760948539987
1 25 67 -0.30550175080233755
1 25 55 -1.3346648599461663
2 0 0 0.0
2 1 24 0.0
2 3 78 -0.9236210677218778
2 3 47 -0.5059684161453228
2 4 3 -0.9717627877632287
2 4 77 -0.47548322895099204
2 5 81 -0.5109662514399619
2 5 69 -0.9160798274365147
2 6 85 -1.0936595332278851
2 6 10 -0.40795071497449703
2 7 5 -0.16005133772984093
2 7 7 -1.9112191997421497
2 8 16 -1.0600031188815333
2 8 9 -0.4253434748314858
2 9 20 0.0
2 10 26 0.0
2 11 83 0.0
2 12 34 -0.38079121165652463
2 12 23 -1.1498651967918796
2 13 36 -0.6398619130260587
2 13 38 -2.5537722507207636
2 13 31 -0.9292567245165606
2 14 33 0.0
2 15 19 -0.36537979932540454
2 15 29 -1.1839513954740375
2 16 13 0.0
2 17 41 -0.8597639958890965
2 17 43 -0.5503671226623207
2 18 53 -0.5623339780147997
2 18 60 -0.8436850622145852
2 19 57 -0.8317286816654621
2 19 45 -0.571453839361496
2 20 49 0.0
2 21 15 0.0
2 22 59 -0.7518596186592936
2 22 63 -0.6376915606343402
2 23 65 -3.6938293059943157
2 23 51 -3.6877798464285863
2 23 71 -0.051192315036774155
2 24 73 -0.1675136593886133
2 24 75 -1.8692782843452749
2 25 67 -1.861721589207287
2 25 55 -0.1688978866906651
3 0 2 0.0
3 1 46 0.0
3 2 1 -1.500145497322221
3 2 25 -0.8509223116838637
3 2 76 -1.0501610435500572
3 4 79 0.0
3 5 81 -0.35748999408494875
3 5 69 -1.2020736000960708
3 6 85 0.0
3 7 5 -0.04841886614577965
3 7 7 -3.051977497016279
3 8 9 0.0
3 9 20 0.0
3 10 17 -0.9953880672044462
3 10 26 -0.4613690068626369
3 11 83 -0.035085212477450625
3 11 11 -3.3674668504787832
3 12 34 -1.3764788902161689
3 12 23 -0.3157574817909068
3 12 30 -4.000976191610055
3 13 38 0.0
3 14 33 -0.05144849522706825
3 14 42 -2.9927880249773957
3 15 19 -1.8531247894349403
3 15 37 -2.692680636267185
3 15 29 -0.2541774330040734
3 16 13 0.0
3 17 41 0.0
3 18 53 -1.217350864633664
3 18 60 -0.35099582707436766
3 19 57 -2.0755956629322965
3 19 45 -0.13408201327810182
3 20 49 0.0
3 21 15 0.0
3 22 59 -1.9091768729018836
3 22 63 -0.16040625189496288
3 23 65 -3.720392718827538
3 23 51 -3.7192760227322124
3 23 71 -0.0496903394054325
3 24 73 -0.17166655568069839
3 24 75 -1.8468070008192135
3 25 67 -0.3055021041202655
3 25 55 -1.33466387110795
4 0 2 0.0
4 1 24 -0.5028761414108815
4 1 46 -0.9283347154154948
4 2 1 -1.5867150935034695
4 2 76 -0.2289058587493833
4 3 78 0.0
4 5 81 -0.37482407087645664
4 5 69 -1.1628635026925591
4 6 85 -1.1490134562751095
4 6 10 -0.38118619015167365
4 7 5 -0.16073892754137548
4 7 7 -1.9072669519078402
4 8 16 -1.0598313167002715
4 8 9 -0.4254345618691666
4 9 20 0.0
4 10 26 0.0
4 11 83 0.0
4 12 34 -0.38078055510240794
4 12 23 -1.1498881915417565
4 13 36 -0.6397410419104086
4 13 38 -2.554435528422183
4 13 31 -0.9292875454115499
4 14 33 0.0
4 15 19 -0.3653127500813043
4 15 29 -1.1841034301267621
4 16 13 0.0
4 17 41 -0.8598342274374667
4 17 43 -0.5503155836078952
4 18 53 -0.5622683123700615
4 18 60 -0.8437720704956357
4 19 57 -0.831922546235488
4 19 45 -0.5713044265021516
4 20 49 0.0
4 21 15 0.0
4 22 59 -0.7519027183887546
4 22 63 -0.6376531125878495
4 23 65 -3.735345880804906
4 23 51 -3.7239704670997065
4 23 71 -0.04919324174315291
4 24 73 -0.1644015555698959
4 24 75 -1.88651820431347
4 25 67 -1.8609269304838583
4 25 55 -0.1690441720951481
5 0 0 -0.738839357094692
5 0 2 -0.6494518700670158
5 1 68 0.0
5 2 25 0.0
5 3 80 -0.12594651629799564
5 3 47 -2.1342103429252464
5 4 77 -1.0068372888054533
5 4 79 -0.4547174170373897
5 6 85 0.0
5 7 5 -0.04305262575628509
5 7 7 -3.166781140504376
5 8 9 0.0
5 9 20 0.0
5 10 17 -0.9954475849927472
5 10 26 -0.46133411655869416
5 11 83 -0.038399315553442795
5 11 11 -3.2788538643982346
5 12 34 -1.376124252181379
5 12 23 -0.3158760890844129
5 12 30 -4.001143564487048
5 13 38 0.0
5 14 33 -0.05142706483848938
5 14 42 -2.993194029046479
5 15 19 -1.8530263168625822
5 15 37 -2.691729368243611
5 15 29 -0.2542804185314615
5 16 13 0.0
5 17 41 0.0
5 18 53 -1.2177094317200674
5 18 60 -0.3508450946726691
5 19 57 -2.0759366839259936
5 19 45 -0.1340330908754321
5 20 49 0.0
5 21 15 0.0
5 22 59 -1.9093743701729218
5 22 63 -0.1603718937805028
5 23 65 -3.7671349651893813
5 23 51 -3.7590907278588235
5 23 71 -0.04753523234791276
5 24 73 -0.16776963820311588
5 24 75 -1.8678757586214134
5 25 67 -0.3054944860968001
5 25 55 -1.334685192122497
6 0 2 0.0
6 1 68 0.0
6 2 1 -1.0249930567637813
6 2 25 -1.4208944645709076
6 2 76 -0.9170331713158953
6 3 80 -0.6527925387746079
6 3 47 -0.7351990504868825
6 4 82 -0.436505740133289
6 4 79 -1.039280138666267
6 5 84 0.0
6 7 5 -3.896423940536736
6 7 7 -0.02052360299088984
6 8 9 0.0
6 9 20 0.0
6 10 17 -0.7887144613270805
6 10 26 -0.6059216032501837
6 11 11 0.0
6 12 34 -1.284217369912918
6 12 23 -0.3974844871252704
6 12 30 -2.9734924382399264
6 13 38 0.0
6 14 33 -0.07190140264031986
6 14 42 -2.668194808013815
6 15 19 -1.514617546109314
6 15 37 -2.369646453350958
6 15 29 -0.37601220857074263
6 16 13 0.0
6 17 41 0.0
6 18 53 -1.3411609339033546
6 18 60 -0.3031908603389126
6 19 57 -2.110701455107321
6 19 45 -0.1291444047004671
6 20 49 0.0
6 21 15 0.0
6 22 59 -2.003084114932098
6 22 63 -0.1449315991971074
6 23 65 -3.709502539120526
6 23 51 -3.6574056196165503
6 23 71 -0.051597616729906155
6 24 73 -0.17712586486004367
6 24 75 -1.818150740080901
6 25 67 -0.30655482072586615
6 25 55 -1.3317234906782156
7 0 0 -0.5581352127448972
7 0 2 -0.8492753767619466
7 1 68 0.0
7 2 25 0.0
7 3 80 -0.44028123546231673
7 3 47 -1.0324182280758882
7 4 82 -1.9866028086048715
7 4 77 -0.9354184497152243
7 4 79 -0.7541340814781787
7 5 4 0.0
7 6 85 -4.429677463323516
7 6 6 -0.011989925897774208
7 8 9 0.0
7 9 20 0.0
7 10 17 -0.7888108263870292
7 10 26 -0.6058413439602989
7 11 11 0.0
7 12 34 -1.2571808089009842
7 12 23 -0.4130989209817743
7 12 30 -2.9197284212495465
7 13 38 0.0
7 14 33 -0.0918437495334475
7 14 42 -2.4332369501487303
7 15 19 -1.541736145345392
7 15 37 -2.1411148602060353
7 15 29 -0.40276821049592826
7 16 13 0.0
7 17 41 0.0
7 18 53 -1.9422865915522933
7 18 60 -0.15475588468083482
7 19 57 -0.8817195342219205
7 19 45 -0.5345554473396813
7 20 64 -0.04531736496750586
7 20 49 -3.11663810196311
7 21 15 0.0
7 22 59 -0.7771134387012131
7 22 63 -0.6156883743831703
7 23 51 -3.6169074907395853
7 23 71 -0.027233108046562135
7 24 73 -0.1664548694284177
7 24 75 -1.8751042942954856
7 25 67 -0.09426027143485453
7 25 55 -2.4084554326930965
8 0 2 0.0
8 1 68 0.0
8 2 1 -0.8013795622483807
8 2 25 -2.2778833840487778
8 2 76 -0.8012012017935038
8 3 80 -0.6929680313598027
8 3 47 -0.6933263618602747
8 4 82 -0.18765073647707362
8 4 79 -1.7655314272498863
8 5 84 0.0
8 6 8 0.0
8 7 5 -0.9966198636222348
8 7 7 -0.4606475783772995
8 9 20 0.0
8 10 17 0.0
8 11 11 -1.2157707266282136
8 11 27 -0.3516609920988481
8 12 34 -0.719098194004282
8 12 23 -0.6678526224414012
8 13 36 -0.4037393470311357
8 13 31 -1.1020727713571306
8 14 33 0.0
8 15 19 -1.7249471140800665
8 15 29 -0.19623689745943126
8 16 39 -0.4031323165301167
8 16 13 -1.1032942613233307
8 17 41 -0.6151302395668811
8 17 43 -0.7777697484273849
8 18 53 0.0
8 19 57 -0.4642042524321323
8 19 45 -0.9905702524633001
8 20 49 0.0
8 21 15 0.0
8 22 59 -0.6177692325284332
8 22 63 -0.7746735680873807
8 23 65 -1.4310132435516252
8 23 51 -1.4257905352589475
8 23 71 -0.6527444254194336
8 24 73 -0.7461019334984171
8 24 75 -0.642856166906765
8 25 67 -8.562586350322071
8 25 55 -0.6327379337332512
8 25 61 -0.7578493816450026
9 0 2 0.0
9 1 68 -0.73902438362589
9 1 24 -1.3417108299337626
9 1 46 -1.3431494383949176
9 2 1 -0.6931674989485422
9 2 76 -0.6931268625841771
9 3 78 0.0
9 4 82 0.0
9 5 81 -0.8727726172731441
9 5 84 -0.5409267609733893
9 6 8 -0.5746050047905737
9 6 10 -0.8276554580375615
9 7 5 -0.894915491042067
9 7 7 -0.5253339137063311
9 8 16 0.0
9 10 21 0.0
9 11 27 0.0
9 12 23 0.0
9 13 31 0.0
9 14 33 0.0
9 15 19 -2.428336463579512
9 15 35 -1.256491383469786
9 15 37 -1.86833592902516
9 15 29 -0.7491140373149296
9 16 39 -0.4525820931630277
9 16 13 -1.010557071947721
9 17 41 -0.6660130941708715
9 17 43 -0.7210381095552606
9 18 53 -0.5216931685505003
9 18 56 -0.9002077004374797
9 19 45 0.0
9 20 49 0.0
9 21 70 -1.0399343450212344
9 21 15 -0.43614787993239207
9 22 59 -0.5255460331448879
9 22 63 -0.894608606504184
9 23 65 -0.6959560612065187
9 23 51 -0.6903461676295416
9 24 73 -0.3415985182983822
9 24 75 -1.2400610684688584
9 25 67 -8.273350778931993
9 25 55 -0.7184164075292728
9 25 61 -0.6689989355490883
10 0 2 0.0
10 1 68 -0.747452273705009
10 1 24 -1.3344556699015562
10 1 46 -1.3351185007601936
10 2 1 -0.6932830176951745
10 2 76 -0.6930113618739372
10 3 78 0.0
10 4 82 0.0
10 5 81 -0.7947179003466003
10 5 84 -0.6009484614284824
10 6 8 -0.5902835288423158
10 6 10 -0.8078178778597165
10 7 5 -0.9210645225207684
10 7 7 -0.5076557104420811
10 8 16 0.0
10 9 20 0.0
10 11 27 0.0
10 12 34 -0.7081732170878676
10 12 23 -0.6783435874856043
10 13 36 -0.38394608204770175
10 13 31 -1.1430914417649363
10 14 33 0.0
10 15 19 -2.322355732074597
10 15 29 -0.103187713276847
10 16 39 -0.4526865507942849
10 16 13 -1.010374596969456
10 17 41 -0.6114873064626275
10 17 43 -0.7820731320558039
10 18 53 0.0
10 19 57 -0.4506858153022931
10 19 45 -1.0138787716211617
10 20 49 0.0
10 21 15 0.0
10 22 59 -0.6079576389503052
10 22 63 -0.7862755300736707
10 23 65 -1.5905702896789775
10 23 51 -1.5855072436360356
10 23 71 -0.5253526472589857
10 24 73 -0.6648150007193545
10 24 75 -0.7223055370755859
10 25 67 -8.79548737185937
10 25 55 -0.6254551607920136
10 25 61 -0.7660819584930905
11 0 2 0.0
11 1 68 -1.6281154634651733
11 1 24 -0.7872854016440595
11 1 46 -1.0537659885706863
11 2 1 -0.765627971005558
11 2 76 -0.6255666781118104
11 3 78 0.0
11 4 82 0.0
11 5 81 -0.13119303690389933
11 5 84 -2.095964947005353
11 6 10 0.0
11 7 5 -1.7299665698729776
11 7 7 -0.19515191905064447
11 8 16 -1.5227974978529872
11 8 9 -0.24602956970158196
11 9 20 0.0
11 10 26 0.0
11 12 34 -0.3409385926987344
11 12 23 -1.2416835803612674
11 13 36 -0.6562080286341534
11 13 38 -2.019706523243922
11 13 31 -1.0541438573405186
11 14 33 0.0
11 15 19 -0.32475980485830674
11 15 29 -1.2826586514523617
11 16 13 0.0
11 17 41 -0.8543768224115992
11 17 43 -0.5543392594353601
11 18 53 -0.560865517646194
11 18 60 -0.8456339799059867
11 19 57 -0.8406644135534054
11 19 45 -0.5646199103505912
11 20 49 0.0
11 21 15 0.0
11 22 59 -0.751188568377602
11 22 63 -0.638290590259963
11 23 65 -3.6624457007522655
11 23 51 -3.642426749811238
11 23 71 -0.05325138802412441
11 24 73 -0.16685901868836103
11 24 75 -1.8728757204510662
11 25 67 -1.6907518643858406
11 25 55 -0.2038077516854384
12 0 2 0.0
12 1 68 0.0
12 2 1 -0.8211676690110663
12 2 25 -2.1212441890138884
12 2 76 -0.8205262361788899
12 3 80 -1.9282853276129959
12 3 78 -0.3435637855459575
12 3 47 -1.9285111326226787
12 4 82 0.0
12 5 84 0.0
12 6 8 -0.2611996315226141
12 6 12 -1.4702290038675996
12 7 5 -0.793824049268194
12 7 7 -0.6016854594285792
12 8 18 0.0
12 9 22 0.0
12 10 17 -2.6773981074016953
12 10 21 -0.6754243382729124
12 10 28 -0.8619971495320129
12 11 11 -0.882392153171927
12 11 27 -0.5340803873660831
12 13 31 0.0
12 14 33 0.0
12 15 35 -0.18527909081140956
12 15 37 -1.777101598515053
12 16 39 0.0
12 17 41 -0.6696021150426062
12 17 43 -0.7172600111135383
12 18 53 -0.4780649874361183
12 18 56 -0.9675364080226769
12 19 45 0.0
12 20 49 0.0
12 21 70 -1.0704097167186661
12 21 15 -0.4198703824718005
12 22 59 -0.4872718618239097
12 22 63 -0.9526954280835908
12 23 65 -0.6951389559384118
12 23 51 -0.6911593644659381
12 24 73 -0.5213727909448891
12 24 75 -0.9006756726969981
12 25 67 -8.76566704188036
12 25 55 -0.7407744535988063
12 25 61 -0.6479836877303616
13 0 2 0.0
13 1 68 0.0
13 2 1 -0.7835392583694778
13 2 25 -2.4493144257537844
13 2 76 -0.783376593433654
13 3 80 -0.6929618640656694
13 3 47 -0.6933325314027897
13 4 82 -0.17449006886480012
13 4 79 -1.831864191057497
13 5 84 0.0
13 6 12 0.0
13 7 5 -0.7482911323953558
13 7 7 -0.6408858189118493
13 8 18 -1.5274553840768514E-4
13 8 9 -8.786813540595825
13 9 22 0.0
13 10 17 -2.7075767386040477
13 10 21 -1.4388551920179333
13 10 28 -0.3622582000522077
13 11 11 -2.4884081449961895
13 11 27 -0.0866936663629437
13 12 30 0.0
13 14 33 -0.688869449240411
13 14 42 -0.6974432895074213
13 15 35 -2.670445109022868
13 15 37 -0.07173384672069837
13 16 39 0.0
13 17 41 0.0
13 18 53 0.0
13 19 57 -1.002501018639989
13 19 45 -0.4572224850603697
13 20 49 0.0
13 21 70 -0.38501050993594116
13 21 15 -1.1408211342643126
13 22 59 -0.9191910897043861
13 22 63 -0.5088967147371666
13 23 65 -0.6942641060452085
13 23 51 -0.6920315012055158
13 24 73 -0.9444816964681751
13 24 75 -0.4924637022723145
13 25 67 -8.72890315812678
13 25 55 -0.5669825408682672
13 25 61 -0.8379332255859835
14 0 2 0.0
14 1 68 0.0
14 2 1 -0.8354488525481271
14 2 25 -2.021159473560812
14 2 76 -0.8351290885428804
14 3 80 -1.9446661343157308
14 3 78 -0.3369731528704676
14 3 47 -1.9446517759275959
14 4 82 0.0
14 5 84 0.0
14 6 8 -0.2612131585768456
14 6 12 -1.4701836864411992
14 7 5 -0.7801135125298424
14 7 7 -0.6131425894879928
14 8 18 0.0
14 9 22 0.0
14 10 17 -1.8061891824222114
14 10 21 -1.3575812493580544
14 10 28 -0.5474227180011983
14 11 11 -0.8802631184908818
14 11 27 -0.5355859614982561
14 12 32 0.0
14 13 40 -0.2891055529271759
14 13 31 -1.38203603724145
14 15 35 -1.0513086898059092
14 15 37 -0.4299833722425043
14 16 39 0.0
14 17 43 0.0
14 18 53 -1.1675995145051328
14 18 56 -0.3726778349439759
14 19 45 0.0
14 20 49 -3.22999893308212
14 20 66 -0.040361205900705875
14 21 70 -0.23074190582428875
14 21 15 -1.579609010785595
14 22 59 -1.3718435575620072
14 22 63 -0.2925457882287984
14 23 65 -0.07532543159732782
14 23 51 -2.6233637777959813
14 24 73 -1.3137439507577509
14 24 75 -0.31308433128913893
14 25 55 -0.7052653957266937
14 25 61 -0.6811740599987118
15 0 2 0.0
15 1 68 0.0
15 2 1 -0.7770016102050518
15 2 25 -2.5225431126977176
15 2 76 -0.7766109727682039
15 3 80 -2.206403234645818
15 3 78 -0.24868419690109475
15 3 47 -2.206567277049392
15 4 82 0.0
15 5 84 0.0
15 6 8 0.0
15 7 5 -0.8876765508054103
15 7 7 -0.5303669849140112
15 8 18 0.0
15 9 20 -0.6262231603189958
15 9 22 -0.7648733230828867
15 10 17 -2.5090295115594063
15 10 28 -0.08484697272467884
15 11 11 -0.9195022936885763
15 11 27 -0.5086902983528166
15 12 34 0.0
15 13 36 -0.14133279888286468
15 13 31 -2.0264721418517864
15 14 33 0.0
15 16 39 -0.36381503721614444
15 16 13 -1.1875082114848445
15 17 41 -0.5736581298889991
15 17 43 -0.8288763063997211
15 18 53 0.0
15 19 57 -0.3701146893741726
15 19 45 -1.1732984927549797
15 20 49 0.0
15 21 70 -1.1096689593871139
15 21 15 -0.3999822811152221
15 22 59 -0.5919113291997157
15 22 63 -0.8057981956489247
15 23 65 -0.6949519365327887
15 23 51 -0.6913456758643423
15 24 73 -0.43240408665651425
15 24 75 -1.0468183342115254
15 25 67 -8.804249280335965
15 25 55 -0.5920098256087843
15 25 61 -0.8060122211096715
16 0 2 0.0
16 1 68 0.0
16 2 1 -1.03861665488171
16 2 25 -1.2346155103426215
16 2 76 -1.0353293030373858
16 3 80 -0.6778698175986585
16 3 47 -0.708661567117325
16 4 82 -0.6133226184660566
16 4 79 -0.7799008104747337
16 5 84 0.0
16 6 12 0.0
16 7 5 -0.8140974180098299
16 7 7 -0.5852601061407864
16 8 9 0.0
16 9 22 0.0
16 10 17 -1.5650680119905798
16 10 21 -0.8759778155272251
16 10 26 -2.6577988149523963
16 10 28 -1.1895137034830585
16 11 11 0.0
16 12 30 0.0
16 13 38 0.0
16 14 33 -0.6866450474082234
16 14 42 -0.6996918682936549
16 15 19 -1.1891038865122225
16 15 35 -1.06047364714379
16 15 37 -1.0520696609178575
16 17 41 0.0
16 18 53 -2.6154747958371516
16 18 60 -0.07594525897232249
16 19 57 -0.14457422843672701
16 19 45 -2.005378573103009
16 20 49 0.0
16 21 70 -0.003150655249082129
16 21 15 -5.761719746210307
16 22 59 -0.41809813711218613
16 22 63 -1.073815160058249
16 23 65 -3.6078612708316116
16 23 51 -0.027484014417975815
16 24 73 -3.2202279311341395
16 24 75 -0.04076569641410212
16 25 67 -0.03991537607469997
16 25 55 -3.2408849680731673
17 0 2 0.0
17 1 68 0.0
17 2 1 -0.7890972981486502
17 2 25 -2.3920006875521467
17 2 76 -0.7890001730925545
17 3 80 -0.6929718069184863
17 3 47 -0.6933225849627134
17 4 82 -0.16863038674860484
17 4 79 -1.8631766518736221
17 5 84 0.0
17 6 12 0.0
17 7 5 -0.7381744118324228
17 7 7 -0.6500603439251954
17 8 18 -1.627648078040524E-4
17 8 9 -8.723285677342968
17 9 22 0.0
17 10 17 -2.7263843491903423
17 10 21 -0.9210178037493556
17 10 28 -0.6228176346740683
17 11 11 -2.4269620690611133
17 11 27 -0.09244943360793922
17 12 32 -0.3744056399742466
17 12 30 -1.1637842823612812
17 13 40 0.0
17 14 42 0.0
17 15 35 -0.6102483882923829
17 15 37 -0.783544480792751
17 16 39 0.0
17 18 53 0.0
17 19 57 -0.7190020398029169
17 19 45 -0.6679439818572841
17 20 49 -3.28278287032174
17 20 66 -0.03824582384149235
17 21 70 -0.040005142597530886
17 21 15 -3.238683156572022
17 22 59 -0.5024917705873392
17 22 63 -0.9289232011976558
17 23 65 -0.07769938768818234
17 23 51 -2.5935060588136007
17 24 73 -1.5538780842232354
17 24 75 -0.23752960147232963
17 25 55 -0.4690200300533119
17 25 61 -0.9824707379859132
18 0 2 0.0
18 1 68 0.0
18 2 1 -0.7970779597608506
18 2 25 -2.316579929495531
18 2 76 -0.7968515243317172
18 3 80 -0.6929793475898881
18 3 47 -0.6933150417026367
18 4 82 -0.24769559937654598
18 4 79 -1.5168474344360368
18 5 84 0.0
18 6 12 0.0
18 7 5 -2.5982423297409447
18 7 7 -2.5518096728076682
18 7 14 -0.16528125058836496
18 8 18 -1.7111247931000866E-4
18 8 9 -8.67327499897738
18 9 22 0.0
18 10 17 -2.7223696340920442
18 10 21 -0.9520616296747791
18 10 28 -0.6008658889750194
18 11 11 -1.7565313631743091
18 11 27 -0.1895185867686638
18 12 32 -0.40097954110308015
18 12 30 -1.1076442386454703
18 13 40 0.0
18 14 42 -1.451477150314766
18 14 44 -0.2668656432865123
18 15 35 -0.6314666181994196
18 15 37 -0.7588837837896656
18 16 48 -0.27230212605309795
18 16 39 -1.4339065227201107
18 17 52 0.0
18 19 57 0.0
18 20 66 0.0
18 21 70 0.0
18 22 59 -0.25131822892447914
18 22 63 -1.5040640946375203
18 23 65 -0.48976925347700295
18 23 51 -0.9487306933279313
18 24 73 -1.21104353463389
18 24 75 -0.3536598689172474
18 25 55 -1.5378621860259054
18 25 61 -0.24186763113899948
19 0 2 0.0
19 1 68 0.0
19 2 1 -0.8223996199179304
19 2 25 -2.1107398674882236
19 2 76 -0.8221729730432635
19 3 80 -2.1065566406389515
19 3 78 -0.2788252501355547
19 3 47 -2.106428614118535
19 4 82 0.0
19 5 84 0.0
19 6 8 -0.4628727803774306
19 6 12 -0.992828176216147
19 7 5 -1.8540990288686727
19 7 7 -1.6198648215302305
19 7 14 -0.4377601517415475
19 8 18 0.0
19 9 22 0.0
19 10 17 -1.7698109761547143
19 10 21 -1.299172376100733
19 10 28 -0.5854102232343437
19 11 11 -0.8786876169692869
19 11 27 -0.5367036281063934
19 12 32 0.0
19 13 40 -0.2321386880491285
19 13 31 -1.5742452953186519
19 14 44 0.0
19 15 35 -1.0230527257097775
19 15 37 -0.4454996334453725
19 16 48 -0.1444337374443492
19 16 39 -2.0062822480917175
19 17 52 -0.5528019286106209
19 17 43 -0.8564558355642723
19 18 56 0.0
19 20 66 0.0
19 21 70 0.0
19 22 59 -1.657296254374741
19 22 63 -0.2115284722018605
19 23 65 -0.477584821329424
19 23 51 -0.9683202720096452
19 24 73 -1.205251853462079
19 24 75 -0.35612728043315733
19 25 55 -0.9744239414408657
19 25 61 -0.47386660259826213
20 0 2 0.0
20 1 68 0.0
20 2 1 -1.0433464685957055
20 2 25 -1.2205992078601517
20 2 76 -1.0422144211167415
20 3 80 -0.6821122450413812
20 3 47 -0.7043052458731441
20 4 82 -0.6211892896464842
20 4 79 -0.7706872889657967
20 5 84 0.0
20 6 12 0.0
20 7 5 -3.904565273510899
20 7 7 -3.907186563994806
20 7 14 -0.04107898099581405
20 8 9 0.0
20 9 22 0.0
20 10 17 -1.565255969929846
20 10 21 -0.8761844039954644
20 10 26 -2.657602596850764
20 10 28 -1.1891472338758038
20 11 11 0.0
20 12 30 0.0
20 13 38 0.0
20 14 33 -2.176377004463465
20 14 42 -0.12041980908466703
20 15 19 -1.1890933251598061
20 15 35 -1.060491606849554
20 15 37 -1.0520610606279728
20 16 48 0.0
20 17 54 -0.11648873807488398
20 17 41 -2.207639711406159
20 18 53 -1.0101240103390792
20 18 60 -0.45283004773098784
20 19 57 -0.41568734386800005
20 19 45 -1.0784760576491974
20 21 70 0.0
20 22 59 -0.5748434215541806
20 22 63 -0.827348473309443
20 23 65 -0.03203184044360815
20 23 51 -3.456998025988403
20 24 73 -2.6246565154997343
20 24 75 -0.07522436473305973
20 25 67 0.0
21 0 0 -0.6373623059721191
21 0 2 -0.7522288224562069
21 1 68 0.0
21 2 25 0.0
21 3 80 -0.6541713635159112
21 3 47 -0.7337039386234697
21 4 82 -1.4349755020790758
21 4 77 -0.9816185163267813
21 4 79 -0.9488793710835429
21 5 4 0.0
21 6 85 -1.3333987654611767
21 6 6 -0.3059545227694768
21 7 14 0.0
21 8 9 0.0
21 9 20 -0.26119403829147614
21 9 22 -1.4702477427133038
21 10 17 -0.7887242312256447
21 10 26 -0.6059134655771443
21 11 11 0.0
21 12 30 0.0
21 13 38 0.0
21 14 33 -1.9665457717556003
21 14 42 -0.1507524328720994
21 15 19 -1.2627963171976169
21 15 35 -2.1687529285693845
21 15 37 -2.1650044168125793
21 15 29 -0.7172994505708045
21 16 50 -0.0038349509126785033
21 16 13 -5.565515506738949
21 17 54 -0.11650808734072131
21 17 41 -2.207483107852883
21 18 53 -0.9534353420818872
21 18 60 -0.4868075723115322
21 19 57 -0.3757579695823287
21 19 45 -1.1608128467437033
21 20 64 -0.10636015453894618
21 20 49 -2.293633027888347
21 22 59 -0.61500785573437
21 22 63 -0.7779137659509108
21 23 71 0.0
21 24 73 -0.07642804829242104
21 24 75 -2.6093761766557457
21 25 67 0.0
22 0 2 0.0
22 1 68 0.0
22 2 1 -0.8021267735767091
22 2 25 -2.271730265535413
22 2 76 -0.8018642916467598
22 3 80 -0.6930469435207098
22 3 47 -0.6932474276476519
22 4 82 -0.24714635161526802
22 4 79 -1.518804016212663
22 5 84 0.0
22 6 12 0.0
22 7 5 -2.596673136812201
22 7 7 -2.5511238997595735
22 7 14 -0.16548219453515584
22 8 18 -2.4853719815499264E-4
22 8 9 -8.300042298890318
22 9 22 0.0
22 10 17 -2.4833347760740856
22 10 21 -1.2447057531892372
22 10 28 -0.4644034549014837
22 11 11 -1.7837924262048475
22 11 27 -0.18392261066930013
22 12 32 0.0
22 13 40 -0.26108339687325605
22 13 31 -1.4706185153040847
22 14 44 0.0
22 15 35 -1.1100018694195075
22 15 37 -0.3998185971857859
22 16 48 -0.27278369981723916
22 16 39 -1.4323694202874706
22 17 52 -0.4331662499616701
22 17 43 -1.0454109469507376
22 18 58 0.0
22 19 57 -1.7953097766108788
22 19 62 -0.18161300537713407
22 20 66 0.0
22 21 70 0.0
22 23 65 -0.4899954299173992
22 23 51 -0.9483728895066652
22 24 73 -1.210446426565747
22 24 75 -0.35391331211799826
22 25 55 -1.1318554342098714
22 25 61 -0.3892489710075153
23 0 2 0.0
23 1 68 0.0
23 2 1 -1.3778782206468079
23 2 25 -0.7079408977018617
23 2 76 -1.3655921388631789
23 3 80 -0.6631785998230071
23 3 47 -0.7240416975616548
23 4 82 -2.02666796023375
23 4 79 -0.14130307545669868
23 5 4 -0.05383804681302783
23 5 84 -2.948573125942111
23 6 12 0.0
23 7 7 -3.839554168456191
23 7 14 -0.021737748162521147
23 8 9 0.0
23 9 22 0.0
23 10 17 -1.5651206333437118
23 10 21 -0.8760451798683516
23 10 26 -2.6576259969138296
23 10 28 -1.1894252007484458
23 11 11 0.0
23 12 30 0.0
23 13 38 0.0
23 14 33 -2.1727420758893508
23 14 42 -0.12088592698616137
23 15 19 -1.1891181926660215
23 15 35 -1.0604779186421176
23 15 37 -1.052052951291382
23 16 50 0.0
23 17 54 -0.11649346987093046
23 17 41 -2.207601412003414
23 18 53 -1.0107478280293747
23 18 60 -0.45247292705886916
23 19 57 -0.4137779240428402
23 19 45 -1.082191136784676
23 20 64 -0.057238186966340615
23 20 49 -2.88901658749629
23 21 70 0.0
23 22 59 -0.5754543026131042
23 22 63 -0.8265626680718502
23 24 73 -2.8319584131777837
23 24 75 -0.06070310731094562
23 25 67 0.0
24 0 0 -0.5890961081087251
24 0 2 -0.8092958197452705
24 1 68 0.0
24 2 25 0.0
24 3 80 -0.6575216674990938
24 3 47 -0.7300889058812807
24 4 82 -1.7431384705951025
24 4 77 -0.8995977721228453
24 4 79 -0.8715650661704294
24 5 4 0.0
24 6 85 -1.3703329826128154
24 6 6 -0.3734268546005912
24 6 12 -2.854123274394914
24 7 14 0.0
24 8 9 0.0
24 9 22 0.0
24 10 17 -1.4830285061313733
24 10 21 -1.8536617386671423
24 10 26 -0.7777770681077708
24 10 28 -1.8517511395337873
24 11 11 0.0
24 12 30 0.0
24 13 38 0.0
24 14 33 -2.124043655188394
24 14 42 -0.12731900609129332
24 15 19 -0.5867530704957503
24 15 35 -1.5125492715704705
24 15 37 -1.4982436783318616
24 16 50 0.0
24 17 54 -0.11649077483506307
24 17 41 -2.207623225561556
24 18 53 -1.0060096318481055
24 18 60 -0.45519423326505837
24 19 57 -0.4002523194060345
24 19 45 -1.1091201007114229
24 20 64 -0.0949500370967172
24 20 49 -2.401503851561839
24 21 72 0.0
24 22 59 -0.5880850606996402
24 22 63 -0.8105573466384273
24 23 71 -3.75444830616843
24 23 74 -0.023691811715333178
24 25 67 0.0
25 0 2 0.0
25 1 68 0.0
25 2 1 -0.7969722045901828
25 2 25 -2.317703048250055
25 2 76 -0.796711702706303
25 3 80 -0.6929906042063341
25 3 47 -0.69330378143355
25 4 82 -0.247761175325904
25 4 79 -1.5166141609765247
25 5 84 0.0
25 6 12 0.0
25 7 5 -2.5986486905093673
25 7 7 -2.552479180671936
25 7 14 -0.16518405408716494
25 8 18 -1.9903208248758122E-4
25 8 9 -8.522144042093984
25 9 22 0.0
25 10 17 -2.6703108031507035
25 10 21 -0.9561905160461011
25 10 28 -0.6043765131204235
25 11 11 -1.7558697570505453
25 11 27 -0.1896566977396017
25 12 32 -0.45329885412699766
25 12 30 -1.0093060282575166
25 13 40 0.0
25 14 42 0.0
25 15 35 -0.6803784166002389
25 15 37 -0.70608109691759
25 16 48 -0.27187729617240075
25 16 39 -1.4352650884789626
25 17 54 0.0
25 18 53 -2.5814519729278858
25 18 60 -0.07867970421232459
25 19 57 -0.2626017436226929
25 19 45 -1.4655458786693638
25 20 66 0.0
25 21 70 0.0
25 22 59 -0.366919608148284
25 22 63 -1.18046900714859
25 23 65 -0.4893258306161118
25 23 51 -0.9494327808255241
25 24 73 -1.211806465290026
25 24 75 -0.35333635560099336
