0 1 24 0.0
0 2 1 0.0
0 3 78 -1.1234640839712198
0 3 47 -0.3932670420628987
0 4 3 -0.20898685791387084
0 4 77 -1.6681581878485991
0 5 81 -0.405571093143089
0 5 69 -1.0984003522907917
0 6 85 -0.02952312634724667
0 6 10 -3.537306624931663
0 7 5 -0.10433915437024974
0 7 7 -2.311824593513634
0 8 16 -1.2382697227169663
0 8 9 -0.34232886608531077
0 9 20 0.0
0 10 26 0.0
0 11 83 0.0
0 12 34 -0.602414068391115
0 12 23 -0.79294180378946
0 13 36 -1.0663790558626258
0 13 38 -0.9424414851341966
0 13 31 -1.323988593386394
0 14 33 0.0
0 15 19 -0.8017296692068059
0 15 29 -0.5952085407272857
0 16 13 0.0
0 17 41 -0.3315319945902564
0 17 43 -1.2652214165419466
0 18 53 -0.43864966409079875
0 18 60 -1.0353746339830954
0 19 57 -0.541346958784849
0 19 45 -0.8721873499550389
0 20 49 0.0
0 21 15 0.0
0 22 59 -0.6574157434411043
0 22 63 -0.7302028148441573
0 23 65 -1.7801139052012984
0 23 51 -1.8174361203089493
0 23 71 -0.4020618628100972
0 24 73 -0.5643674138934268
0 24 75 -0.8409972776868748
0 25 67 -1.154644006190775
0 25 55 -0.378584231128867
1 0 0 0.0
1 2 25 0.0
1 3 47 0.0
1 4 3 -1.1240660266002185
1 4 77 -0.9347162935407936
1 4 79 -1.2646187734974095
1 5 81 -1.1473183173031283
1 5 69 -0.38197374591672295
1 6 85 0.0
1 7 5 -0.1041204917192595
1 7 7 -2.3138150513744096
1 8 9 0.0
1 9 20 0.0
1 10 17 -1.0500702273623201
1 10 26 -0.43064934773458863
1 11 83 -0.10831029144735847
1 11 11 -2.2764214991397207
1 12 34 -0.8655609501212709
1 12 23 -0.6777742506987404
1 12 30 -2.6389152671904963
1 13 38 0.0
1 14 33 -0.08685092639126718
1 14 42 -2.486673307593059
1 15 19 -0.7987222237665682
1 15 37 -2.646746764995702
1 15 29 -0.7356057328706166
1 16 13 0.0
1 17 41 0.0
1 18 53 -0.6938095070841509
1 18 60 -0.6924852924218257
1 19 57 -1.262589945494532
1 19 45 -0.332568326788265
1 20 49 0.0
1 21 15 0.0
1 22 59 -1.757675061596459
1 22 63 -0.18928009883826952
1 23 65 -1.8012813440237305
1 23 51 -1.8387182280913912
1 23 71 -0.39172248717485736
1 24 73 -0.5807741144996702
1 24 75 -0.8197656286579807
1 25 67 -0.6781477267538703
1 25 55 -0.7083750484140792
2 0 0 0.0
2 1 24 0.0
2 3 78 -1.1236220551390403
2 3 47 -0.3931909382432861
2 4 3 -0.9290702617582871
2 4 77 -0.5023957760275146
2 5 81 -0.41763474493373837
2 5 69 -1.0747085017120888
2 6 85 -0.02944338723892237
2 6 10 -3.539971508573181
2 7 5 -0.10544887485955405
2 7 7 -2.3017902113126962
2 8 16 -1.226742676908896
2 8 9 -0.34707293592552296
2 9 20 0.0
2 10 26 0.0
2 11 83 0.0
2 12 34 -0.605700821442351
2 12 23 -0.7889795887974951
2 13 36 -1.0744607472725654
2 13 38 -0.9252329517141624
2 13 31 -1.3391089422980358
2 14 33 0.0
2 15 19 -0.8054434534284404
2 15 29 -0.5921978540171243
2 16 13 0.0
2 17 41 -0.3161917109970273
2 17 43 -1.30534017303345
2 18 53 -0.4386926503510994
2 18 60 -1.0352965687358078
2 19 57 -0.5444467079842522
2 19 45 -0.8678880092729315
2 20 49 0.0
2 21 15 0.0
2 22 59 -0.6517654753431095
2 22 63 -0.7363155317037873
2 23 65 -1.7811444840188249
2 23 51 -1.8214998079620885
2 23 71 -0.4008181911263004
2 24 73 -0.5497028975172923
2 24 75 -0.8606697818472183
2 25 67 -1.140124660243322
2 25 55 -0.38533776233894684
3 0 2 0.0
3 1 46 0.0
3 2 1 -1.8748842794275513
3 2 25 -0.3931854291410304
3 2 76 -1.7618685088716288
3 4 79 0.0
3 5 81 -0.5698727239858072
3 5 69 -0.8337835736949943
3 6 85 0.0
3 7 5 -0.10412585049343852
3 7 7 -2.3137662185501626
3 8 9 0.0
3 9 20 0.0
3 10 17 -1.8783208470590385
3 10 26 -0.16587342378698527
3 11 83 -0.12613937220734436
3 11 11 -2.1327746644787173
3 12 34 -0.865167248255982
3 12 23 -0.6782900189105022
3 12 30 -2.637570917429978
3 13 38 0.0
3 14 33 -0.0882989783334069
3 14 42 -2.47085138921458
3 15 19 -0.798722054033062
3 15 37 -2.646739822577622
3 15 29 -0.735606919090102
3 16 13 0.0
3 17 41 0.0
3 18 53 -0.6989819683760561
3 18 60 -0.6873462400960453
3 19 57 -1.2621690816784574
3 19 45 -0.3327344253193119
3 20 49 0.0
3 21 15 0.0
3 22 59 -1.7417921139396382
3 22 63 -0.19262177810752784
3 23 65 -1.8083747624097035
3 23 51 -1.8313632253197318
3 23 71 -0.3917328785060282
3 24 73 -0.582303695396734
3 24 75 -0.8178264764665863
3 25 67 -0.643182216935031
3 25 55 -0.7457405452441559
4 0 2 0.0
4 1 24 -0.14383832815262299
4 1 46 -2.0101225829224654
4 2 1 -0.9305620346614284
4 2 76 -0.5014233305420098
4 3 78 0.0
4 5 81 -1.5095492938528734
4 5 69 -0.2497565128853283
4 6 85 -0.029570774294005772
4 6 10 -3.535717713140644
4 7 5 -0.10443972709928843
4 7 7 -2.3109105673073835
4 8 16 -1.1902692926748448
4 8 9 -0.3626058549847815
4 9 20 0.0
4 10 26 0.0
4 11 83 0.0
4 12 34 -0.6028286948468736
4 12 23 -0.7924403819627892
4 13 36 -1.0723584521215195
4 13 38 -0.9313065103055537
4 13 31 -1.332712116162695
4 14 33 0.0
4 15 19 -0.8074635842350946
4 15 29 -0.5905686491938539
4 16 13 0.0
4 17 41 -0.31735315217610344
4 17 43 -1.302223796888819
4 18 53 -0.43867565861273244
4 18 60 -1.0353274254723246
4 19 57 -0.5347254440509612
4 19 45 -0.8814790299320644
4 20 49 0.0
4 21 15 0.0
4 22 59 -0.6457011629004753
4 22 63 -0.742956938324818
4 23 65 -1.7837488247476974
4 23 51 -1.8162143235975035
4 23 71 -0.4014443418468615
4 24 73 -0.5692169787456939
4 24 75 -0.8346380068619372
4 25 67 -1.134609462763569
4 25 55 -0.387941064749244
5 0 0 -1.1560084160609592
5 0 2 -0.3779569331226297
5 1 68 0.0
5 2 25 0.0
5 3 80 -0.33909080694124705
5 3 47 -1.2462463854813244
5 4 77 -0.3934715355094779
5 4 79 -1.123039793381739
5 6 85 0.0
5 7 5 -0.10414193129466674
5 7 7 -2.3136196951483257
5 8 9 0.0
5 9 20 0.0
5 10 17 -1.0500070723966692
5 10 26 -0.4306833429290045
5 11 83 -0.10865608817830537
5 11 11 -2.2734037088231607
5 12 34 -0.8549460453622593
5 12 23 -0.717411178026259
5 12 30 -2.445533730290216
5 13 38 0.0
5 14 33 -0.11610307690114463
5 14 42 -2.2107668264771374
5 15 19 -0.7987194549714407
5 15 37 -2.6466676756716163
5 15 29 -0.735620031100356
5 16 13 0.0
5 17 41 0.0
5 18 53 -0.7327018024012211
5 18 60 -0.6550977772470098
5 19 57 -1.1983463726739407
5 19 45 -0.3590959964996527
5 20 49 0.0
5 21 15 0.0
5 22 59 -1.8147769173113797
5 22 63 -0.17778096740283367
5 23 65 -1.809653216178306
5 23 51 -1.8306587776959284
5 23 71 -0.39159005088169063
5 24 73 -0.6033765376043562
5 24 75 -0.7917785609431134
5 25 67 -0.5678463891897783
5 25 55 -0.8364280545691409
6 0 2 0.0
6 1 68 0.0
6 2 1 -1.8327967321049654
6 2 25 -0.3849523654370915
6 2 76 -1.8353892187754657
6 3 80 -0.39564260078702973
6 3 47 -1.118551574527816
6 4 82 -2.396065710288489
6 4 79 -0.09549332029157222
6 5 84 0.0
6 7 5 -3.2650851434079464
6 7 7 -0.03894218227170735
6 8 9 0.0
6 9 20 0.0
6 10 17 -0.837126073367328
6 10 26 -0.5673131080632496
6 11 11 0.0
6 12 34 -0.856909934931775
6 12 23 -0.8017422040085671
6 12 30 -2.0637140769315048
6 13 38 0.0
6 14 33 -0.09600861440087385
6 14 42 -2.390937625977269
6 15 19 -0.7974689683744656
6 15 37 -2.1344832021117788
6 15 29 -0.8411215384324379
6 16 13 0.0
6 17 41 0.0
6 18 53 -0.6932262185498307
6 18 60 -0.69306814881657
6 19 57 -1.187348012355398
6 19 45 -0.3638853419882831
6 20 49 0.0
6 21 15 0.0
6 22 59 -1.936995172567726
6 22 63 -0.15564426688047722
6 23 65 -1.6720896710586093
6 23 51 -1.4730000182385496
6 23 71 -0.5397239196953415
6 24 73 -1.7487474992856133
6 24 75 -0.19115049558428354
6 25 67 -0.6927196533456004
6 25 55 -0.6935748906319885
7 0 0 -0.9400244601271454
7 0 2 -0.49531041069612125
7 1 68 0.0
7 2 25 0.0
7 3 80 -0.5492204453503681
7 3 47 -0.8613285813751513
7 4 82 -2.027850515165286
7 4 77 -0.6042327437222742
7 4 79 -1.1335506722651434
7 5 4 0.0
7 6 85 -0.9278502114699073
7 6 6 -0.5031928770963651
7 8 9 0.0
7 9 20 0.0
7 10 17 -0.8371095381215012
7 10 26 -0.5673257332760224
7 11 11 0.0
7 12 34 -0.5727711927829735
7 12 23 -1.2425573469370237
7 12 30 -1.9146428558278619
7 13 38 0.0
7 14 33 -0.38497084453530794
7 14 42 -1.1409056005084635
7 15 19 -0.7977744889201013
7 15 37 -2.134974070081818
7 15 29 -0.8406679023199597
7 16 13 0.0
7 17 41 0.0
7 18 53 -1.5466163171783598
7 18 60 -0.23948557026498274
7 19 57 -0.852846499242703
7 19 45 -0.5554744200565719
7 20 64 -0.1620576694653816
7 20 49 -1.899737818188655
7 21 15 0.0
7 22 59 -1.520272571206393
7 22 63 -0.2467350048103962
7 23 51 -2.2332716853301484
7 23 71 -0.11336715655351066
7 24 73 -0.4135268750877272
7 24 75 -1.082681149674583
7 25 67 -0.12544315117202978
7 25 55 -2.1379685972818683
8 0 2 0.0
8 1 68 0.0
8 2 1 -0.8845935847126278
8 2 25 -1.9110182129318671
8 2 76 -0.8228268615512919
8 3 80 -0.672696780498268
8 3 47 -0.7140245462938914
8 4 82 -0.25088517264464033
8 4 79 -1.505581244216986
8 5 84 0.0
8 6 8 0.0
8 7 5 -0.859791144689939
8 7 7 -0.5503471989127071
8 9 20 0.0
8 10 17 0.0
8 11 11 -0.49730770792332096
8 11 27 -0.9369165327025648
8 12 34 -0.5298153904410007
8 12 23 -0.8884655718447592
8 13 36 -0.46040528860870955
8 13 31 -0.997034099242894
8 14 33 0.0
8 15 19 -0.5681254229702678
8 15 29 -0.836063165804284
8 16 39 -0.6919383948065277
8 16 13 -0.6943574292449095
8 17 41 -0.3086647476704202
8 17 43 -1.3258653239937357
8 18 53 0.0
8 19 57 -0.5736260206321396
8 19 45 -0.8289177527289447
8 20 49 0.0
8 21 15 0.0
8 22 59 -0.6203702927353248
8 22 63 -0.7716391925495838
8 23 65 -0.9551093030065344
8 23 51 -0.6463870308656292
8 23 71 -2.3936637390056483
8 24 73 -1.9147253898721932
8 24 75 -0.15944401448853018
8 25 67 -1.6154539389398253
8 25 55 -0.7872758420972578
8 25 61 -1.0609790822649896
9 0 2 0.0
9 1 68 -0.735266810398825
9 1 24 -1.312302151321691
9 1 46 -1.3806190690778621
9 2 1 -0.6918713953674678
9 2 76 -0.6944245954596577
9 3 78 0.0
9 4 82 0.0
9 5 81 -0.8525459628960818
9 5 84 -0.5556977071894743
9 6 8 -0.7826189188048419
9 6 10 -0.6110273464141711
9 7 5 -0.8019371539814739
9 7 7 -0.5950398024731011
9 8 16 0.0
9 10 21 0.0
9 11 27 0.0
9 12 23 0.0
9 13 31 0.0
9 14 33 0.0
9 15 19 -2.324857432009024
9 15 35 -0.9006295157968477
9 15 37 -2.1638025231031297
9 15 29 -0.9649522592244919
9 16 39 -0.6920665426314847
9 16 13 -0.694228987530163
9 17 41 -0.9376602320405236
9 17 43 -0.4968288438695576
9 18 53 -0.6856413507132182
9 18 56 -0.7007097742163662
9 19 45 0.0
9 20 49 0.0
9 21 70 -0.370990425262541
9 21 15 -1.1713460547341288
9 22 59 -0.2403749223006533
9 22 63 -1.5433365133162
9 23 65 -0.77201292117234
9 23 51 -0.6200491410382757
9 24 73 -0.7309477518837667
9 24 75 -0.6567235993933627
9 25 67 -1.6130725588333925
9 25 55 -1.5872571591889304
9 25 61 -0.5171121848425674
10 0 2 0.0
10 1 68 -0.6931031047750394
10 1 24 -1.3792401518920712
10 1 46 -1.3934874719057395
10 2 1 -0.6926083621288524
10 2 76 -0.6936862894728637
10 3 78 0.0
10 4 82 0.0
10 5 81 -0.8843772098236361
10 5 84 -0.5326815466665639
10 6 8 -0.8370595885944919
10 6 10 -0.5673638736450569
10 7 5 -0.5986380980975732
10 7 7 -0.797529447965258
10 8 16 0.0
10 9 20 0.0
10 11 27 0.0
10 12 34 -0.8779866135018719
10 12 23 -0.5372018913246052
10 13 36 -0.4604067114326988
10 13 31 -0.9970316658890124
10 14 33 0.0
10 15 19 -1.7550627851649179
10 15 29 -0.18982530356305474
10 16 39 -0.6862967670367143
10 16 13 -0.7000448461307432
10 17 41 -0.3092158986724262
10 17 43 -1.3243427274010813
10 18 53 0.0
10 19 57 -0.44992312183316224
10 19 45 -1.0152196777926388
10 20 49 0.0
10 21 15 0.0
10 22 59 -0.4754962428149074
10 22 63 -0.9717414115748912
10 23 65 -0.9516436347100745
10 23 51 -0.7333454236193814
10 23 71 -2.0129452783613595
10 24 73 -1.9255797909817471
10 24 75 -0.15757962318202673
10 25 67 -3.0642086877699843
10 25 55 -0.44013819488133066
10 25 61 -1.1732438097664606
11 0 2 0.0
11 1 68 -1.5553743201854373
11 1 24 -0.6397722948508477
11 1 46 -1.3414083794090814
11 2 1 -0.8624909373742792
11 2 76 -0.5483705697107698
11 3 78 0.0
11 4 82 0.0
11 5 81 -0.10169706481824566
11 5 84 -2.3361744781899123
11 6 10 0.0
11 7 5 -0.20536418195153075
11 7 7 -1.6838958181509407
11 8 16 -0.9371900542193968
11 8 9 -0.497131520803046
11 9 20 0.0
11 10 26 0.0
11 12 34 -0.7235884369237015
11 12 23 -0.6636052840376246
11 13 36 -0.9340367461557421
11 13 38 -1.0886115961430838
11 13 31 -1.3080298356515119
11 14 33 0.0
11 15 19 -0.8239000196427738
11 15 29 -0.5775305923008481
11 16 13 0.0
11 17 41 -0.40301825183847095
11 17 43 -1.1035240361054237
11 18 53 -0.43821661482939234
11 18 60 -1.0361616010878756
11 19 57 -0.7809802788323451
11 19 45 -0.6124096972692619
11 20 49 0.0
11 21 15 0.0
11 22 59 -0.9587869850616673
11 22 63 -0.4834660383127624
11 23 65 -2.0873281007109563
11 23 51 -2.087244694508273
11 23 71 -0.28508073736248196
11 24 73 -1.435691733883409
11 24 75 -0.2717440383859001
11 25 67 -1.7326093742688766
11 25 55 -0.19458331983007954
12 0 2 0.0
12 1 68 0.0
12 2 1 -1.2203058135301037
12 2 25 -1.2039449146108099
12 2 76 -0.9042343588486688
12 3 80 -1.6157307732209727
12 3 78 -0.5066554265983068
12 3 47 -1.615721222560225
12 4 82 0.0
12 5 84 0.0
12 6 8 -0.45187098555143085
12 6 12 -1.0118006848666805
12 7 5 -0.8393623811701252
12 7 7 -0.5656089978309078
12 8 18 0.0
12 9 22 0.0
12 10 17 -2.4646153276505074
12 10 21 -0.7122409747930799
12 10 28 -0.8570440425224934
12 11 11 -4.334846587619547
12 11 27 -0.013190497587448297
12 13 31 0.0
12 14 33 0.0
12 15 35 -0.158151365930468
12 15 37 -1.9222364318305611
12 16 39 0.0
12 17 41 -0.9378291167466148
12 17 43 -0.4967201814390817
12 18 53 -0.6646521156066634
12 18 56 -0.722478089892975
12 19 45 0.0
12 20 49 0.0
12 21 70 -1.126378269933803
12 21 15 -0.3918659722106951
12 22 59 -0.2154866806037156
12 22 63 -1.6406654954803468
12 23 65 -0.6931546877105185
12 23 51 -0.6931396734657288
12 24 73 -0.16316826187576333
12 24 75 -1.893448377717423
12 25 67 -3.673451740166384
12 25 55 -0.9531598541645065
12 25 61 -0.5291756101978112
13 0 2 0.0
13 1 68 0.0
13 2 1 -0.8098346994076567
13 2 25 -3.5732805791587725
13 2 76 -0.6405457079393142
13 3 80 -0.6609922002958073
13 3 47 -0.7263705528113731
13 4 82 -0.12930324841305754
13 4 79 -2.109549952938878
13 5 84 0.0
13 6 12 0.0
13 7 5 -0.6956479864089681
13 7 7 -0.6906526131429529
13 8 18 -0.20125625883417428
13 8 9 -1.7021172919954315
13 9 22 0.0
13 10 17 -1.8746027635898934
13 10 21 -1.5923342507380236
13 10 28 -0.441402256817066
13 11 11 -1.0524588783258877
13 11 27 -0.4293660000448888
13 12 30 0.0
13 14 33 -2.5035698376805713
13 14 42 -0.08533186915205322
13 15 35 -1.5371004317327994
13 15 37 -0.24207616776010984
13 16 39 0.0
13 17 41 0.0
13 18 53 0.0
13 19 57 -0.28119619087079756
13 19 45 -1.406008291351199
13 20 49 0.0
13 21 70 -0.3497297449673428
13 21 15 -1.2203683495811801
13 22 59 -0.20152534651407578
13 22 63 -1.700911175887661
13 23 65 -0.6932853853418968
13 23 51 -0.693008994875916
13 24 73 -0.9829426307952975
13 24 75 -0.4687377431139228
13 25 67 -2.655991349231424
13 25 55 -0.5279488643788841
13 25 61 -1.0789352569655593
14 0 2 0.0
14 1 68 0.0
14 2 1 -1.209603975567891
14 2 25 -1.059671246815639
14 2 76 -1.0353139467266685
14 3 80 -1.6484338783601795
14 3 78 -0.5099980954557141
14 3 47 -1.5743007191130725
14 4 82 0.0
14 5 84 0.0
14 6 8 -0.5233097148171646
14 6 12 -0.8978520420780957
14 7 5 -0.8394459184828348
14 7 7 -0.5655454707379651
14 8 18 0.0
14 9 22 0.0
14 10 17 -2.529605724745161
14 10 21 -1.0334053294167094
14 10 28 -0.571786084381115
14 11 11 -1.4611391465485848
14 11 27 -0.2639289243735408
14 12 32 0.0
14 13 40 -0.19998482278473087
14 13 31 -1.7078403540942588
14 15 35 -0.493789024991315
14 15 37 -0.9424025205350274
14 16 39 0.0
14 17 43 0.0
14 18 53 -1.338912060822637
14 18 56 -0.3039885645899567
14 19 45 0.0
14 20 49 -1.0480709732052125
14 20 66 -0.4317271154145222
14 21 70 -0.3554576694926522
14 21 15 -1.2068188870388703
14 22 59 -0.6140736048643141
14 22 63 -0.779014429334376
14 23 65 -0.5153238738756258
14 23 51 -0.9095810698820502
14 24 73 -0.7417876380792964
14 24 75 -0.646763281330907
14 25 55 -1.3658941679017782
14 25 61 -0.29457567864616574
15 0 2 0.0
15 1 68 0.0
15 2 1 -1.1720013733035928
15 2 25 -1.4927286135430073
15 2 76 -0.7646537971676021
15 3 80 -1.97578990685821
15 3 78 -0.32476215300772526
15 3 47 -1.9758095177514974
15 4 82 0.0
15 5 84 0.0
15 6 8 0.0
15 7 5 -0.8398427855734227
15 7 7 -0.565243795302037
15 8 18 0.0
15 9 20 -0.6112429792138921
15 9 22 -0.7823629814399204
15 10 17 -1.7551392805340336
15 10 28 -0.18980931383562116
15 11 11 -2.527244669145964
15 11 27 -0.08324988924468335
15 12 34 0.0
15 13 36 -0.24202766321192853
15 13 31 -1.5372775459186911
15 14 33 0.0
15 16 39 -0.3452628381747398
15 16 13 -1.2311187116128302
15 17 41 -0.24961083715518032
15 17 43 -1.510062925079239
15 18 53 0.0
15 19 57 -0.44989771043984295
15 19 45 -1.015264402641646
15 20 49 0.0
15 21 70 -0.2650567572666699
15 21 15 -1.4574140929096056
15 22 59 -0.6822651075774521
15 22 63 -0.7041489770896715
15 23 65 -0.7302727306706424
15 23 51 -0.6573507401754947
15 24 73 -0.8353042534304786
15 24 75 -0.5687063461376453
15 25 67 -5.598128941719312
15 25 55 -0.42296776148154236
15 25 61 -1.0752997733263818
16 0 2 0.0
16 1 68 0.0
16 2 1 -1.1567030098160866
16 2 25 -0.9976277018717246
16 2 76 -1.14972026648166
16 3 80 -0.668349394498805
16 3 47 -0.7185755674545082
16 4 82 -0.9753896045617633
16 4 79 -0.4732816783028494
16 5 84 0.0
16 6 12 0.0
16 7 5 -0.9218974573121298
16 7 7 -0.5071051950937114
16 8 9 0.0
16 9 22 0.0
16 10 17 -1.7170405211553699
16 10 21 -1.4233578658804438
16 10 26 -1.7075791528860342
16 10 28 -0.9208128954995504
16 11 11 0.0
16 12 30 0.0
16 13 38 0.0
16 14 33 -1.5702562085732799
16 14 42 -0.23318364255532065
16 15 19 -1.072241485074896
16 15 35 -1.6429948323316332
16 15 37 -0.7670962500386478
16 17 41 0.0
16 18 53 -0.7504447966944202
16 18 60 -0.6389554262911875
16 19 57 -0.29574283890726727
16 19 45 -1.36249473562745
16 20 49 0.0
16 21 70 -0.004098248601107259
16 21 15 -5.499243991479067
16 22 59 -0.0638733615418791
16 22 63 -2.7826195764152626
16 23 65 -1.7157476709864392
16 23 51 -0.19824268888363503
16 24 73 -2.986359869392164
16 24 75 -0.05178902053834625
16 25 67 -0.5514994804915933
16 25 55 -0.8582231027085813
17 0 2 0.0
17 1 68 0.0
17 2 1 -0.965582956410092
17 2 25 -2.324464717395717
17 2 76 -0.6512319618186162
17 3 80 -0.5859596870472269
17 3 47 -0.8132186424120228
17 4 82 -0.16962398550653232
17 4 79 -1.8577845760290257
17 5 84 0.0
17 6 12 0.0
17 7 5 -0.6984775420946798
17 7 7 -0.6878450811982639
17 8 18 -0.20219927881630723
17 8 9 -1.6978982356687853
17 9 22 0.0
17 10 17 -2.0719918547705833
17 10 21 -1.392671164326431
17 10 28 -0.46895707223187455
17 11 11 -1.4019914509352878
17 11 27 -0.28250399101738866
17 12 32 -0.4967156715411879
17 12 30 -0.9378361271076929
17 13 40 0.0
17 14 42 0.0
17 15 35 -0.9627834093201223
17 15 37 -0.48098954634166563
17 16 39 0.0
17 18 53 0.0
17 19 57 -0.16944849896590405
17 19 45 -1.8587344084424189
17 20 49 -1.0480210869664783
17 20 66 -0.431754050769657
17 21 70 -0.11921628396584998
17 21 15 -2.1858319469022427
17 22 59 -0.3522973234763951
17 22 63 -1.2142623989946142
17 23 65 -0.9884208244867512
17 23 51 -0.4654761965868712
17 24 73 -1.2218194616123568
17 24 75 -0.3491228122714805
17 25 55 -0.3932594844968588
17 25 61 -1.1234797698026706
18 0 2 0.0
18 1 68 0.0
18 2 1 -0.9528158217252382
18 2 25 -2.0709489699040353
18 2 76 -0.716865557429314
18 3 80 -0.6282830825574443
18 3 47 -0.7625122697351119
18 4 82 -0.21522200175407552
18 4 79 -1.6417669413608778
18 5 84 0.0
18 6 12 0.0
18 7 5 -1.9291807397167828
18 7 7 -1.6553553445291929
18 7 14 -0.4099119691763091
18 8 18 -0.3779602834950439
18 8 9 -1.1560011215826305
18 9 22 0.0
18 10 17 -2.420546235538204
18 10 21 -1.0558263323871402
18 10 28 -0.5740812029748056
18 11 11 -1.319199925149711
18 11 27 -0.31108597394418386
18 12 32 -0.26575110335841357
18 12 30 -1.455129739444167
18 13 40 0.0
18 14 42 -1.037823970315768
18 14 44 -0.4373035868688101
18 15 35 -0.555247758095955
18 15 37 -0.853151739066646
18 16 48 -0.6696524747235779
18 16 39 -0.7172071960109928
18 17 52 0.0
18 19 57 0.0
18 20 66 0.0
18 21 70 0.0
18 22 59 -0.028617518354969458
18 22 63 -3.568010854760991
18 23 65 -0.5709499986591842
18 23 51 -0.8323826859539949
18 24 73 -1.3053142426071398
18 24 75 -0.3162013545187435
18 25 55 -1.2641167550975345
18 25 61 -0.33196657214572817
19 0 2 0.0
19 1 68 0.0
19 2 1 -1.3235239963494312
19 2 25 -0.7736417818627965
19 2 76 -1.300210310630749
19 3 80 -1.5034534878226284
19 3 78 -0.6205390961860296
19 3 47 -1.427180623841694
19 4 82 0.0
19 5 84 0.0
19 6 8 -0.7762841994601927
19 6 12 -0.6163945410982293
19 7 5 -1.1640160510170507
19 7 7 -0.9365988189328519
19 7 14 -1.2180325894478088
19 8 18 0.0
19 9 22 0.0
19 10 17 -2.0532180998928014
19 10 21 -1.3915236678484697
19 10 28 -0.473236647048074
19 11 11 -0.890782287072767
19 11 27 -0.5282000685544532
19 12 32 0.0
19 13 40 -0.07032961932178278
19 13 31 -2.6895209656019756
19 14 44 0.0
19 15 35 -0.9711930283383212
19 15 37 -0.4758302526420032
19 16 48 -1.5605091494063443
19 16 39 -0.2357591794876637
19 17 52 -0.41638047921676935
19 17 43 -1.0771326083964927
19 18 56 0.0
19 20 66 0.0
19 21 70 0.0
19 22 59 -8.312788794914912
19 22 63 -2.4538893828785673E-4
19 23 65 -0.6895703976101872
19 23 51 -0.6967368028231478
19 24 73 -1.3100172135775923
19 24 75 -0.31445791633254133
19 25 55 -0.6947817571925455
19 25 61 -0.6915152714085038
20 0 2 0.0
20 1 68 0.0
20 2 1 -1.1563850630246642
20 2 25 -0.9980192404817495
20 2 76 -1.1495802942167868
20 3 80 -0.6687464016403638
20 3 47 -0.7181582808466466
20 4 82 -0.9751696086764373
20 4 79 -0.4734148550942875
20 5 84 0.0
20 6 12 0.0
20 7 5 -2.0231889896742548
20 7 7 -2.130104872448476
20 7 14 -0.28909364656507813
20 8 9 0.0
20 9 22 0.0
20 10 17 -1.7184083202868332
20 10 21 -1.4310052688345456
20 10 26 -1.7104753725254278
20 10 28 -0.9142919771051273
20 11 11 0.0
20 12 30 0.0
20 13 38 0.0
20 14 33 -2.7853402816995128
20 14 42 -0.06369417084838166
20 15 19 -1.0730666107735862
20 15 35 -1.6329283417600324
20 15 37 -0.7707086282824478
20 16 48 0.0
20 17 54 -0.33849845246628923
20 17 41 -1.2477153182050669
20 18 53 -0.8273411389242147
20 18 60 -0.5748491193252562
20 19 57 -0.3351381039002124
20 19 45 -1.2561061082446907
20 21 70 0.0
20 22 59 -0.13133028272719985
20 22 63 -2.0949864794165984
20 23 65 -0.11568198998091458
20 23 51 -2.2141937786331947
20 24 73 -1.2714826559220889
20 24 75 -0.32908139141173964
20 25 67 0.0
21 0 0 -0.915134478107653
21 0 2 -0.5115972030137821
21 1 68 0.0
21 2 25 0.0
21 3 80 -0.4984043487066954
21 3 47 -0.9352168148822159
21 4 82 -1.5162779794456807
21 4 77 -0.7599701414356957
21 4 79 -1.1622163505307948
21 5 4 0.0
21 6 85 -0.9651760862522551
21 6 6 -0.4795145061753976
21 7 14 0.0
21 8 9 0.0
21 9 20 -0.5693322167111988
21 9 22 -0.8344877588201397
21 10 17 -0.8420489773996445
21 10 26 -0.563570609824881
21 11 11 0.0
21 12 30 0.0
21 13 38 0.0
21 14 33 -2.418300373056542
21 14 42 -0.09329238442222255
21 15 19 -1.1193073471256922
21 15 35 -2.304080283958013
21 15 37 -1.2074024233230378
21 15 29 -1.2921825019396165
21 16 50 -0.06470160231882188
21 16 13 -2.770145690609639
21 17 54 -1.4822253611788598
21 17 41 -0.2576465884348635
21 18 53 -0.7292649150040014
21 18 60 -0.6582885914778573
21 19 57 -0.3171527391215812
21 19 45 -1.3027605937555802
21 20 64 -0.11486099764678159
21 20 49 -2.220913446701514
21 22 59 -0.10138674362529554
21 22 63 -2.339078035354165
21 23 71 0.0
21 24 73 -1.4833887830384358E-4
21 24 75 -8.81608535186312
21 25 67 0.0
22 0 2 0.0
22 1 68 0.0
22 2 1 -0.9778512322328419
22 2 25 -2.185712054543059
22 2 76 -0.6704391587747326
22 3 80 -0.6228303070382609
22 3 47 -0.768785028814915
22 4 82 -0.19376785632660187
22 4 79 -1.7364144547381237
22 5 84 0.0
22 6 12 0.0
22 7 5 -1.783844909480428
22 7 7 -1.5499023724258543
22 7 14 -0.47845474331777077
22 8 18 -0.3779585629557165
22 8 9 -1.156004867555553
22 9 22 0.0
22 10 17 -2.433207706711555
22 10 21 -1.2309079230782976
22 10 28 -0.47768458459686447
22 11 11 -1.2611330323691452
22 11 27 -0.33314372928629643
22 12 32 0.0
22 13 40 -0.003540137039502591
22 13 31 -5.64535938719125
22 14 44 0.0
22 15 35 -0.9554620174316137
22 15 37 -0.48553870926976594
22 16 48 -0.6987373750134399
22 16 39 -0.6875880627365527
22 17 52 -0.04808046793487349
22 17 43 -3.0588231700614763
22 18 58 0.0
22 19 57 -8.295593804303993
22 19 62 -2.4964541567550427E-4
22 20 66 0.0
22 21 70 0.0
22 23 65 -0.6247202420003308
22 23 51 -0.7666025509151246
22 24 73 -1.3084169134787114
22 24 75 -0.31504990257200816
22 25 55 -1.2632383894638715
22 25 61 -0.33231260197674006
23 0 2 0.0
23 1 68 0.0
23 2 1 -1.7634210962273926
23 2 25 -0.4363121796756969
23 2 76 -1.7030520431663196
23 3 80 -0.4061926611166453
23 3 47 -1.097158768728286
23 4 82 -2.190824191823637
23 4 79 -0.11858597189198763
23 5 4 -0.28387877426447744
23 5 84 -1.3977918240733085
23 6 12 0.0
23 7 7 -2.165014761386847
23 7 14 -0.12188320069089036
23 8 9 0.0
23 9 22 0.0
23 10 17 -1.7156442425047411
23 10 21 -1.46153856191043
23 10 26 -1.7018747818627509
23 10 28 -0.901570632324436
23 11 11 0.0
23 12 30 0.0
23 13 38 0.0
23 14 33 -2.417891861483573
23 14 42 -0.09333233872999468
23 15 19 -1.100650574044731
23 15 35 -1.553073921590291
23 15 37 -0.7858133641089047
23 16 50 0.0
23 17 54 -1.482121961916115
23 17 41 -0.2576769775944962
23 18 53 -0.740640606875657
23 18 60 -0.6478074784772863
23 19 57 -0.33266912164491097
23 19 45 -1.2623345199809366
23 20 64 -0.11569780437336859
23 20 49 -2.2140648369994773
23 21 70 0.0
23 22 59 -0.09316626824023932
23 22 63 -2.4195910471014552
23 24 73 -1.7395340768705574
23 24 75 -0.19310209698256248
23 25 67 0.0
24 0 0 -1.042051723560325
24 0 2 -0.43499212253605546
24 1 68 0.0
24 2 25 0.0
24 3 80 -0.5614472378165796
24 3 47 -0.8448611332194541
24 4 82 -1.3772916701512499
24 4 77 -0.8596847318136949
24 4 79 -1.1256434009375806
24 5 4 0.0
24 6 85 -2.0613518955399988
24 6 6 -0.6554811442587731
24 6 12 -1.0397981838916979
24 7 14 0.0
24 8 9 0.0
24 9 22 0.0
24 10 17 -1.2093249012278435
24 10 21 -2.0043423594267114
24 10 26 -1.1261530206491759
24 10 28 -1.4164480276310123
24 11 11 0.0
24 12 30 0.0
24 13 38 0.0
24 14 33 -2.418229817111142
24 14 42 -0.09329928383764163
24 15 19 -0.9018139614267391
24 15 35 -2.12317834363453
24 15 37 -0.7454590122914528
24 16 50 0.0
24 17 54 -1.4821435195025374
24 17 41 -0.25767064146012686
24 18 53 -0.7325664980389698
24 18 60 -0.6552229948455136
24 19 57 -0.32771227018175353
24 19 45 -1.2750046081940862
24 20 64 -0.1156986623497652
24 20 49 -2.2140578420777612
24 21 72 0.0
24 22 59 -0.09542824782741001
24 22 63 -2.3967153586376386
24 23 71 -1.7512659565758562
24 23 74 -0.1906208113817047
24 25 67 0.0
25 0 2 0.0
25 1 68 0.0
25 2 1 -0.9732949516247484
25 2 25 -2.2455209756127217
25 2 76 -0.6610835615857535
25 3 80 -0.6158393008506494
25 3 47 -0.7769361013815127
25 4 82 -0.19885137219709562
25 4 79 -1.7129762575058527
25 5 84 0.0
25 6 12 0.0
25 7 5 -1.7535877098172004
25 7 7 -1.568682374988832
25 7 14 -0.48041135999623547
25 8 18 -0.4030237855601748
25 8 9 -1.103512887013703
25 9 22 0.0
25 10 17 -2.0519524080711697
25 10 21 -1.3271267776017346
25 10 28 -0.5004167540748928
25 11 11 -1.212902459643024
25 11 27 -0.3528722244414324
25 12 32 -0.4967178502319728
25 12 30 -0.9378327404557297
25 13 40 0.0
25 14 42 0.0
25 15 35 -0.9711250678753983
25 15 37 -0.4758716666019223
25 16 48 -0.5376592072752272
25 16 39 -0.8773439577274327
25 17 54 0.0
25 18 53 -1.199335967975424
25 18 60 -0.3586687601746861
25 19 57 -0.18344796487033851
25 19 45 -1.7861463825309287
25 20 66 0.0
25 21 70 0.0
25 22 59 -0.06879552600984476
25 22 63 -2.7108171348493504
25 23 65 -0.3772802231869012
25 23 51 -1.1574833521821282
25 24 73 -1.3635092955479993
25 24 75 -0.2953939419475321
