0 1 24 0.0
0 2 1 0.0
0 3 78 -0.7678709440003669
0 3 47 -0.6236209298489831
0 4 3 -0.3925527552381889
0 4 77 -1.1249482091528196
0 5 81 -0.3297711846099583
0 5 69 -1.2697147268356674
0 6 85 -0.34892183911666574
0 6 10 -1.2223006260371458
0 7 5 -0.32754765910228084
0 7 7 -1.2754292188052618
0 8 16 -1.8372823072522264
0 8 9 -0.1734604884057364
0 9 20 0.0
0 10 26 0.0
0 11 83 0.0
0 12 34 -0.46663069705398275
0 12 23 -0.9864762119957411
0 13 36 -0.7549322087315606
0 13 38 -1.3513818965528912
0 13 31 -1.3053587965182263
0 14 33 0.0
0 15 19 -0.7288288894865332
0 15 29 -0.6586949133439488
0 16 13 0.0
0 17 41 -0.5532718499555566
0 17 43 -0.8558195381290942
0 18 53 -0.6961005373052875
0 18 60 -0.6902025204526961
0 19 57 -0.37165439408358153
0 19 45 -1.1698694207408318
0 20 49 0.0
0 21 15 0.0
0 22 59 -0.64658579411585
0 22 63 -0.7419828545964203
0 23 65 -3.9309931000791325
0 23 51 -3.2654990551789655
0 23 71 -0.059539890138499585
0 24 73 -0.0960926865204407
0 24 75 -2.39010369971787
0 25 67 -1.5318314938555637
0 25 55 -0.24352413991153785
1 0 0 0.0
1 2 25 0.0
1 3 47 0.0
1 4 3 -1.1336590680184722
1 4 77 -0.9826280195931459
1 4 79 -1.1913181613970854
1 5 81 -0.41945899384966123
1 5 69 -1.0711986468749815
1 6 85 0.0
1 7 5 -0.288120236752945
1 7 7 -1.3849810189677594
1 8 9 0.0
1 9 20 0.0
1 10 17 -1.2937978423393035
1 10 26 -0.32051844093712073
1 11 83 -0.00163275378202061
1 11 11 -6.418303518646653
1 12 34 -0.5942803185634554
1 12 23 -0.8970581474788223
1 12 30 -3.21207765621442
1 13 38 0.0
1 14 33 -0.2394203215106466
1 14 42 -1.546857484484284
1 15 19 -0.9501804777824682
1 15 37 -3.425575322353847
1 15 29 -0.5433519002495218
1 16 13 0.0
1 17 41 0.0
1 18 53 -1.3699946796073406
1 18 60 -0.29317487900467215
1 19 57 -1.70683293376078
1 19 45 -0.20020798702825635
1 20 49 0.0
1 21 15 0.0
1 22 59 -1.9722473423400293
1 22 63 -0.14982780455488387
1 23 65 -3.9188751003986537
1 23 51 -3.1772709739184632
1 23 71 -0.06353926056262171
1 24 73 -0.12155306527655951
1 24 75 -2.167565337569791
1 25 67 -0.23049190744580456
1 25 55 -1.5805728537885335
2 0 0 0.0
2 1 24 0.0
2 3 78 -0.7678228465299157
2 3 47 -0.6236625683165115
2 4 3 -1.0170069748571353
2 4 77 -0.44890901597977456
2 5 81 -0.3310900625098532
2 5 69 -1.2663465186806535
2 6 85 -0.3489118755976603
2 6 10 -1.2223244889627152
2 7 5 -0.32762080313975883
2 7 7 -1.2752405145037695
2 8 16 -1.8375106057999255
2 8 9 -0.1734172514058462
2 9 20 0.0
2 10 26 0.0
2 11 83 0.0
2 12 34 -0.4666748133066326
2 12 23 -0.98640202309023
2 13 36 -0.7548329790134151
2 13 38 -1.3515377724676156
2 13 31 -1.3053820159189606
2 14 33 0.0
2 15 19 -0.728915068276176
2 15 29 -0.6586145782264178
2 16 13 0.0
2 17 41 -0.5532276619016403
2 17 43 -0.8558793410295715
2 18 53 -0.6953098366135467
2 18 60 -0.6909891914962714
2 19 57 -0.3715550824984371
2 19 45 -1.1700900838718942
2 20 49 0.0
2 21 15 0.0
2 22 59 -0.646139870952678
2 22 63 -0.7424736425026304
2 23 65 -3.9443100436379104
2 23 51 -3.280224637602494
2 23 71 -0.05867242968492053
2 24 73 -0.09613398754147098
2 24 75 -2.389694307820413
2 25 67 -1.5315224845127744
2 25 55 -0.24360936205309275
3 0 2 0.0
3 1 46 0.0
3 2 1 -1.9737384601641725
3 2 25 -0.36057079573405937
3 2 76 -1.80919876154231
3 4 79 0.0
3 5 81 -0.4204219410525294
3 5 69 -1.0693534632652264
3 6 85 0.0
3 7 5 -0.28820113566013145
3 7 7 -1.3847387860992784
3 8 9 0.0
3 9 20 0.0
3 10 17 -1.2938271152182899
3 10 26 -0.3205073806396974
3 11 83 -0.009435068742931808
3 11 11 -4.668035639424651
3 12 34 -0.5904810594039285
3 12 23 -0.9027023213650872
3 12 30 -3.2072720481928183
3 13 38 0.0
3 14 33 -0.23903742094024422
3 14 42 -1.5482742223821855
3 15 19 -0.9501666738869913
3 15 37 -3.4079786966633394
3 15 29 -0.5443559054124055
3 16 13 0.0
3 17 41 0.0
3 18 53 -1.3699775444242706
3 18 60 -0.29318071663836476
3 19 57 -1.7047149577109044
3 19 45 -0.20067805883958856
3 20 49 0.0
3 21 15 0.0
3 22 59 -1.9693588517747644
3 22 63 -0.15029546768369442
3 23 65 -3.9183012128393844
3 23 51 -3.1771820476539983
3 23 71 -0.06355536296474326
3 24 73 -0.12149721492483496
3 24 75 -2.167997556447983
3 25 67 -0.2305386242295928
3 25 55 -1.5803926531331116
4 0 2 0.0
4 1 24 -0.07992669810123415
4 1 46 -2.5663425230863304
4 2 1 -1.5538177253792596
4 2 76 -0.2375457850543071
4 3 78 0.0
4 5 81 -1.1380397907165714
4 5 69 -0.3863193860463013
4 6 85 -0.3489193082444056
4 6 10 -1.222306687475313
4 7 5 -0.32771494049319694
4 7 7 -1.2749977222470668
4 8 16 -1.8341411974903072
4 8 9 -0.1740565706297316
4 9 20 0.0
4 10 26 0.0
4 11 83 0.0
4 12 34 -0.46669721955414234
4 12 23 -0.9863643465737613
4 13 36 -0.7547038093506874
4 13 38 -1.353444820489951
4 13 31 -1.3037880162054303
4 14 33 0.0
4 15 19 -0.7289767162111241
4 15 29 -0.6585571187645057
4 16 13 0.0
4 17 41 -0.5532536640749225
4 17 43 -0.8558441496482212
4 18 53 -0.6946212872518688
4 18 60 -0.6916752436604475
4 19 57 -0.37192421702464334
4 19 45 -1.1692702500675014
4 20 49 0.0
4 21 15 0.0
4 22 59 -0.646057774699802
4 22 63 -0.7425640486617688
4 23 65 -3.856132557937096
4 23 51 -3.2070405967294455
4 23 71 -0.06360653766494447
4 24 73 -0.09706549522178375
4 24 75 -2.380509527021052
4 25 67 -1.531366323104668
4 25 55 -0.24365244281936269
5 0 0 -1.2595916757069954
5 0 2 -0.3337537572082059
5 1 68 0.0
5 2 25 0.0
5 3 80 -0.006200763640969897
5 3 47 -5.086181606377021
5 4 77 -0.6308713487066306
5 4 79 -0.7595603750395028
5 6 85 0.0
5 7 5 -0.2887983162729937
5 7 7 -1.3829530862425932
5 8 9 0.0
5 9 20 0.0
5 10 17 -1.2937907412846785
5 10 26 -0.3205211240262809
5 11 83 -0.0019802105608840016
5 11 11 -6.225542037944733
5 12 34 -0.5911102747749132
5 12 23 -0.9025761791914857
5 12 30 -3.199950594504174
5 13 38 0.0
5 14 33 -0.2397966136740801
5 14 42 -1.5454676778407817
5 15 19 -0.9501619125978796
5 15 37 -3.410552750613156
5 15 29 -0.5442123978908863
5 16 13 0.0
5 17 41 0.0
5 18 53 -1.3696170253197348
5 18 60 -0.29330356979737493
5 19 57 -1.7061498229373264
5 19 45 -0.20035946640265168
5 20 49 0.0
5 21 15 0.0
5 22 59 -1.9732464129700655
5 22 63 -0.14966641423967506
5 23 65 -3.93454199848997
5 23 51 -3.1937557890643187
5 23 71 -0.06248429270767331
5 24 73 -0.12056126801087501
5 24 75 -2.1752722885834226
5 25 67 -0.2304104526727994
5 25 55 -1.5808871471274935
6 0 2 0.0
6 1 68 0.0
6 2 1 -0.8373923978341313
6 2 25 -2.009924981371311
6 2 76 -0.8366399050246565
6 3 80 -0.6853133334745631
6 3 47 -0.7010428816793531
6 4 82 -1.2222010199139544
6 4 79 -0.3489634314332691
6 5 84 0.0
6 7 5 -1.561381353485697
6 7 7 -0.23552741504842017
6 8 9 0.0
6 9 20 0.0
6 10 17 -0.5883638050920645
6 10 26 -0.8102092590726709
6 11 11 0.0
6 12 34 -0.6153041093127978
6 12 23 -0.8934985903576411
6 12 30 -2.989711498519058
6 13 38 0.0
6 14 33 -0.1974747692865193
6 14 42 -1.7192575204030829
6 15 19 -1.551473336898418
6 15 37 -1.724516490158047
6 15 29 -0.49461557331928685
6 16 13 0.0
6 17 41 0.0
6 18 53 -1.3943408517074969
6 18 60 -0.2850142328900141
6 19 57 -1.2698357876102018
6 19 45 -0.3297238962123322
6 20 49 0.0
6 21 15 0.0
6 22 59 -2.0967360226088094
6 22 63 -0.13108498896793977
6 23 65 -3.6902234524714124
6 23 51 -2.50770569977423
6 23 71 -0.11252090085482151
6 24 73 -0.10294331323015973
6 24 75 -2.32460693960685
6 25 67 -0.23915376606226169
6 25 55 -1.5478434739604987
7 0 0 -0.7715781477753516
7 0 2 -0.6204227708101702
7 1 68 0.0
7 2 25 0.0
7 3 80 -0.6686982208355138
7 3 47 -0.7182089046548561
7 4 82 -1.7237760959224955
7 4 77 -0.757614740733381
7 4 79 -1.0417817242678626
7 5 4 0.0
7 6 85 -1.79317651471057
7 6 6 -0.18203838850035248
7 8 9 0.0
7 9 20 0.0
7 10 17 -0.5880191261184124
7 10 26 -0.8106397156666018
7 11 11 0.0
7 12 34 -0.6529850113155042
7 12 23 -0.9183016914950834
7 12 30 -2.5218139677814775
7 13 38 0.0
7 14 33 -0.22570068857405587
7 14 42 -1.5992742555467858
7 15 19 -1.3176477636268282
7 15 37 -1.540826097557798
7 15 29 -0.6577191926369466
7 16 13 0.0
7 17 41 0.0
7 18 53 -2.7762942485128015
7 18 60 -0.06429197358073535
7 19 57 -0.18029880184130215
7 19 45 -1.8019350760665909
7 20 64 -0.10663551808083416
7 20 49 -2.2911826391851084
7 21 15 0.0
7 22 59 -0.4340983737302883
7 22 63 -1.0436938580972115
7 23 51 -4.913111732373533
7 23 71 -0.007376724027057465
7 24 73 -0.008434597009642815
7 24 75 -4.779627674340279
7 25 67 -0.03659792282566488
7 25 55 -3.3260069469534295
8 0 2 0.0
8 1 68 0.0
8 2 1 -0.8233899187277314
8 2 25 -2.100300838298873
8 2 76 -0.8240779553613583
8 3 80 -0.6914168721497885
8 3 47 -0.6948804881275132
8 4 82 -0.27748865053178073
8 4 79 -1.4175132957489953
8 5 84 0.0
8 6 8 0.0
8 7 5 -1.5914556481696582
8 7 7 -0.22769010089499192
8 9 20 0.0
8 10 17 0.0
8 11 11 -0.7190284547906504
8 11 27 -0.6679188823616654
8 12 34 -0.6188301087877524
8 12 23 -0.7734338930617788
8 13 36 -0.35079021902096175
8 13 31 -1.2178400170411463
8 14 33 0.0
8 15 19 -1.164650375539874
8 15 29 -0.3740125713154947
8 16 39 -0.43470891919610083
8 16 13 -1.0425716182636684
8 17 41 -0.7469927137276013
8 17 43 -0.6420534474929492
8 18 53 0.0
8 19 57 -0.6248534262969466
8 19 45 -0.7664490858669545
8 20 49 0.0
8 21 15 0.0
8 22 59 -0.7890304122398158
8 22 63 -0.6056585110652748
8 23 65 -1.6421232198336921
8 23 51 -0.6556116657586442
8 23 71 -1.2472041286747533
8 24 73 -1.187511898002408
8 24 75 -0.36381341954680135
8 25 67 -3.6729672465822207
8 25 55 -0.6117231711241973
8 25 61 -0.8389047250216985
9 0 2 0.0
9 1 68 -0.5305856791130552
9 1 24 -1.5762119893874789
9 1 46 -1.5848289651732002
9 2 1 -0.6930642045227565
9 2 76 -0.6932301634827281
9 3 78 0.0
9 4 82 0.0
9 5 81 -0.8366050309781813
9 5 84 -0.5677111183954848
9 6 8 -0.4569341696263526
9 6 10 -1.0029985838407558
9 7 5 -1.2426129749579389
9 7 7 -0.340561257059874
9 8 16 0.0
9 10 21 0.0
9 11 27 0.0
9 12 23 0.0
9 13 31 0.0
9 14 33 0.0
9 15 19 -4.041771301123547
9 15 35 -0.7641003702618933
9 15 37 -4.701620010159114
9 15 29 -0.6780608176696503
9 16 39 -0.3546706825589541
9 16 13 -1.2086650955186558
9 17 41 -1.3733246307082907
9 17 43 -0.2920429680706373
9 18 53 -0.753201590952078
9 18 56 -0.6364958944215071
9 19 45 0.0
9 20 49 0.0
9 21 70 -0.7570830018921904
9 21 15 -0.6330546545154908
9 22 59 -0.6421972201149029
9 22 63 -0.7468330578731217
9 23 65 -1.0741760244904364
9 23 51 -0.41791087463177096
9 24 73 -0.5795531500298471
9 24 75 -0.8213183660337736
9 25 67 -5.0597822793486085
9 25 55 -0.8241716699689233
9 25 61 -0.5886882282874069
10 0 2 0.0
10 1 68 -0.4530460663764031
10 1 24 -1.697656574887162
10 1 46 -1.708159295371666
10 2 1 -0.6931627081982529
10 2 76 -0.6931316531627417
10 3 78 0.0
10 4 82 0.0
10 5 81 -0.8399756440873705
10 5 84 -0.565142851003436
10 6 8 -0.45694851918464824
10 6 10 -1.0029738106013644
10 7 5 -1.242250172004021
10 7 7 -0.3407084969508871
10 8 16 0.0
10 9 20 0.0
10 11 27 0.0
10 12 34 -0.7598695559488652
10 12 23 -0.6305995811653854
10 13 36 -0.4188188973097776
10 13 31 -1.0724280614394566
10 14 33 0.0
10 15 19 -2.7312165771209034
10 15 29 -0.0673584866972048
10 16 39 -0.364416463686273
10 16 13 -1.1861389701967429
10 17 41 -0.7802115224581953
10 17 43 -0.6130596586162721
10 18 53 0.0
10 19 57 -0.6381622440253337
10 19 45 -0.751332273806811
10 20 49 0.0
10 21 15 0.0
10 22 59 -0.8882755998003685
10 22 63 -0.5299481298800345
10 23 65 -1.619124446196002
10 23 51 -0.5713841877595137
10 23 71 -1.4389158329122527
10 24 73 -1.15695342277519
10 24 75 -0.3775231905514007
10 25 67 -6.470288516558731
10 25 55 -0.527556424071979
10 25 61 -0.8954930316031017
11 0 2 0.0
11 1 68 -2.197840025767464
11 1 24 -0.8944653784686096
11 1 46 -0.7336959966810879
11 2 1 -0.7025404938928553
11 2 76 -0.6838412810933278
11 3 78 0.0
11 4 82 0.0
11 5 81 -0.001627506292114462
11 5 84 -6.421519960546844
11 6 10 0.0
11 7 5 -0.46027148387604533
11 7 7 -0.9972629778285045
11 8 16 -1.4831646690385132
11 8 9 -0.25737071092766783
11 9 20 0.0
11 10 26 0.0
11 12 34 -0.3886244756839343
11 12 23 -1.133169024427403
11 13 36 -0.7540824568251215
11 13 38 -1.6468918381278688
11 13 31 -1.0879389334833154
11 14 33 0.0
11 15 19 -0.635274664229381
11 15 29 -0.7545757776907536
11 16 13 0.0
11 17 41 -0.5605842084012272
11 17 43 -0.8460080902343808
11 18 53 -0.8462487691550543
11 18 60 -0.5604033292553281
11 19 57 -0.36421042946424825
11 19 45 -1.1866077354796098
11 20 49 0.0
11 21 15 0.0
11 22 59 -0.589716236222538
11 22 63 -0.808523476122035
11 23 65 -3.6861526341383324
11 23 51 -2.5093207116936633
11 23 71 -0.11248777219201937
11 24 73 -0.14921979527252116
11 24 75 -1.976017220847587
11 25 67 -1.40373204040979
11 25 55 -0.28193643599867296
12 0 2 0.0
12 1 68 0.0
12 2 1 -0.8751884156110508
12 2 25 -1.7942895558962657
12 2 76 -0.8747386095201478
12 3 80 -1.9814089253315705
12 3 78 -0.3213934725667435
12 3 47 -1.9878671897893105
12 4 82 0.0
12 5 84 0.0
12 6 8 -0.40310732824075196
12 6 12 -1.1033445916038167
12 7 5 -1.242568268998062
12 7 7 -0.3405793964627782
12 8 18 0.0
12 9 22 0.0
12 10 17 -3.7080119195493912
12 10 21 -0.6499562627789184
12 10 28 -0.7909691714417634
12 11 11 -0.9695186871504008
12 11 27 -0.47685188842686227
12 13 31 0.0
12 14 33 0.0
12 15 35 -0.030737054388697893
12 15 37 -3.497615531095509
12 16 39 0.0
12 17 41 -1.3719753552989358
12 17 43 -0.2925010028199436
12 18 53 -0.7711985714417576
12 18 56 -0.6207492131567885
12 19 45 0.0
12 20 49 0.0
12 21 70 -0.7600967695259975
12 21 15 -0.6303999628633308
12 22 59 -0.5811269032615816
12 22 63 -0.8193177776253261
12 23 65 -1.0199743733216735
12 23 51 -0.4472315815426551
12 24 73 -0.4982893640848758
12 24 75 -0.9353948102188924
12 25 67 -5.815356157206019
12 25 55 -0.8008632921630828
12 25 61 -0.6013388480116193
13 0 2 0.0
13 1 68 0.0
13 2 1 -0.7082394826764865
13 2 25 -4.209404224710243
13 2 76 -0.7079882139340272
13 3 80 -0.6824188782193578
13 3 47 -0.7039918286924868
13 4 82 -0.0516872289216106
13 4 79 -2.988276852313267
13 5 84 0.0
13 6 12 0.0
13 7 5 -1.7959184303197588
13 7 7 -0.181491836189291
13 8 18 -0.011367185027677579
13 8 9 -4.482702789441575
13 9 22 0.0
13 10 17 -3.1882156042078695
13 10 21 -1.1644228545734312
13 10 28 -0.43594721611652154
13 11 11 -1.2870867998972848
13 11 27 -0.32306592380963906
13 12 30 0.0
13 14 33 -2.4641511411888195
13 14 42 -0.0889197788440016
13 15 35 -2.898645210971375
13 15 37 -0.056673865237658674
13 16 39 0.0
13 17 41 0.0
13 18 53 0.0
13 19 57 -0.404428643758274
13 19 45 -1.1006884457207855
13 20 49 0.0
13 21 70 -0.34446854378844916
13 21 15 -1.2330475465989748
13 22 59 -0.6712696681940954
13 22 63 -0.7155140442161066
13 23 65 -0.9488756576100653
13 23 51 -0.48967765563966287
13 24 73 -1.4047446422065493
13 24 75 -0.2816068584502555
13 25 67 -6.304485196864444
13 25 55 -0.5285708989975452
13 25 61 -0.8947123146070483
14 0 2 0.0
14 1 68 0.0
14 2 1 -0.9002264620438966
14 2 25 -1.6770731483863284
14 2 76 -0.8999201186849239
14 3 80 -1.9754647967407106
14 3 78 -0.322687330321628
14 3 47 -1.9870234370319588
14 4 82 0.0
14 5 84 0.0
14 6 8 -0.4031319785849422
14 6 12 -1.103294941971906
14 7 5 -1.2421473915778303
14 7 7 -0.3407502229955773
14 8 18 0.0
14 9 22 0.0
14 10 17 -3.1868200509212072
14 10 21 -0.9686665550345398
14 10 28 -0.5462660579150711
14 11 11 -0.9695080216253106
14 11 27 -0.4768584050634232
14 12 32 0.0
14 13 40 -0.24416956375294835
14 13 31 -1.5294942608446291
14 15 35 -0.7593400860869601
14 15 37 -0.6310650772829158
14 16 39 0.0
14 17 43 0.0
14 18 53 -2.295665982404664
14 18 56 -0.106132269265088
14 19 45 0.0
14 20 49 -6.797456877404001
14 20 66 -0.0011172350940682181
14 21 70 -0.0251544345024813
14 21 15 -3.695271928804357
14 22 59 -2.9915346476682414
14 22 63 -0.051514710911922605
14 23 65 -0.09588701979465235
14 23 51 -2.3921451002725056
14 24 73 -2.414086664498884
14 24 75 -0.0937053666338539
14 25 55 -0.7187748566769412
14 25 61 -0.6681599044356042
15 0 2 0.0
15 1 68 0.0
15 2 1 -0.7540121150519677
15 2 25 -2.8310161019505857
15 2 76 -0.7538064764010873
15 3 80 -2.5267765507571465
15 3 78 -0.17390164320481066
15 3 47 -2.5294325205222914
15 4 82 0.0
15 5 84 0.0
15 6 8 0.0
15 7 5 -1.2423498604898606
15 7 7 -0.340668031909297
15 8 18 0.0
15 9 20 -0.6304830957315108
15 9 22 -0.7600021325685028
15 10 17 -3.4056007732863964
15 10 28 -0.03375005587899469
15 11 11 -1.0061517086473206
15 11 27 -0.4551123380662178
15 12 34 0.0
15 13 36 -0.14564274684388148
15 13 31 -1.9985362995425393
15 14 33 0.0
15 16 39 -0.3508899456867026
15 16 13 -1.2176027195988492
15 17 41 -0.4854035574087594
15 17 43 -0.9556782810366447
15 18 53 0.0
15 19 57 -0.34438522035184765
15 19 45 -1.2332501908222164
15 20 49 0.0
15 21 70 -0.4185932035121789
15 21 15 -1.072862093422054
15 22 59 -0.5073993966105358
15 22 63 -0.9214521843535264
15 23 65 -1.199970969362632
15 23 51 -0.35839493069550166
15 24 73 -1.0913304374141948
15 24 75 -0.4091260152607776
15 25 67 -6.66067846722858
15 25 55 -0.5274696139630157
15 25 61 -0.8949611603880611
16 0 2 0.0
16 1 68 0.0
16 2 1 -1.0796892050179596
16 2 25 -1.138384830033699
16 2 76 -1.0789187494416896
16 3 80 -0.6699110936923561
16 3 47 -0.7169360532011739
16 4 82 -0.835942549848726
16 4 79 -0.5682176986190852
16 5 84 0.0
16 6 12 0.0
16 7 5 -1.6476674662554245
16 7 7 -0.2138102354835618
16 8 9 0.0
16 9 22 0.0
16 10 17 -1.846440050751303
16 10 21 -1.0997407821059442
16 10 26 -2.7462145643891054
16 10 28 -0.8095138553249834
16 11 11 0.0
16 12 30 0.0
16 13 38 0.0
16 14 33 -1.0179060837754528
16 14 42 -0.4483999375185703
16 15 19 -1.210408725401037
16 15 35 -1.3288898986266733
16 15 37 -0.8274707598503149
16 17 41 0.0
16 18 53 -2.9686822083865407
16 18 60 -0.05273745454777085
16 19 57 -0.0710630413776898
16 19 45 -2.679509003884733
16 20 49 0.0
16 21 70 -0.023508152378010575
16 21 15 -3.762139058199237
16 22 59 -0.4114966631509775
16 22 63 -1.0866572325199764
16 23 65 -8.326355743474549
16 23 51 -2.4208184052376078E-4
16 24 73 -5.114880501845422
16 24 75 -0.006024808344804252
16 25 67 -0.043998205454067546
16 25 55 -3.145524874971847
17 0 2 0.0
17 1 68 0.0
17 2 1 -0.7180911177649851
17 2 25 -3.7077495671048073
17 2 76 -0.7178804751073743
17 3 80 -0.6861734319438979
17 3 47 -0.7001699040843289
17 4 82 -0.06590678402082963
17 4 79 -2.7522863094887655
17 5 84 0.0
17 6 12 0.0
17 7 5 -1.79123680981448
17 7 7 -0.18242612146541035
17 8 18 -0.00915830820030641
17 8 9 -4.6976694709711095
17 9 22 0.0
17 10 17 -3.1865338963607344
17 10 21 -0.9687099466919477
17 10 28 -0.5462580285342742
17 11 11 -1.3388410783951916
17 11 27 -0.30401378256283573
17 12 32 -0.24166483735202585
17 12 30 -1.5386036720465677
17 13 40 0.0
17 14 42 0.0
17 15 35 -0.759423416904305
17 15 37 -0.6309917842821936
17 16 39 0.0
17 18 53 0.0
17 19 57 -0.6410399031595736
17 19 45 -0.74811960516639
17 20 49 -7.1857134387204855
17 20 66 -7.576154257785469E-4
17 21 70 -0.019760607216976367
17 21 15 -3.933928891125365
17 22 59 -0.18856269143370172
17 22 63 -1.76112503591319
17 23 65 -0.09624429898594343
17 23 51 -2.388601761285858
17 24 73 -2.415158242768051
17 24 75 -0.09360016085655426
17 25 55 -0.2772060861582597
17 25 61 -1.4183973463650446
18 0 2 0.0
18 1 68 0.0
18 2 1 -0.7199841898365311
18 2 25 -3.6364327114906714
18 2 76 -0.7197090698684341
18 3 80 -0.6885031143756317
18 3 47 -0.697812914761816
18 4 82 -0.14392795478366818
18 4 79 -2.0095434092770748
18 5 84 0.0
18 6 12 0.0
18 7 5 -3.2803461308100714
18 7 7 -2.9464792007192173
18 7 14 -0.09446403528758446
18 8 18 -0.04024568058383177
18 8 9 -3.2328079486495276
18 9 22 0.0
18 10 17 -3.1869919856124
18 10 21 -0.968662287766133
18 10 28 -0.5462565934101411
18 11 11 -1.4267917532916992
18 11 27 -0.2745393736009836
18 12 32 -0.1998774467289516
18 12 30 -1.7083255190778246
18 13 40 0.0
18 14 42 -1.9412254151382504
18 14 44 -0.15493360697455616
18 15 35 -0.7146836270113175
18 15 37 -0.6720647910411136
18 16 48 -0.2808688385576058
18 16 39 -1.4070170917098348
18 17 52 0.0
18 19 57 0.0
18 20 66 0.0
18 21 70 0.0
18 22 59 -9.192210356356219E-4
18 22 63 -6.992443522281335
18 23 65 -0.2730941997080149
18 23 51 -1.4313799999309644
18 24 73 -2.4295380363938968
18 24 75 -0.09220028351805196
18 25 55 -2.1890419556204668
18 25 61 -0.11881058726470428
19 0 2 0.0
19 1 68 0.0
19 2 1 -0.8277822906634367
19 2 25 -2.072531734380463
19 2 76 -0.8275569173798824
19 3 80 -2.037206667464573
19 3 78 -0.30121302819356544
19 3 47 -2.042628063399887
19 4 82 0.0
19 5 84 0.0
19 6 8 -1.0387063660141647
19 6 12 -0.43681990026164746
19 7 5 -2.9500695794088245
19 7 7 -2.1549465507286443
19 7 14 -0.1842178937394545
19 8 18 0.0
19 9 22 0.0
19 10 17 -3.1868470633902706
19 10 21 -0.9687458147594517
19 10 28 -0.5462121823861503
19 11 11 -0.8133989442758831
19 11 27 -0.5858160612123586
19 12 32 0.0
19 13 40 -0.02762043580668181
19 13 31 -3.602977783547784
19 14 44 0.0
19 15 35 -0.7593680853788306
19 15 37 -0.63104044943339
19 16 48 -0.5503138257321499
19 16 39 -0.8598366230209763
19 17 52 -0.6984793495554152
19 17 43 -0.6878432928566943
19 18 56 0.0
19 20 66 0.0
19 21 70 0.0
19 22 59 -6.849627260073882
19 22 63 -0.001060412706823678
19 23 65 -0.26405392336622735
19 23 51 -1.4607254029217531
19 24 73 -2.4292947417353847
19 24 75 -0.09222378512836853
19 25 55 -1.2595631690160598
19 25 61 -0.3337650517638878
20 0 2 0.0
20 1 68 0.0
20 2 1 -1.1177108863654917
20 2 25 -1.061517367262891
20 2 76 -1.1176668286259483
20 3 80 -0.6883791201270956
20 3 47 -0.6979380843551032
20 4 82 -0.7228710137854417
20 4 79 -0.6642814100324795
20 5 84 0.0
20 6 12 0.0
20 7 5 -3.195686545243802
20 7 7 -2.725632814844327
20 7 14 -0.11254531673118884
20 8 9 0.0
20 9 22 0.0
20 10 17 -1.8545050900410756
20 10 21 -1.1039504314155173
20 10 26 -2.7460687994531896
20 10 28 -0.8035621245905585
20 11 11 0.0
20 12 30 0.0
20 13 38 0.0
20 14 33 -3.5514242504350984
20 14 42 -0.02910317647923877
20 15 19 -1.2101943231654533
20 15 35 -1.3227641689201883
20 15 37 -0.831346026849923
20 16 48 0.0
20 17 54 -0.010080637983602867
20 17 41 -4.602174811177129
20 18 53 -1.4228445522561592
20 18 60 -0.27578963627112835
20 19 57 -0.31640247936959676
20 19 45 -1.304773648960095
20 21 70 0.0
20 22 59 -0.4344938642730824
20 22 63 -1.0429666875697756
20 23 65 -0.25155566689720704
20 23 51 -1.5032335196186621
20 24 73 -2.6231943419521815
20 24 75 -0.07533868861905783
20 25 67 0.0
21 0 0 -1.0339080341911007
21 0 2 -0.4394581106268454
21 1 68 0.0
21 2 25 0.0
21 3 80 -0.6677452888611539
21 3 47 -0.7192111837750571
21 4 82 -1.516389241645453
21 4 77 -0.8247757982312722
21 4 79 -1.0724659626547597
21 5 4 0.0
21 6 85 -1.5898612428398664
21 6 6 -0.2280981925982098
21 7 14 0.0
21 8 9 0.0
21 9 20 -0.6205488621251465
21 9 22 -0.7714315012100206
21 10 17 -0.5878169863484926
21 10 26 -0.8108923157012087
21 11 11 0.0
21 12 30 0.0
21 13 38 0.0
21 14 33 -3.2741401215716937
21 14 42 -0.03858429288073106
21 15 19 -1.2624856502058195
21 15 35 -1.6145647074206337
21 15 37 -0.9849130949691632
21 15 29 -1.9337755624513784
21 16 50 -0.025161419478228423
21 16 13 -3.6949977615231058
21 17 54 -0.09502923819722961
21 17 41 -2.400709038475576
21 18 53 -0.8168899664114161
21 18 60 -0.583044306789959
21 19 57 -0.40075233132730054
21 19 45 -1.1081050009907307
21 20 64 -0.22307221131558985
21 20 49 -1.6097233233334292
21 22 59 -0.6007659539526782
21 22 63 -0.7949394756750925
21 23 71 0.0
21 24 73 -4.311311747319598E-4
21 24 75 -7.749313722281983
21 25 67 0.0
22 0 2 0.0
22 1 68 0.0
22 2 1 -0.7189049086416279
22 2 25 -3.672872703529613
22 2 76 -0.7188527041900947
22 3 80 -0.6887841493598517
22 3 47 -0.6975293312506889
22 4 82 -0.14536995627765317
22 4 79 -2.0002779787845046
22 5 84 0.0
22 6 12 0.0
22 7 5 -3.278442523394314
22 7 7 -2.9461259024787068
22 7 14 -0.09456321240283219
22 8 18 -0.028719762171941714
22 8 9 -3.5644953293823742
22 9 22 0.0
22 10 17 -3.1882716079532507
22 10 21 -0.9887649205787995
22 10 28 -0.5332058615345271
22 11 11 -1.4318569023041925
22 11 27 -0.27294448781965336
22 12 32 0.0
22 13 40 -0.03661707913681053
22 13 31 -3.3254931774256837
22 14 44 0.0
22 15 35 -0.770244185261669
22 15 37 -0.6215710214428595
22 16 48 -0.2710569798971267
22 16 39 -1.4378952557948288
22 17 52 -0.29478103413336515
22 17 43 -1.3652949299661918
22 18 58 0.0
22 19 57 -6.193952405410978
22 19 62 -0.0020438281911850558
22 20 66 0.0
22 21 70 0.0
22 23 65 -0.2709840259483965
22 23 51 -1.4381296068739535
22 24 73 -2.430226720457326
22 24 75 -0.09213379247142853
22 25 55 -2.038691992747222
22 25 61 -0.139490714914812
23 0 2 0.0
23 1 68 0.0
23 2 1 -1.4457804126123062
23 2 25 -0.6390291503882689
23 2 76 -1.4412438613260663
23 3 80 -0.6762165367704928
23 3 47 -0.7103694149502668
23 4 82 -2.289397755817608
23 4 79 -0.10683656822058556
23 5 4 -0.16959945744494284
23 5 84 -1.8579172715296914
23 6 12 0.0
23 7 7 -7.9646588030908525
23 7 14 -3.4759066768465485E-4
23 8 9 0.0
23 9 22 0.0
23 10 17 -1.8474838525678305
23 10 21 -1.1004436753053821
23 10 26 -2.746209618543695
23 10 28 -0.808619443892597
23 11 11 0.0
23 12 30 0.0
23 13 38 0.0
23 14 33 -3.895255299558762
23 14 42 -0.02054784999235214
23 15 19 -1.2103703549317986
23 15 35 -1.327732438859901
23 15 37 -0.828198633418432
23 16 50 0.0
23 17 54 -0.09253473339440615
23 17 41 -2.4260818227374203
23 18 53 -1.1578972303912007
23 18 60 -0.3770905946910973
23 19 57 -0.40055429845727963
23 19 45 -1.1085068537031566
23 20 64 -0.2262482033762497
23 20 49 -1.5971148043357093
23 21 70 0.0
23 22 59 -0.5188853613468086
23 22 63 -0.9043216307340144
23 24 73 -7.935395881183167
23 24 75 -3.579143201631799E-4
23 25 67 0.0
24 0 0 -0.9425449095121055
24 0 2 -0.49369811840593386
24 1 68 0.0
24 2 25 0.0
24 3 80 -0.6684808103913069
24 3 47 -0.7184374010998095
24 4 82 -1.4581008330951446
24 4 77 -0.8556232671619387
24 4 79 -1.0720559248151873
24 5 4 0.0
24 6 85 -2.3923635914199184
24 6 6 -0.19464577585020654
24 6 12 -2.4597014904923507
24 7 14 0.0
24 8 9 0.0
24 9 22 0.0
24 10 17 -1.173988413544984
24 10 21 -1.7497600060399363
24 10 26 -2.2446538176892665
24 10 28 -0.8889465280098395
24 11 11 0.0
24 12 30 0.0
24 13 38 0.0
24 14 33 -3.847568785355142
24 14 42 -0.021562340369597786
24 15 19 -1.219995919792027
24 15 35 -1.7900567676749222
24 15 37 -0.6202351841274214
24 16 50 0.0
24 17 54 -0.09441339237010728
24 17 41 -2.4069076593087133
24 18 53 -0.8076676786992331
24 18 60 -0.5904043804399067
24 19 57 -0.509073469452147
24 19 45 -0.9189247331614906
24 20 64 -0.2230373889176304
24 20 49 -1.6098626747608695
24 21 72 0.0
24 22 59 -0.5589304971060252
24 22 63 -0.8482123126309784
24 23 71 -7.604130411097833
24 23 74 -4.985128632314241E-4
24 25 67 0.0
25 0 2 0.0
25 1 68 0.0
25 2 1 -0.7243117176634359
25 2 25 -3.487197881435797
25 2 76 -0.7241106282152925
25 3 80 -0.6886932472375876
25 3 47 -0.6976210401878673
25 4 82 -0.1442752705119243
25 4 79 -2.007302682659482
25 5 84 0.0
25 6 12 0.0
25 7 5 -3.2784978617939298
25 7 7 -2.9477602765436672
25 7 14 -0.09446661021486172
25 8 18 -0.04229365049989702
25 8 9 -3.184190605573619
25 9 22 0.0
25 10 17 -3.18738416034338
25 10 21 -0.9875799640966277
25 10 28 -0.534020421723125
25 11 11 -1.4268882383395591
25 11 27 -0.27450889355650765
25 12 32 -0.2411162489714744
25 12 30 -1.540613021001908
25 13 40 0.0
25 14 42 0.0
25 15 35 -0.7194457103805589
25 15 37 -0.6675225779597124
25 16 48 -0.19922260832061
25 16 39 -1.7112905601510413
25 17 54 0.0
25 18 53 -3.24494074779993
25 18 60 -0.03975056183312362
25 19 57 -0.030735066358110755
25 19 45 -3.497679222894525
25 20 66 0.0
25 21 70 0.0
25 22 59 -0.04723814508208312
25 22 63 -3.0760796517614746
25 23 65 -0.2660726725372616
25 23 51 -1.4540740992456878
25 24 73 -2.4294665076708912
25 24 75 -0.092207192349792
