0 1 24 0.0
0 2 1 0.0
0 3 78 -0.81106589914725
0 3 47 -0.587678131810921
0 4 3 -0.34841121782615714
0 4 77 -1.223524619648761
0 5 81 -0.27669664782837394
0 5 69 -1.4199938206837452
0 6 85 -0.2966238090841637
0 6 10 -1.359939097758007
0 7 5 -0.3653959791374167
0 7 7 -1.1839147126198404
0 8 16 -2.3457361029357937
0 8 9 -0.10067890782146577
0 9 20 0.0
0 10 26 0.0
0 11 83 0.0
0 12 34 -0.4924498161214072
0 12 23 -0.9445035186693531
0 13 36 -0.6982954997242848
0 13 38 -1.3850629869516102
0 13 31 -1.3772969138735944
0 14 33 0.0
0 15 19 -0.7783507098227834
0 15 29 -0.6146367471080948
0 16 13 0.0
0 17 41 -0.4728702859541264
0 17 43 -0.976069678160612
0 18 53 -0.7883877095019624
0 18 60 -0.6061938496616116
0 19 57 -0.5287282646276208
0 19 45 -0.8900237388301091
0 20 49 0.0
0 21 15 0.0
0 22 59 -0.7026155501621358
0 22 63 -0.6837676207539608
0 23 65 -3.4994551471932507
0 23 51 -3.195727552002018
0 23 71 -0.07380863293094905
0 24 73 -0.1640911856553652
0 24 75 -1.8882569268215117
0 25 67 -1.371580683541638
0 25 55 -0.29263513751495474
1 0 0 0.0
1 2 25 0.0
1 3 47 0.0
1 4 3 -1.2020173354909853
1 4 77 -1.1042363557510557
1 4 79 -0.9998112654859115
1 5 81 -0.3770837335512051
1 5 69 -1.157912210019266
1 6 85 0.0
1 7 5 -0.28759764359504725
1 7 7 -1.3865476904679102
1 8 9 0.0
1 9 20 0.0
1 10 17 -1.2863905022715536
1 10 26 -0.32333158912795257
1 11 83 -0.012313372095428276
1 11 11 -4.403219813498564
1 12 34 -0.5766921503941459
1 12 23 -0.9085404509741147
1 12 30 -3.3485759812277163
1 13 38 0.0
1 14 33 -0.17284246996346353
1 14 42 -1.8405514506419713
1 15 19 -1.0545192942937374
1 15 37 -2.894316510483507
1 15 29 -0.5170058151130456
1 16 13 0.0
1 17 41 0.0
1 18 53 -1.1901573730615078
1 18 60 -0.3626547755496906
1 19 57 -1.69375898952601
1 19 45 -0.2031292050517898
1 20 49 0.0
1 21 15 0.0
1 22 59 -2.083714788057548
1 22 63 -0.13292241679482134
1 23 65 -4.045638492578871
1 23 51 -3.5978026375602465
1 23 71 -0.04592075968998519
1 24 73 -0.15673751740906142
1 24 75 -1.9305280941823881
1 25 67 -0.27228535915859253
1 25 55 -1.4339600957594254
2 0 0 0.0
2 1 24 0.0
2 3 78 -0.8155457322721402
2 3 47 -0.5841095291161071
2 4 3 -0.9958996440090077
2 4 77 -0.4610692196312079
2 5 81 -0.2766231115559931
2 5 69 -1.4202245460443206
2 6 85 -0.2966133210207244
2 6 10 -1.3599694713490345
2 7 5 -0.3655071605380989
2 7 7 -1.1836626946889115
2 8 16 -2.347433414950874
2 8 9 -0.10049929463543421
2 9 20 0.0
2 10 26 0.0
2 11 83 0.0
2 12 34 -0.4927078132666613
2 12 23 -0.9440982012299308
2 13 36 -0.6982198098494335
2 13 38 -1.3848664865878713
2 13 31 -1.3776412316304858
2 14 33 0.0
2 15 19 -0.7784354886226774
2 15 29 -0.6145647768340606
2 16 13 0.0
2 17 41 -0.4724886608191777
2 17 43 -0.9767012077293273
2 18 53 -0.7884078016608482
2 18 60 -0.6061771043660772
2 19 57 -0.5288300543215899
2 19 45 -0.8898776696413202
2 20 49 0.0
2 21 15 0.0
2 22 59 -0.7037235198362566
2 22 63 -0.6826815305696731
2 23 65 -3.517273843178161
2 23 51 -3.208763182556244
2 23 71 -0.07266402608877418
2 24 73 -0.16405378625929665
2 24 75 -1.8884666825955934
2 25 67 -1.3713476096593291
2 25 55 -0.29271438424186097
3 0 2 0.0
3 1 46 0.0
3 2 1 -1.7673776125618093
3 2 25 -0.4333251307826666
3 2 76 -1.709976257972931
3 4 79 0.0
3 5 81 -0.3767498444204686
3 5 69 -1.1586415712160036
3 6 85 0.0
3 7 5 -0.2876000534418129
3 7 7 -1.3865404585202292
3 8 9 0.0
3 9 20 0.0
3 10 17 -1.2946874082235582
3 10 26 -0.3201825315432642
3 11 83 -0.012369592643577825
3 11 11 -4.3986924451617755
3 12 34 -0.5765593447351797
3 12 23 -0.9109417265079089
3 12 30 -3.323498735842802
3 13 38 0.0
3 14 33 -0.17376257294657715
3 14 42 -1.8356889780807464
3 15 19 -1.0545099904905375
3 15 37 -2.8941431151678403
3 15 29 -0.5170273430905864
3 16 13 0.0
3 17 41 0.0
3 18 53 -1.190166465674381
3 18 60 -0.3626508008341613
3 19 57 -1.702123068441363
3 19 45 -0.2012549710487243
3 20 49 0.0
3 21 15 0.0
3 22 59 -2.070263680801393
3 22 63 -0.13484941892347538
3 23 65 -4.046577413926502
3 23 51 -3.5979025585135744
3 23 71 -0.045900701511045916
3 24 73 -0.15673457641079244
3 24 75 -1.930545426100587
3 25 67 -0.27228994223808123
3 25 55 -1.4339454516777501
4 0 2 0.0
4 1 24 -0.08722084674517522
4 1 46 -2.4826053737549025
4 2 1 -1.510746498352054
4 2 76 -0.24941711147604967
4 3 78 0.0
4 5 81 -1.168845119088308
4 5 69 -0.372115807401944
4 6 85 -0.2966175070327952
4 6 10 -1.3599573484456702
4 7 5 -0.3655643733956918
4 7 7 -1.1835330443976857
4 8 16 -2.3450307612970964
4 8 9 -0.10075364780064808
4 9 20 0.0
4 10 26 0.0
4 11 83 0.0
4 12 34 -0.49286900826698954
4 12 23 -0.9438450978424459
4 13 36 -0.6980796585279064
4 13 38 -1.3882061439911841
4 13 31 -1.3746122404554793
4 14 33 0.0
4 15 19 -0.7784832791854437
4 15 29 -0.6145242115228129
4 16 13 0.0
4 17 41 -0.4727792451269024
4 17 43 -0.9762202783042006
4 18 53 -0.7884332783768742
4 18 60 -0.6061558723361664
4 19 57 -0.5283339615847784
4 19 45 -0.8905899094390903
4 20 49 0.0
4 21 15 0.0
4 22 59 -0.7046278106073146
4 22 63 -0.6817968607502688
4 23 65 -3.761312443587357
4 23 51 -3.350091889311005
4 23 71 -0.06010498480878169
4 24 73 -0.16150302215245563
4 24 75 -1.9028963695918235
4 25 67 -1.3712419576042392
4 25 55 -0.29275031482252767
5 0 0 -1.7786177548497086
5 0 2 -0.18497075206007632
5 1 68 0.0
5 2 25 0.0
5 3 80 -0.002172823674742267
5 3 47 -6.132813939821375
5 4 77 -0.5432947822496695
5 4 79 -0.869482013623076
5 6 85 0.0
5 7 5 -0.2875971680122943
5 7 7 -1.3865491176995044
5 8 9 0.0
5 9 20 0.0
5 10 17 -1.2583490476966188
5 10 26 -0.33424651295404556
5 11 83 -0.013137869685453185
5 11 11 -4.33881814649957
5 12 34 -0.5753833630384666
5 12 23 -0.9160188761655496
5 12 30 -3.2860296821880075
5 13 38 0.0
5 14 33 -0.17280932077715466
5 14 42 -1.840727160056956
5 15 19 -1.054511249783946
5 15 37 -2.8939401686560937
5 15 29 -0.5170454465347729
5 16 13 0.0
5 17 41 0.0
5 18 53 -1.189568890352378
5 18 60 -0.3629121334899343
5 19 57 -1.7004827962357916
5 19 45 -0.201621014722347
5 20 49 0.0
5 21 15 0.0
5 22 59 -2.0752427445480603
5 22 63 -0.134132662555465
5 23 65 -4.059862341475421
5 23 51 -3.6106984136861087
5 23 71 -0.045294851425927436
5 24 73 -0.15674825288337652
5 24 75 -1.9304648307679235
5 25 67 -0.27206205482121526
5 25 55 -1.4346739500590833
6 0 2 0.0
6 1 68 0.0
6 2 1 -0.8725401318126691
6 2 25 -1.8094603134493656
6 2 76 -0.8713919151778714
6 3 80 -0.6821775775541814
6 3 47 -0.7042384516398584
6 4 82 -1.36001673901723
6 4 79 -0.296597000250074
6 5 84 0.0
6 7 5 -1.4967186186854555
6 7 7 -0.25342692100488773
6 8 9 0.0
6 9 20 0.0
6 10 17 -0.5637659435628061
6 10 26 -0.8417909769645072
6 11 11 0.0
6 12 34 -0.5794844370172698
6 12 23 -0.9419727839196739
6 12 30 -2.99663417106907
6 13 38 0.0
6 14 33 -0.1663163572839758
6 14 42 -1.8758694346100868
6 15 19 -1.3232678304197028
6 15 37 -1.612388541835521
6 15 29 -0.6267501084061218
6 16 13 0.0
6 17 41 0.0
6 18 53 -1.2651708976862102
6 18 60 -0.331551854287519
6 19 57 -1.2794153441796678
6 19 45 -0.32600705392243035
6 20 49 0.0
6 21 15 0.0
6 22 59 -1.784590109790374
6 22 63 -0.18376161734809965
6 23 65 -3.102882684997977
6 23 51 -2.27257535384633
6 23 71 -0.16012882772166764
6 24 73 -0.18234329441188635
6 24 75 -1.7916507882256922
6 25 67 -0.28782913672590904
6 25 55 -1.385853298020398
7 0 0 -0.9154426267453323
7 0 2 -0.5113914270502646
7 1 68 0.0
7 2 25 0.0
7 3 80 -0.6446416692010826
7 3 47 -0.7441259529243733
7 4 82 -2.034610193810476
7 4 77 -0.6582011003118418
7 4 79 -1.0455835982362598
7 5 4 0.0
7 6 85 -1.691459002852921
7 6 6 -0.2036479635247825
7 8 9 0.0
7 9 20 0.0
7 10 17 -0.5637580195580127
7 10 26 -0.8418014408616086
7 11 11 0.0
7 12 34 -0.7176642266388356
7 12 23 -0.9065730628123273
7 12 30 -2.2237419661106372
7 13 38 0.0
7 14 33 -0.21119689621623225
7 14 42 -1.658705056257956
7 15 19 -1.3146822316699813
7 15 37 -1.6207016431183645
7 15 29 -0.6279580141837673
7 16 13 0.0
7 17 41 0.0
7 18 53 -2.4121333601792148
7 18 60 -0.09389745764913329
7 19 57 -0.24342159489377344
7 19 45 -1.5322034762447225
7 20 64 -0.11497789288563985
7 20 49 -2.2199535821612026
7 21 15 0.0
7 22 59 -0.3961324554732244
7 22 63 -1.117543024938489
7 23 51 -4.555793419104384
7 23 71 -0.010561740472688708
7 24 73 -0.00616949421357999
7 24 75 -5.091221580696752
7 25 67 -0.036663240485151405
7 25 55 -3.3242562603576182
8 0 2 0.0
8 1 68 0.0
8 2 1 -0.8378059387248045
8 2 25 -2.004148850545418
8 2 76 -0.838019723106445
8 3 80 -0.6896764191825207
8 3 47 -0.6966300300891763
8 4 82 -0.46227226896795853
8 4 79 -0.9938491863765174
8 5 84 0.0
8 6 8 0.0
8 7 5 -1.6238682721647175
8 7 7 -0.21956826499749027
8 9 20 0.0
8 10 17 0.0
8 11 11 -0.5648163155846169
8 11 27 -0.8404056287212934
8 12 34 -0.6434531618281147
8 12 23 -0.7454404234874701
8 13 36 -0.29091578168474447
8 13 31 -1.3766555052260774
8 14 33 0.0
8 15 19 -0.8907022386290482
8 15 29 -0.5282557762143217
8 16 39 -0.4477569558186909
8 16 13 -1.019043497806362
8 17 41 -0.6960625084246747
8 17 43 -0.6902403271319979
8 18 53 0.0
8 19 57 -0.7667846564880167
8 19 45 -0.6245622516064144
8 20 49 0.0
8 21 15 0.0
8 22 59 -0.8910348928352314
8 22 63 -0.5280243236337159
8 23 65 -1.6029107710471815
8 23 51 -0.789219924839885
8 23 71 -1.065686339425624
8 24 73 -1.1122752258423885
8 24 75 -0.3987030112610733
8 25 67 -2.4720157900703748
8 25 55 -0.5171116770150408
8 25 61 -1.141482388527846
9 0 2 0.0
9 1 68 -0.5286993394948655
9 1 24 -1.5724464104667957
9 1 46 -1.59409562706982
9 2 1 -0.6930554647954502
9 2 76 -0.6932389047369931
9 3 78 0.0
9 4 82 0.0
9 5 81 -0.9185463437320516
9 5 84 -0.5093247041249087
9 6 8 -0.4222398799493058
9 6 10 -1.0658840313823397
9 7 5 -1.2021363498333155
9 7 7 -0.3574630294570948
9 8 16 0.0
9 10 21 0.0
9 11 27 0.0
9 12 23 0.0
9 13 31 0.0
9 14 33 0.0
9 15 19 -3.9199420538441188
9 15 35 -0.7321523469240581
9 15 37 -6.428553302894649
9 15 29 -0.6978178711648095
9 16 39 -0.3724894545226314
9 16 13 -1.1680167654911005
9 17 41 -1.393495592951266
9 17 43 -0.2852931398617128
9 18 53 -0.8821381353282746
9 18 56 -0.5342597320265483
9 19 45 0.0
9 20 49 0.0
9 21 70 -0.7558079610182432
9 21 15 -0.63418232192245
9 22 59 -0.6455821115836157
9 22 63 -0.7430881662304399
9 23 65 -0.9816699819441784
9 23 51 -0.46949953095329017
9 24 73 -0.5931754818858956
9 24 75 -0.8042347765863187
9 25 67 -4.95975116328961
9 25 55 -0.8013037691336827
9 25 61 -0.6083616414126367
10 0 2 0.0
10 1 68 -0.47319467154679434
10 1 24 -1.6559043225919248
10 1 46 -1.6816221328931402
10 2 1 -0.693196402146375
10 2 76 -0.6930979613961612
10 3 78 0.0
10 4 82 0.0
10 5 81 -0.9630587751879371
10 5 84 -0.48081949777651506
10 6 8 -0.44007478066741607
10 6 10 -1.0327915751076024
10 7 5 -1.18183035693479
10 7 7 -0.3663167387842334
10 8 16 0.0
10 9 20 0.0
10 11 27 0.0
10 12 34 -0.7916759788900765
10 12 23 -0.603461512405125
10 13 36 -0.3762448668445413
10 13 31 -1.1597461402065452
10 14 33 0.0
10 15 19 -2.738022763258239
10 15 29 -0.06688596121393366
10 16 39 -0.35813652461593787
10 16 13 -1.2005707340623764
10 17 41 -0.8074387861729332
10 17 43 -0.5905886124413348
10 18 53 0.0
10 19 57 -0.734888796113956
10 19 45 -0.6530783364219813
10 20 49 0.0
10 21 15 0.0
10 22 59 -0.9636770961786244
10 22 63 -0.4804379376221266
10 23 65 -1.5999008854339802
10 23 51 -0.5402117510090518
10 23 71 -1.534986488957143
10 24 73 -1.2258135206602283
10 24 75 -0.3474587149273021
10 25 67 -5.73398470686649
10 25 55 -0.3306047229276991
10 25 61 -1.2791392629570653
11 0 2 0.0
11 1 68 -2.460482170991923
11 1 24 -0.8262180963824632
11 1 46 -0.7404385389305344
11 2 1 -0.7211852343532614
11 2 76 -0.6658738661536336
11 3 78 0.0
11 4 82 0.0
11 5 81 -0.013178996273160428
11 5 84 -4.33571316933941
11 6 10 0.0
11 7 5 -0.6289856463343761
11 7 7 -0.761709383813358
11 8 16 -1.3041193993710116
11 8 9 -0.31664608890741486
11 9 20 0.0
11 10 26 0.0
11 12 34 -0.49345653774286946
11 12 23 -0.9429234640988401
11 13 36 -0.6997157867512747
11 13 38 -2.087385504116003
11 13 31 -0.9695264336270832
11 14 33 0.0
11 15 19 -0.7757348162495943
11 15 29 -0.6168629845866767
11 16 13 0.0
11 17 41 -0.679923462327782
11 17 43 -0.706548111544465
11 18 53 -0.7883325843010314
11 18 60 -0.6062397955173704
11 19 57 -0.5405818003871291
11 19 45 -0.8732535315120981
11 20 49 0.0
11 21 15 0.0
11 22 59 -0.6201315015907478
11 22 63 -0.7719170523085471
11 23 65 -3.0993842967455825
11 23 51 -2.2736898793266196
11 23 71 -0.16017887066006972
11 24 73 -0.1827449968895803
11 24 75 -1.7896449541041157
11 25 67 -1.37343692492492
11 25 55 -0.29200488516500434
12 0 2 0.0
12 1 68 0.0
12 2 1 -0.865870020361428
12 2 25 -1.8443849400996888
12 2 76 -0.8646663363541945
12 3 80 -1.8770215620459239
12 3 78 -0.36218256983902497
12 3 47 -1.8918042895789533
12 4 82 0.0
12 5 84 0.0
12 6 8 -0.44184897068989437
12 6 12 -1.0295902247044553
12 7 5 -1.2383658255042933
12 7 7 -0.3422896373391718
12 8 18 0.0
12 9 22 0.0
12 10 17 -3.7477507391647205
12 10 21 -0.66428730841786
12 10 28 -0.7726469416605884
12 11 11 -1.2544299636160687
12 11 27 -0.33580621587984477
12 13 31 0.0
12 14 33 0.0
12 15 35 -0.01094023748536655
12 15 37 -4.520772905952419
12 16 39 0.0
12 17 41 -1.3935148652340374
12 17 43 -0.2852867771626562
12 18 53 -0.8439411068343996
12 18 56 -0.5621407683364948
12 19 45 0.0
12 20 49 0.0
12 21 70 -0.8412307253736394
12 21 15 -0.5641904186377451
12 22 59 -0.5419406720491491
12 22 63 -0.8713614059080038
12 23 65 -0.981642819661343
12 23 51 -0.4695158067740674
12 24 73 -0.47712538005068406
12 24 75 -0.9690712315501846
12 25 67 -6.201091670992708
12 25 55 -0.7915213599528433
12 25 61 -0.6073036232828278
13 0 2 0.0
13 1 68 0.0
13 2 1 -0.7147716680296826
13 2 25 -3.8581330588069265
13 2 76 -0.7141894069631561
13 3 80 -0.6672159869988251
13 3 47 -0.719768742715977
13 4 82 -0.050702071331360836
13 4 79 -3.0070324400162307
13 5 84 0.0
13 6 12 0.0
13 7 5 -1.9201502075180574
13 7 7 -0.15850926403921797
13 8 18 -0.0474270008363838
13 8 9 -3.0721833550559934
13 9 22 0.0
13 10 17 -3.200625225204283
13 10 21 -1.34903288341017
13 10 28 -0.35700045957590876
13 11 11 -1.250783138063741
13 11 27 -0.3372652676231664
13 12 30 0.0
13 14 33 -2.5882199449643735
13 14 42 -0.07812771615174795
13 15 35 -2.8154360155842357
13 15 37 -0.061746268484672545
13 16 39 0.0
13 17 41 0.0
13 18 53 0.0
13 19 57 -0.5334117746517625
13 19 45 -0.883340125232181
13 20 49 0.0
13 21 70 -0.3223664904192062
13 21 15 -1.2889231940619292
13 22 59 -0.8767507699463727
13 22 63 -0.5380817684137678
13 23 65 -0.9271644888863286
13 23 51 -0.50364158989812
13 24 73 -1.6220772094318334
13 24 75 -0.22000853149125438
13 25 67 -8.365290194084364
13 25 55 -0.32621958354280056
13 25 61 -1.279700869806476
14 0 2 0.0
14 1 68 0.0
14 2 1 -0.8667017271034828
14 2 25 -1.8387690059494832
14 2 76 -0.8659510471501229
14 3 80 -1.8318700576955342
14 3 78 -0.3802004869020379
14 3 47 -1.856862521945471
14 4 82 0.0
14 5 84 0.0
14 6 8 -0.44209761827762484
14 6 12 -1.0291428351000107
14 7 5 -1.1934660920287716
14 7 7 -0.36121183506082766
14 8 18 0.0
14 9 22 0.0
14 10 17 -3.1983591916914142
14 10 21 -0.8729876756510584
14 10 28 -0.6134692182480908
14 11 11 -1.2544367772676113
14 11 27 -0.33580349678331933
14 12 32 0.0
14 13 40 -0.2852857289624651
14 13 31 -1.393518040225011
14 15 35 -0.7274218664761642
14 15 37 -0.6600084226733646
14 16 39 0.0
14 17 43 0.0
14 18 53 -1.7275636233754252
14 18 56 -0.195670500609618
14 19 45 0.0
14 20 49 -5.288883288796191
14 20 66 -0.005060174711418042
14 21 70 -0.04704037859885818
14 21 15 -3.080176918094459
14 22 59 -2.774915170277278
14 22 63 -0.06438361687221393
14 23 65 -0.16279401574583036
14 23 51 -1.8955625905675135
14 24 73 -2.1818770834456434
14 24 75 -0.11971814070246362
14 25 55 -0.7947873205180339
14 25 61 -0.6008912733912634
15 0 2 0.0
15 1 68 0.0
15 2 1 -0.7433224923357226
15 2 25 -3.0200389991723307
15 2 76 -0.7430323171639687
15 3 80 -2.264486529775396
15 3 78 -0.23234737171194447
15 3 47 -2.268706372446839
15 4 82 0.0
15 5 84 0.0
15 6 8 0.0
15 7 5 -1.224373928017061
15 7 7 -0.34805742644981064
15 8 18 0.0
15 9 20 -0.6589593922437752
15 9 22 -0.7285452734320861
15 10 17 -3.1996755745416645
15 10 28 -0.041630060939309155
15 11 11 -1.2416109333613072
15 11 27 -0.34096810827663937
15 12 34 0.0
15 13 36 -0.19020406762289965
15 13 31 -1.7532528315983396
15 14 33 0.0
15 16 39 -0.3559692372673649
15 16 13 -1.2056213925631805
15 17 41 -0.46537590659066386
15 17 43 -0.9885900352958698
15 18 53 0.0
15 19 57 -0.41483922580491317
15 19 45 -1.0801236269434995
15 20 49 0.0
15 21 70 -0.43915841383674503
15 21 15 -1.034451323878592
15 22 59 -0.7670242534033727
15 22 63 -0.6243544649431568
15 23 65 -1.1252759161168726
15 23 51 -0.39239524637224366
15 24 73 -1.1984627425851784
15 24 75 -0.35904572489937314
15 25 67 -7.285619086944791
15 25 55 -0.32745893244000346
15 25 61 -1.2781153916541188
16 0 2 0.0
16 1 68 0.0
16 2 1 -1.2236750613421852
16 2 25 -0.8881865193391275
16 2 76 -1.2226403433448478
16 3 80 -0.6340883079613174
16 3 47 -0.7559141445503285
16 4 82 -0.8276001357212155
16 4 79 -0.5746479607359171
16 5 84 0.0
16 6 12 0.0
16 7 5 -1.6022305182067758
16 7 7 -0.22495354586790572
16 8 9 0.0
16 9 22 0.0
16 10 17 -2.2080639396680697
16 10 21 -1.2323947273494764
16 10 26 -2.4882305699547085
16 10 28 -0.6627411552511553
16 11 11 0.0
16 12 30 0.0
16 13 38 0.0
16 14 33 -1.2390626716949042
16 14 42 -0.34200534644957
16 15 19 -1.2043805265605216
16 15 35 -1.6772469631881026
16 15 37 -0.667022395288045
16 17 41 0.0
16 18 53 -2.3210472336578825
16 18 60 -0.10333004963572039
16 19 57 -0.23115577666879986
16 19 45 -1.5780159419951845
16 20 49 0.0
16 21 70 -0.027695223072655605
16 21 15 -3.600310985260869
16 22 59 -0.3944829312119051
16 22 63 -1.1209452273286862
16 23 65 -6.83235993570346
16 23 51 -0.0010788921642856091
16 24 73 -4.541994597255742
16 24 75 -0.010709278791175494
16 25 67 -0.06452448460560678
16 25 55 -2.772799293865583
17 0 2 0.0
17 1 68 0.0
17 2 1 -0.7140256239114363
17 2 25 -3.8908537783689123
17 2 76 -0.7135476602559399
17 3 80 -0.6696349657289488
17 3 47 -0.7172255580857779
17 4 82 -0.04980728499203497
17 4 79 -3.024394300067391
17 5 84 0.0
17 6 12 0.0
17 7 5 -1.9778679667561192
17 7 7 -0.14892227790174953
17 8 18 -0.04767936615820302
17 8 9 -3.067001513100512
17 9 22 0.0
17 10 17 -3.197707215680759
17 10 21 -0.8754753207584038
17 10 28 -0.6116034960393166
17 11 11 -1.2509310675925966
17 11 27 -0.3372059376573232
17 12 32 -0.2852913849152214
17 12 30 -1.3935009085430907
17 13 40 0.0
17 14 42 0.0
17 15 35 -0.7283667995444799
17 15 37 -0.6591258978385861
17 16 39 0.0
17 18 53 0.0
17 19 57 -0.43360662953446283
17 19 45 -1.0445991456492285
17 20 49 -8.058620040729133
17 20 66 -3.1641312572534196E-4
17 21 70 -0.025905826359764777
17 21 15 -3.6662123299429346
17 22 59 -0.1422780397993093
17 22 63 -2.0202678111744965
17 23 65 -0.16751472325497624
17 23 51 -1.8692724505314409
17 24 73 -2.195727623153213
17 24 75 -0.11797031258888968
17 25 55 -0.2622509292456735
17 25 61 -1.4667149456615531
18 0 2 0.0
18 1 68 0.0
18 2 1 -0.7219861575104694
18 2 25 -3.5675869335245185
18 2 76 -0.7215679030816025
18 3 80 -0.6830122205610067
18 3 47 -0.7033859105753689
18 4 82 -0.11259343570725859
18 4 79 -2.239740415996944
18 5 84 0.0
18 6 12 0.0
18 7 5 -3.228858186319921
18 7 7 -2.7846331272174414
18 7 14 -0.10686657340050071
18 8 18 -0.08586625831390647
18 8 9 -2.4975902681927256
18 9 22 0.0
18 10 17 -3.27241443626508
18 10 21 -0.8669118935340216
18 10 28 -0.612788380587282
18 11 11 -1.249405366724588
18 11 27 -0.3378184402787018
18 12 32 -0.1901542693008222
18 12 30 -1.7534905706904405
18 13 40 0.0
18 14 42 -1.36951860349955
18 14 44 -0.29333711906586823
18 15 35 -0.6520140159062173
18 15 37 -0.7360451332433741
18 16 48 -0.23963281307608805
18 16 39 -1.5460723613006235
18 17 52 0.0
18 19 57 0.0
18 20 66 0.0
18 21 70 0.0
18 22 59 -2.0065161301077253E-4
18 22 63 -8.514040746485621
18 23 65 -0.279246097158716
18 23 51 -1.4120378753021632
18 24 73 -2.218843607010206
18 24 75 -0.11511322609069159
18 25 55 -1.9552180808410007
18 25 61 -0.1526077462484957
19 0 2 0.0
19 1 68 0.0
19 2 1 -0.9838623329600231
19 2 25 -1.3779245051137659
19 2 76 -0.9834074095815108
19 3 80 -1.9555094491897842
19 3 78 -0.33039900147264617
19 3 47 -1.9670369559130485
19 4 82 0.0
19 5 84 0.0
19 6 8 -1.1330911758986502
19 6 12 -0.38866145200969304
19 7 5 -2.8008745332192926
19 7 7 -2.0737516216161676
19 7 14 -0.20637268766416783
19 8 18 0.0
19 9 22 0.0
19 10 17 -3.1983064886863697
19 10 21 -0.8729591878408496
19 10 28 -0.6134951691908989
19 11 11 -0.9953406147437855
19 11 27 -0.4613968266337078
19 12 32 0.0
19 13 40 -0.002889312519888163
19 13 31 -5.848180995969278
19 14 44 0.0
19 15 35 -0.7275480453227553
19 15 37 -0.6598904839948906
19 16 48 -0.5468455056703089
19 16 39 -0.8645826121111096
19 17 52 -0.685943675217698
19 17 43 -0.7004029531262901
19 18 56 0.0
19 20 66 0.0
19 21 70 0.0
19 22 59 -8.327618023037344
19 22 63 -2.4177642142325613E-4
19 23 65 -0.4219750403049054
19 23 51 -1.0663883222582722
19 24 73 -2.2186474299634265
19 24 75 -0.11513716241686871
19 25 55 -1.0434648133839932
19 25 61 -0.43422289773923467
20 0 2 0.0
20 1 68 0.0
20 2 1 -1.1240804466272443
20 2 25 -1.0496511985345072
20 2 76 -1.123963848396809
20 3 80 -0.6867298911897294
20 3 47 -0.6996059176582458
20 4 82 -0.8022561086527349
20 4 79 -0.5947805344059154
20 5 84 0.0
20 6 12 0.0
20 7 5 -3.1786545963225517
20 7 7 -2.242582173583733
20 7 14 -0.15996408638157444
20 8 9 0.0
20 9 22 0.0
20 10 17 -2.2118301889578236
20 10 21 -1.2300887838775745
20 10 26 -2.4788633624877128
20 10 28 -0.6647641227858131
20 11 11 0.0
20 12 30 0.0
20 13 38 0.0
20 14 33 -2.119949538394012
20 14 42 -0.12787619703259584
20 15 19 -1.2044579674682312
20 15 35 -1.682216480635135
20 15 37 -0.6651737616746002
20 16 48 0.0
20 17 54 -0.008808324717258034
20 17 41 -4.7364589436539735
20 18 53 -1.65337315319694
20 18 60 -0.2124548621957926
20 19 57 -0.2493314099801217
20 19 45 -1.511049092908599
20 21 70 0.0
20 22 59 -0.09727186168418556
20 22 63 -2.3784872425659507
20 23 65 -0.25758458178630467
20 23 51 -1.482436382019395
20 24 73 -2.3675591129075237
20 24 75 -0.09839503203862973
20 25 67 0.0
21 0 0 -1.1275350705357507
21 0 2 -0.39131148404037824
21 1 68 0.0
21 2 25 0.0
21 3 80 -0.6452855822130923
21 3 47 -0.7434151675120304
21 4 82 -1.687196735449492
21 4 77 -0.7703776750319163
21 4 79 -1.0437711530903127
21 5 4 0.0
21 6 85 -1.545203335241127
21 6 6 -0.23986826007494377
21 7 14 0.0
21 8 9 0.0
21 9 20 -0.5654877745053803
21 9 22 -0.8395217989357748
21 10 17 -0.563515373658635
21 10 26 -0.8421219555728321
21 11 11 0.0
21 12 30 0.0
21 13 38 0.0
21 14 33 -2.1199058442162055
21 14 42 -0.12788215760399227
21 15 19 -1.2043780048743578
21 15 35 -1.6735204672263404
21 15 37 -1.1499432311334201
21 15 29 -1.6302465310537857
21 16 50 -0.042021626247647687
21 16 13 -3.190508121056613
21 17 54 -0.16776490374595326
21 17 41 -1.8679016779384894
21 18 53 -0.9600155584739651
21 18 60 -0.4827030122110867
21 19 57 -0.41406048405982787
21 19 45 -1.0816400527233474
21 20 64 -0.2463251875941282
21 20 49 -1.5217384153472273
21 22 59 -0.5287414157291749
21 22 63 -0.8900048648363084
21 23 71 0.0
21 24 73 -2.749371037137461E-4
21 24 75 -8.199105665627119
21 25 67 0.0
22 0 2 0.0
22 1 68 0.0
22 2 1 -0.7191205967231936
22 2 25 -3.66695125355746
22 2 76 -0.7189466543178727
22 3 80 -0.6837177815290834
22 3 47 -0.7026663402170589
22 4 82 -0.11538763769094616
22 4 79 -2.216597173970868
22 5 84 0.0
22 6 12 0.0
22 7 5 -3.219283025065603
22 7 7 -2.786959661142936
22 7 14 -0.10713092044722444
22 8 18 -0.08502771659785024
22 8 9 -2.506990636442941
22 9 22 0.0
22 10 17 -3.198447689641002
22 10 21 -0.9353694542965734
22 10 28 -0.5678658889863666
22 11 11 -1.2579451258764953
22 11 27 -0.33440686969350725
22 12 32 0.0
22 13 40 -0.00443971072441458
22 13 31 -5.419385090888766
22 14 44 0.0
22 15 35 -0.7475819368469515
22 15 37 -0.6415232201128337
22 16 48 -0.24172471396476433
22 16 39 -1.5383846690563898
22 17 52 -0.13368080975524915
22 17 43 -2.0783962464115393
22 18 58 0.0
22 19 57 -7.564267471144989
22 19 62 -5.187917091324038E-4
22 20 66 0.0
22 21 70 0.0
22 23 65 -0.279742885030188
22 23 51 -1.4104972616279525
22 24 73 -2.2208530985119426
22 24 75 -0.11486834332649483
22 25 55 -2.12434844041844
22 25 61 -0.12727762973396448
23 0 2 0.0
23 1 68 0.0
23 2 1 -1.597452449129358
23 2 25 -0.5195654952650595
23 2 76 -1.5954878754853667
23 3 80 -0.6624167780816526
23 3 47 -0.7248519628667383
23 4 82 -2.026293430327324
23 4 79 -0.14135993149735607
23 5 4 -0.17785128705611664
23 5 84 -1.8144155729419864
23 6 12 0.0
23 7 7 -7.356346552593322
23 7 14 -6.38730973415949E-4
23 8 9 0.0
23 9 22 0.0
23 10 17 -2.2166319551642903
23 10 21 -1.2397035121681677
23 10 26 -2.487362551452296
23 10 28 -0.6569589094732603
23 11 11 0.0
23 12 30 0.0
23 13 38 0.0
23 14 33 -2.119934985371086
23 14 42 -0.1278781822603816
23 15 19 -1.2040021822437799
23 15 35 -1.6621574625468187
23 15 37 -0.6727964511932578
23 16 50 0.0
23 17 54 -0.12274105370262897
23 17 41 -2.158421279268712
23 18 53 -1.4476208829520592
23 18 60 -0.26804811643738263
23 19 57 -0.24937340501085853
23 19 45 -1.5109008023126527
23 20 64 -0.24064435564440914
23 20 49 -1.5423455748953558
23 21 70 0.0
23 22 59 -0.31762252495264404
23 22 63 -1.3015029175961434
23 24 73 -8.32347354667123
23 24 75 -2.4278065931785157E-4
23 25 67 0.0
24 0 0 -1.0526596007359685
24 0 2 -0.4292583725808515
24 1 68 0.0
24 2 25 0.0
24 3 80 -0.6508981331689331
24 3 47 -0.7372602527035815
24 4 82 -1.603371407030734
24 4 77 -0.8060292162101802
24 4 79 -1.0436838648389835
24 5 4 0.0
24 6 85 -2.336346386070844
24 6 6 -0.24794034472418477
24 6 12 -2.096276238977516
24 7 14 0.0
24 8 9 0.0
24 9 22 0.0
24 10 17 -1.0989191476322007
24 10 21 -1.7808840013744425
24 10 26 -2.3300812327932516
24 10 28 -0.9138139099724952
24 11 11 0.0
24 12 30 0.0
24 13 38 0.0
24 14 33 -2.1200115471595584
24 14 42 -0.12786773857212166
24 15 19 -1.205381388048486
24 15 35 -1.6786205706050452
24 15 37 -0.6659386439337003
24 16 50 0.0
24 17 54 -0.12369951703690767
24 17 41 -2.151112178259394
24 18 53 -1.069568895991431
24 18 60 -0.42030937353870856
24 19 57 -0.32269301262077654
24 19 45 -1.288065315612446
24 20 64 -0.24056756197417353
24 20 49 -1.5426278841126893
24 21 72 0.0
24 22 59 -0.32829405492095654
24 22 63 -1.2735059094117518
24 23 71 -7.930330210942777
24 23 74 -3.59732323047395E-4
24 25 67 0.0
25 0 2 0.0
25 1 68 0.0
25 2 1 -0.7233427907835637
25 2 25 -3.5208008450996986
25 2 76 -0.7229954440233026
25 3 80 -0.6828968372684584
25 3 47 -0.7035036824906454
25 4 82 -0.10856655637073964
25 4 79 -2.274184085329534
25 5 84 0.0
25 6 12 0.0
25 7 5 -3.3318048303461016
25 7 7 -2.7235935425836955
25 7 14 -0.10688057966708844
25 8 18 -0.09585652160897104
25 8 9 -2.392448209151084
25 9 22 0.0
25 10 17 -3.198291704131085
25 10 21 -0.8762900497174985
25 10 28 -0.6109341977673486
25 11 11 -1.2326475093349472
25 11 27 -0.34463310144475023
25 12 32 -0.2852853275407708
25 12 30 -1.393519256132038
25 13 40 0.0
25 14 42 0.0
25 15 35 -0.7309555622588696
25 15 37 -0.6567163477993553
25 16 48 -0.21255248828897855
25 16 39 -1.6529608297464085
25 17 54 0.0
25 18 53 -4.42941065834288
25 18 60 -0.011993144558853848
25 19 57 -0.08134803824955886
25 19 45 -2.549416865571967
25 20 66 0.0
25 21 70 0.0
25 22 59 -0.04283629321555281
25 22 63 -3.1717112550032995
25 23 65 -0.27716983048170046
25 23 51 -1.4185108530921378
25 24 73 -2.219324130539285
25 24 75 -0.1150546177946193
